Person 0.0 0 0.0 1382.958984 0.000000 1450.166016 149.106445 0.0 0.0 0.0 0.0 0.0 0.0 0.0 0.421552
Person 0.0 0 0.0 131.967773 33.156738 186.782227 178.703613 0.0 0.0 0.0 0.0 0.0 0.0 0.0 0.434941
Person 0.0 0 0.0 1374.550781 0.000000 1451.074219 212.124023 0.0 0.0 0.0 0.0 0.0 0.0 0.0 0.438785
Person 0.0 0 0.0 1253.203125 0.000000 1309.921875 183.779297 0.0 0.0 0.0 0.0 0.0 0.0 0.0 0.572723
Person 0.0 0 0.0 376.992188 0.000000 429.257812 85.264893 0.0 0.0 0.0 0.0 0.0 0.0 0.0 0.607663
Person 0.0 0 0.0 1214.941406 0.000000 1280.683594 273.032227 0.0 0.0 0.0 0.0 0.0 0.0 0.0 0.676620
Person 0.0 0 0.0 336.606445 0.494385 389.487305 101.151123 0.0 0.0 0.0 0.0 0.0 0.0 0.0 0.855851
Person 0.0 0 0.0 1466.074219 349.365234 1667.050781 730.634766 0.0 0.0 0.0 0.0 0.0 0.0 0.0 0.934395
Person 0.0 0 0.0 1272.246094 138.691406 1452.128906 494.648438 0.0 0.0 0.0 0.0 0.0 0.0 0.0 0.946200
Person 0.0 0 0.0 27.128906 92.482910 95.917969 270.856934 0.0 0.0 0.0 0.0 0.0 0.0 0.0 0.954647
Person 0.0 0 0.0 102.744141 50.690918 171.240234 214.694824 0.0 0.0 0.0 0.0 0.0 0.0 0.0 0.964589
