Person 0.0 0 0.0 388.593750 0.000000 440.156250 83.781738 0.0 0.0 0.0 0.0 0.0 0.0 0.0 0.364778
Person 0.0 0 0.0 133.227539 33.222656 185.991211 179.692383 0.0 0.0 0.0 0.0 0.0 0.0 0.0 0.396068
Person 0.0 0 0.0 1420.209961 0.197754 1467.290039 136.384277 0.0 0.0 0.0 0.0 0.0 0.0 0.0 0.455199
Person 0.0 0 0.0 1234.482422 0.000000 1309.892578 184.438477 0.0 0.0 0.0 0.0 0.0 0.0 0.0 0.720172
Person 0.0 0 0.0 1642.880859 0.197754 1711.494141 161.037598 0.0 0.0 0.0 0.0 0.0 0.0 0.0 0.814053
Person 0.0 0 0.0 331.918945 0.032959 391.831055 104.315186 0.0 0.0 0.0 0.0 0.0 0.0 0.0 0.907312
Person 0.0 0 0.0 1356.767578 0.263672 1436.982422 231.767578 0.0 0.0 0.0 0.0 0.0 0.0 0.0 0.908618
Person 0.0 0 0.0 1.289062 720.219727 351.445312 1040.053711 0.0 0.0 0.0 0.0 0.0 0.0 0.0 0.915205
Person 0.0 0 0.0 25.195312 96.174316 98.789062 275.075684 0.0 0.0 0.0 0.0 0.0 0.0 0.0 0.969091
Person 0.0 0 0.0 101.044922 50.361328 169.423828 215.024414 0.0 0.0 0.0 0.0 0.0 0.0 0.0 0.975946
Person 0.0 0 0.0 270.410156 154.907227 397.089844 475.795898 0.0 0.0 0.0 0.0 0.0 0.0 0.0 0.976311
