Person 0.0 0 0.0 1183.828125 232.558594 1251.796875 526.289062 0.0 0.0 0.0 0.0 0.0 0.0 0.0 0.409221
Person 0.0 0 0.0 385.664062 0.000000 439.335938 86.187744 0.0 0.0 0.0 0.0 0.0 0.0 0.0 0.489259
Person 0.0 0 0.0 132.407227 32.958984 187.514648 177.714844 0.0 0.0 0.0 0.0 0.0 0.0 0.0 0.539954
Person 0.0 0 0.0 931.933594 890.749512 1108.066406 1072.023926 0.0 0.0 0.0 0.0 0.0 0.0 0.0 0.596433
Person 0.0 0 0.0 1232.783203 0.000000 1305.966797 211.201172 0.0 0.0 0.0 0.0 0.0 0.0 0.0 0.710628
Person 0.0 0 0.0 0.820312 832.609863 241.992188 1074.265137 0.0 0.0 0.0 0.0 0.0 0.0 0.0 0.757794
Person 0.0 0 0.0 1373.906250 0.000000 1449.843750 242.775879 0.0 0.0 0.0 0.0 0.0 0.0 0.0 0.877896
Person 0.0 0 0.0 334.423828 0.000000 398.701172 104.974365 0.0 0.0 0.0 0.0 0.0 0.0 0.0 0.884039
Person 0.0 0 0.0 29.121094 90.439453 99.082031 268.681641 0.0 0.0 0.0 0.0 0.0 0.0 0.0 0.951142
Person 0.0 0 0.0 106.699219 46.076660 166.816406 212.980957 0.0 0.0 0.0 0.0 0.0 0.0 0.0 0.954816
