Person 0.0 0 0.0 1595.830078 0.395508 1651.669922 135.659180 0.0 0.0 0.0 0.0 0.0 0.0 0.0 0.318273
Person 0.0 0 0.0 407.973633 0.000000 432.495117 74.652100 0.0 0.0 0.0 0.0 0.0 0.0 0.0 0.367497
Person 0.0 0 0.0 365.771484 0.131836 431.103516 100.393066 0.0 0.0 0.0 0.0 0.0 0.0 0.0 0.729520
Person 0.0 0 0.0 1795.854492 3.757324 1852.895508 159.191895 0.0 0.0 0.0 0.0 0.0 0.0 0.0 0.738669
Person 0.0 0 0.0 1522.060547 0.000000 1601.689453 123.068848 0.0 0.0 0.0 0.0 0.0 0.0 0.0 0.800692
Person 0.0 0 0.0 1262.666016 0.000000 1345.458984 216.210938 0.0 0.0 0.0 0.0 0.0 0.0 0.0 0.878731
Person 0.0 0 0.0 273.369141 0.000000 362.724609 153.588867 0.0 0.0 0.0 0.0 0.0 0.0 0.0 0.898767
Person 0.0 0 0.0 1398.486328 2.109375 1489.013672 244.028320 0.0 0.0 0.0 0.0 0.0 0.0 0.0 0.942507
Person 0.0 0 0.0 30.351562 89.252930 104.648438 270.131836 0.0 0.0 0.0 0.0 0.0 0.0 0.0 0.959913
Person 0.0 0 0.0 105.556641 48.845215 173.818359 211.794434 0.0 0.0 0.0 0.0 0.0 0.0 0.0 0.961098
