Person 0.0 0 0.0 110.419922 34.277344 185.126953 177.978516 0.0 0.0 0.0 0.0 0.0 0.0 0.0 0.307774
Person 0.0 0 0.0 134.750977 33.288574 186.811523 177.385254 0.0 0.0 0.0 0.0 0.0 0.0 0.0 0.346873
Person 0.0 0 0.0 1257.084961 0.000000 1315.415039 175.935059 0.0 0.0 0.0 0.0 0.0 0.0 0.0 0.465873
Person 0.0 0 0.0 383.173828 0.000000 429.169922 86.550293 0.0 0.0 0.0 0.0 0.0 0.0 0.0 0.532182
Person 0.0 0 0.0 1204.423828 77.124023 1294.951172 427.280273 0.0 0.0 0.0 0.0 0.0 0.0 0.0 0.803791
Person 0.0 0 0.0 1194.199219 232.558594 1402.675781 628.066406 0.0 0.0 0.0 0.0 0.0 0.0 0.0 0.874077
Person 0.0 0 0.0 330.673828 0.000000 395.419922 104.183350 0.0 0.0 0.0 0.0 0.0 0.0 0.0 0.884838
Person 0.0 0 0.0 1373.613281 0.000000 1450.136719 238.227539 0.0 0.0 0.0 0.0 0.0 0.0 0.0 0.901921
Person 0.0 0 0.0 108.750000 49.240723 166.640625 212.717285 0.0 0.0 0.0 0.0 0.0 0.0 0.0 0.934395
Person 0.0 0 0.0 28.183594 91.164551 95.800781 269.802246 0.0 0.0 0.0 0.0 0.0 0.0 0.0 0.945601
