Person 0.0 0 0.0 1231.933594 155.302734 1351.816406 493.330078 0.0 0.0 0.0 0.0 0.0 0.0 0.0 0.371137
Person 0.0 0 0.0 1234.482422 155.698242 1351.142578 431.762695 0.0 0.0 0.0 0.0 0.0 0.0 0.0 0.391406
Person 0.0 0 0.0 133.227539 33.288574 186.694336 177.780762 0.0 0.0 0.0 0.0 0.0 0.0 0.0 0.471710
Person 0.0 0 0.0 385.151367 0.000000 428.598633 89.747314 0.0 0.0 0.0 0.0 0.0 0.0 0.0 0.519521
Person 0.0 0 0.0 1231.757812 0.000000 1297.617188 191.557617 0.0 0.0 0.0 0.0 0.0 0.0 0.0 0.833325
Person 0.0 0 0.0 328.007812 0.000000 393.867188 103.853760 0.0 0.0 0.0 0.0 0.0 0.0 0.0 0.903635
Person 0.0 0 0.0 1373.173828 0.000000 1448.701172 238.359375 0.0 0.0 0.0 0.0 0.0 0.0 0.0 0.925500
Person 0.0 0 0.0 1193.847656 228.339844 1348.652344 628.066406 0.0 0.0 0.0 0.0 0.0 0.0 0.0 0.925769
Person 0.0 0 0.0 107.783203 50.361328 166.669922 211.596680 0.0 0.0 0.0 0.0 0.0 0.0 0.0 0.939025
Person 0.0 0 0.0 27.451172 92.153320 97.001953 268.813477 0.0 0.0 0.0 0.0 0.0 0.0 0.0 0.946597
Person 0.0 0 0.0 357.832031 239.018555 522.949219 631.098633 0.0 0.0 0.0 0.0 0.0 0.0 0.0 0.968381
