Person 0.0 0 0.0 1628.071289 0.000000 1671.928711 62.407837 0.0 0.0 0.0 0.0 0.0 0.0 0.0 0.306942
Person 0.0 0 0.0 1184.296875 124.453125 1262.578125 499.921875 0.0 0.0 0.0 0.0 0.0 0.0 0.0 0.366590
Person 0.0 0 0.0 389.121094 0.000000 439.628906 85.100098 0.0 0.0 0.0 0.0 0.0 0.0 0.0 0.553505
Person 0.0 0 0.0 1794.653320 0.659180 1852.221680 160.839844 0.0 0.0 0.0 0.0 0.0 0.0 0.0 0.683419
Person 0.0 0 0.0 358.403320 0.263672 415.971680 101.975098 0.0 0.0 0.0 0.0 0.0 0.0 0.0 0.720958
Person 0.0 0 0.0 1262.958984 0.000000 1343.291016 213.640137 0.0 0.0 0.0 0.0 0.0 0.0 0.0 0.828384
Person 0.0 0 0.0 1415.566406 75.278320 1530.058594 315.219727 0.0 0.0 0.0 0.0 0.0 0.0 0.0 0.949295
Person 0.0 0 0.0 112.763672 44.890137 166.142578 209.948730 0.0 0.0 0.0 0.0 0.0 0.0 0.0 0.951504
Person 0.0 0 0.0 31.083984 89.516602 105.205078 274.614258 0.0 0.0 0.0 0.0 0.0 0.0 0.0 0.952574
Person 0.0 0 0.0 1383.632812 3.295898 1471.992188 242.841797 0.0 0.0 0.0 0.0 0.0 0.0 0.0 0.960361
