Person 0.0 0 0.0 1618.374023 0.000000 1666.625977 75.245361 0.0 0.0 0.0 0.0 0.0 0.0 0.0 0.322953
Person 0.0 0 0.0 132.978516 33.420410 186.240234 178.439941 0.0 0.0 0.0 0.0 0.0 0.0 0.0 0.361165
Person 0.0 0 0.0 385.664062 0.000000 429.960938 80.881348 0.0 0.0 0.0 0.0 0.0 0.0 0.0 0.656658
Person 0.0 0 0.0 330.952148 0.329590 384.829102 101.315918 0.0 0.0 0.0 0.0 0.0 0.0 0.0 0.877896
Person 0.0 0 0.0 1373.906250 0.000000 1451.718750 234.733887 0.0 0.0 0.0 0.0 0.0 0.0 0.0 0.916409
Person 0.0 0 0.0 1442.753906 190.898438 1568.496094 550.019531 0.0 0.0 0.0 0.0 0.0 0.0 0.0 0.924142
Person 0.0 0 0.0 1220.917969 15.029297 1323.457031 299.003906 0.0 0.0 0.0 0.0 0.0 0.0 0.0 0.941654
Person 0.0 0 0.0 339.082031 204.213867 505.136719 536.176758 0.0 0.0 0.0 0.0 0.0 0.0 0.0 0.945399
Person 0.0 0 0.0 1333.300781 219.902344 1469.824219 652.324219 0.0 0.0 0.0 0.0 0.0 0.0 0.0 0.953101
Person 0.0 0 0.0 26.367188 92.812500 95.273438 269.208984 0.0 0.0 0.0 0.0 0.0 0.0 0.0 0.965641
Person 0.0 0 0.0 103.857422 52.272949 170.595703 214.167480 0.0 0.0 0.0 0.0 0.0 0.0 0.0 0.968141
