Person 0.0 0 0.0 409.819336 0.000000 432.524414 74.091797 0.0 0.0 0.0 0.0 0.0 0.0 0.0 0.346873
Person 0.0 0 0.0 132.788086 33.684082 185.961914 178.967285 0.0 0.0 0.0 0.0 0.0 0.0 0.0 0.353094
Person 0.0 0 0.0 382.631836 0.000000 429.243164 83.551025 0.0 0.0 0.0 0.0 0.0 0.0 0.0 0.654011
Person 0.0 0 0.0 423.691406 159.521484 538.183594 462.216797 0.0 0.0 0.0 0.0 0.0 0.0 0.0 0.673192
Person 0.0 0 0.0 336.958008 0.230713 386.323242 101.612549 0.0 0.0 0.0 0.0 0.0 0.0 0.0 0.870157
Person 0.0 0 0.0 1280.039062 211.992188 1449.960938 613.828125 0.0 0.0 0.0 0.0 0.0 0.0 0.0 0.916409
Person 0.0 0 0.0 1373.613281 0.000000 1450.136719 226.494141 0.0 0.0 0.0 0.0 0.0 0.0 0.0 0.934395
Person 0.0 0 0.0 1220.361328 7.119141 1312.763672 298.476562 0.0 0.0 0.0 0.0 0.0 0.0 0.0 0.947575
Person 0.0 0 0.0 1501.757812 244.951172 1683.867188 579.814453 0.0 0.0 0.0 0.0 0.0 0.0 0.0 0.948537
Person 0.0 0 0.0 26.396484 93.273926 96.884766 272.438965 0.0 0.0 0.0 0.0 0.0 0.0 0.0 0.963092
Person 0.0 0 0.0 104.150391 54.118652 170.771484 214.694824 0.0 0.0 0.0 0.0 0.0 0.0 0.0 0.971564
