Person 0.0 0 0.0 1239.609375 2.241211 1308.515625 196.567383 0.0 0.0 0.0 0.0 0.0 0.0 0.0 0.334589
Person 0.0 0 0.0 133.359375 32.629395 187.031250 178.439941 0.0 0.0 0.0 0.0 0.0 0.0 0.0 0.344664
Person 0.0 0 0.0 1224.316406 1.582031 1308.808594 269.208984 0.0 0.0 0.0 0.0 0.0 0.0 0.0 0.461017
Person 0.0 0 0.0 384.580078 0.000000 429.638672 83.946533 0.0 0.0 0.0 0.0 0.0 0.0 0.0 0.688468
Person 0.0 0 0.0 340.415039 0.626221 393.178711 100.887451 0.0 0.0 0.0 0.0 0.0 0.0 0.0 0.896251
Person 0.0 0 0.0 1372.177734 0.000000 1449.697266 238.095703 0.0 0.0 0.0 0.0 0.0 0.0 0.0 0.928668
Person 0.0 0 0.0 1233.339844 124.848633 1365.410156 507.963867 0.0 0.0 0.0 0.0 0.0 0.0 0.0 0.942929
Person 0.0 0 0.0 102.802734 48.581543 171.181641 214.299316 0.0 0.0 0.0 0.0 0.0 0.0 0.0 0.961098
Person 0.0 0 0.0 27.041016 93.076172 96.708984 270.527344 0.0 0.0 0.0 0.0 0.0 0.0 0.0 0.961678
Person 0.0 0 0.0 1484.296875 357.539062 1735.078125 702.421875 0.0 0.0 0.0 0.0 0.0 0.0 0.0 0.963506
