Person 0.0 0 0.0 1645.122070 0.000000 1679.252930 72.707520 0.0 0.0 0.0 0.0 0.0 0.0 0.0 0.332852
Person 0.0 0 0.0 133.022461 33.288574 186.899414 177.780762 0.0 0.0 0.0 0.0 0.0 0.0 0.0 0.347316
Person 0.0 0 0.0 382.075195 0.000000 439.643555 88.033447 0.0 0.0 0.0 0.0 0.0 0.0 0.0 0.619701
Person 0.0 0 0.0 1795.312500 8.041992 1853.437500 161.762695 0.0 0.0 0.0 0.0 0.0 0.0 0.0 0.720958
Person 0.0 0 0.0 1253.964844 0.000000 1324.160156 204.609375 0.0 0.0 0.0 0.0 0.0 0.0 0.0 0.789883
Person 0.0 0 0.0 1385.039062 2.504883 1472.460938 236.118164 0.0 0.0 0.0 0.0 0.0 0.0 0.0 0.865224
Person 0.0 0 0.0 341.469727 0.000000 399.155273 106.226807 0.0 0.0 0.0 0.0 0.0 0.0 0.0 0.891055
Person 0.0 0 0.0 1404.667969 70.729980 1499.707031 314.494629 0.0 0.0 0.0 0.0 0.0 0.0 0.0 0.918187
Person 0.0 0 0.0 71.718750 566.762695 336.562500 991.010742 0.0 0.0 0.0 0.0 0.0 0.0 0.0 0.941868
Person 0.0 0 0.0 113.613281 45.944824 175.136719 207.575684 0.0 0.0 0.0 0.0 0.0 0.0 0.0 0.960361
Person 0.0 0 0.0 32.402344 88.923340 103.535156 267.561035 0.0 0.0 0.0 0.0 0.0 0.0 0.0 0.961822
