Person 0.0 0 0.0 1633.579102 0.032959 1688.920898 78.211670 0.0 0.0 0.0 0.0 0.0 0.0 0.0 0.357568
Person 0.0 0 0.0 133.754883 33.090820 187.338867 177.583008 0.0 0.0 0.0 0.0 0.0 0.0 0.0 0.371137
Person 0.0 0 0.0 387.539062 0.000000 437.460938 84.605713 0.0 0.0 0.0 0.0 0.0 0.0 0.0 0.561215
Person 0.0 0 0.0 1254.199219 0.000000 1335.175781 207.971191 0.0 0.0 0.0 0.0 0.0 0.0 0.0 0.765593
Person 0.0 0 0.0 332.929688 0.000000 395.976562 103.656006 0.0 0.0 0.0 0.0 0.0 0.0 0.0 0.881207
Person 0.0 0 0.0 1374.843750 0.000000 1450.781250 237.897949 0.0 0.0 0.0 0.0 0.0 0.0 0.0 0.893681
Person 0.0 0 0.0 1180.195312 200.786133 1315.429688 602.358398 0.0 0.0 0.0 0.0 0.0 0.0 0.0 0.904313
Person 0.0 0 0.0 28.271484 91.560059 95.244141 270.461426 0.0 0.0 0.0 0.0 0.0 0.0 0.0 0.932944
Person 0.0 0 0.0 101.279297 44.626465 166.142578 211.530762 0.0 0.0 0.0 0.0 0.0 0.0 0.0 0.963916
Person 0.0 0 0.0 36.914062 782.578125 367.148438 1073.671875 0.0 0.0 0.0 0.0 0.0 0.0 0.0 0.968856
