Person 0.0 0 0.0 123.691406 33.486328 186.621094 177.978516 0.0 0.0 0.0 0.0 0.0 0.0 0.0 0.316158
Person 0.0 0 0.0 1642.558594 0.000000 1681.816406 68.620605 0.0 0.0 0.0 0.0 0.0 0.0 0.0 0.346873
Person 0.0 0 0.0 389.267578 0.000000 439.482422 85.100098 0.0 0.0 0.0 0.0 0.0 0.0 0.0 0.563138
Person 0.0 0 0.0 358.623047 0.197754 415.751953 102.634277 0.0 0.0 0.0 0.0 0.0 0.0 0.0 0.713831
Person 0.0 0 0.0 1794.492188 6.394043 1856.132812 161.037598 0.0 0.0 0.0 0.0 0.0 0.0 0.0 0.716219
Person 0.0 0 0.0 1253.173828 0.131836 1328.701172 205.136719 0.0 0.0 0.0 0.0 0.0 0.0 0.0 0.717804
Person 0.0 0 0.0 1384.716797 1.647949 1472.783203 228.010254 0.0 0.0 0.0 0.0 0.0 0.0 0.0 0.746878
Person 0.0 0 0.0 1403.496094 71.191406 1495.253906 314.296875 0.0 0.0 0.0 0.0 0.0 0.0 0.0 0.907967
Person 0.0 0 0.0 16.992188 495.703125 268.007812 879.609375 0.0 0.0 0.0 0.0 0.0 0.0 0.0 0.919931
Person 0.0 0 0.0 31.728516 89.187012 104.208984 273.361816 0.0 0.0 0.0 0.0 0.0 0.0 0.0 0.961098
Person 0.0 0 0.0 115.400391 45.153809 174.755859 204.411621 0.0 0.0 0.0 0.0 0.0 0.0 0.0 0.964855
