Person 0.0 0 0.0 1634.458008 0.329590 1680.541992 81.210938 0.0 0.0 0.0 0.0 0.0 0.0 0.0 0.304869
Person 0.0 0 0.0 123.750000 33.090820 185.859375 177.978516 0.0 0.0 0.0 0.0 0.0 0.0 0.0 0.504883
Person 0.0 0 0.0 382.133789 0.000000 429.741211 86.517334 0.0 0.0 0.0 0.0 0.0 0.0 0.0 0.535098
Person 0.0 0 0.0 0.468750 857.658691 217.851562 1073.474121 0.0 0.0 0.0 0.0 0.0 0.0 0.0 0.538983
Person 0.0 0 0.0 1250.800781 0.000000 1329.199219 169.804688 0.0 0.0 0.0 0.0 0.0 0.0 0.0 0.821044
Person 0.0 0 0.0 1186.113281 167.563477 1318.886719 530.639648 0.0 0.0 0.0 0.0 0.0 0.0 0.0 0.833866
Person 0.0 0 0.0 1389.082031 0.263672 1451.542969 225.043945 0.0 0.0 0.0 0.0 0.0 0.0 0.0 0.876634
Person 0.0 0 0.0 102.832031 46.867676 166.230469 212.585449 0.0 0.0 0.0 0.0 0.0 0.0 0.0 0.877056
Person 0.0 0 0.0 335.039062 0.230713 396.210938 103.194580 0.0 0.0 0.0 0.0 0.0 0.0 0.0 0.886027
Person 0.0 0 0.0 1299.375000 92.944336 1408.125000 424.116211 0.0 0.0 0.0 0.0 0.0 0.0 0.0 0.937897
Person 0.0 0 0.0 26.718750 92.416992 97.031250 270.922852 0.0 0.0 0.0 0.0 0.0 0.0 0.0 0.946990
