Person 0.0 0 0.0 1644.653320 0.000000 1679.721680 72.213135 0.0 0.0 0.0 0.0 0.0 0.0 0.0 0.310694
Person 0.0 0 0.0 387.319336 0.065918 439.086914 87.143555 0.0 0.0 0.0 0.0 0.0 0.0 0.0 0.507812
Person 0.0 0 0.0 1795.019531 6.855469 1857.480469 161.499023 0.0 0.0 0.0 0.0 0.0 0.0 0.0 0.725649
Person 0.0 0 0.0 349.174805 0.000000 403.168945 103.095703 0.0 0.0 0.0 0.0 0.0 0.0 0.0 0.749087
Person 0.0 0 0.0 1254.140625 0.131836 1327.734375 205.400391 0.0 0.0 0.0 0.0 0.0 0.0 0.0 0.768386
Person 0.0 0 0.0 1383.896484 1.779785 1469.853516 229.460449 0.0 0.0 0.0 0.0 0.0 0.0 0.0 0.803174
Person 0.0 0 0.0 1397.607422 69.279785 1495.517578 315.153809 0.0 0.0 0.0 0.0 0.0 0.0 0.0 0.913368
Person 0.0 0 0.0 31.992188 89.318848 104.765625 271.120605 0.0 0.0 0.0 0.0 0.0 0.0 0.0 0.964052
Person 0.0 0 0.0 101.484375 470.390625 344.531250 891.210938 0.0 0.0 0.0 0.0 0.0 0.0 0.0 0.964987
Person 0.0 0 0.0 116.381836 40.407715 174.946289 206.257324 0.0 0.0 0.0 0.0 0.0 0.0 0.0 0.969091
