Person 0.0 0 0.0 1231.025391 156.093750 1348.974609 491.484375 0.0 0.0 0.0 0.0 0.0 0.0 0.0 0.344664
Person 0.0 0 0.0 132.568359 33.090820 186.650391 177.583008 0.0 0.0 0.0 0.0 0.0 0.0 0.0 0.472683
Person 0.0 0 0.0 1234.804688 156.423340 1350.820312 423.127441 0.0 0.0 0.0 0.0 0.0 0.0 0.0 0.480479
Person 0.0 0 0.0 384.287109 0.000000 428.056641 89.747314 0.0 0.0 0.0 0.0 0.0 0.0 0.0 0.542863
Person 0.0 0 0.0 1232.988281 0.065918 1296.386719 191.491699 0.0 0.0 0.0 0.0 0.0 0.0 0.0 0.871475
Person 0.0 0 0.0 328.710938 0.000000 394.570312 103.853760 0.0 0.0 0.0 0.0 0.0 0.0 0.0 0.895157
Person 0.0 0 0.0 1192.617188 228.735352 1348.007812 628.198242 0.0 0.0 0.0 0.0 0.0 0.0 0.0 0.912436
Person 0.0 0 0.0 1373.173828 0.000000 1448.701172 238.359375 0.0 0.0 0.0 0.0 0.0 0.0 0.0 0.922482
Person 0.0 0 0.0 108.295898 51.218262 166.625977 211.794434 0.0 0.0 0.0 0.0 0.0 0.0 0.0 0.936749
Person 0.0 0 0.0 27.304688 92.087402 97.382812 268.879395 0.0 0.0 0.0 0.0 0.0 0.0 0.0 0.946001
Person 0.0 0 0.0 352.148438 243.764648 514.101562 631.625977 0.0 0.0 0.0 0.0 0.0 0.0 0.0 0.962813
