Person 0.0 0 0.0 129.711914 33.090820 187.163086 177.583008 0.0 0.0 0.0 0.0 0.0 0.0 0.0 0.356671
Person 0.0 0 0.0 393.164062 0.000000 439.335938 85.100098 0.0 0.0 0.0 0.0 0.0 0.0 0.0 0.589835
Person 0.0 0 0.0 0.644531 698.598633 158.847656 975.190430 0.0 0.0 0.0 0.0 0.0 0.0 0.0 0.652241
Person 0.0 0 0.0 358.505859 0.197754 415.869141 102.832031 0.0 0.0 0.0 0.0 0.0 0.0 0.0 0.719384
Person 0.0 0 0.0 1252.792969 0.065918 1321.582031 205.202637 0.0 0.0 0.0 0.0 0.0 0.0 0.0 0.735642
Person 0.0 0 0.0 1794.462891 6.130371 1850.537109 160.642090 0.0 0.0 0.0 0.0 0.0 0.0 0.0 0.749087
Person 0.0 0 0.0 1384.892578 1.582031 1472.607422 228.471680 0.0 0.0 0.0 0.0 0.0 0.0 0.0 0.768386
Person 0.0 0 0.0 1403.496094 69.873047 1495.253906 314.824219 0.0 0.0 0.0 0.0 0.0 0.0 0.0 0.929184
Person 0.0 0 0.0 31.582031 89.318848 105.410156 274.020996 0.0 0.0 0.0 0.0 0.0 0.0 0.0 0.967410
Person 0.0 0 0.0 115.927734 46.340332 174.931641 203.752441 0.0 0.0 0.0 0.0 0.0 0.0 0.0 0.971129
