Person 0.0 0 0.0 1633.916016 0.065918 1681.083984 75.739746 0.0 0.0 0.0 0.0 0.0 0.0 0.0 0.310694
Person 0.0 0 0.0 134.648438 32.958984 186.914062 178.110352 0.0 0.0 0.0 0.0 0.0 0.0 0.0 0.370225
Person 0.0 0 0.0 387.949219 0.000000 438.457031 84.869385 0.0 0.0 0.0 0.0 0.0 0.0 0.0 0.633410
Person 0.0 0 0.0 1258.710938 0.000000 1330.664062 187.734375 0.0 0.0 0.0 0.0 0.0 0.0 0.0 0.691810
Person 0.0 0 0.0 1374.609375 0.000000 1451.015625 237.700195 0.0 0.0 0.0 0.0 0.0 0.0 0.0 0.881207
Person 0.0 0 0.0 1179.726562 186.679688 1315.898438 598.007812 0.0 0.0 0.0 0.0 0.0 0.0 0.0 0.894789
Person 0.0 0 0.0 333.339844 0.000000 396.035156 103.656006 0.0 0.0 0.0 0.0 0.0 0.0 0.0 0.907640
Person 0.0 0 0.0 28.505859 91.428223 95.244141 269.802246 0.0 0.0 0.0 0.0 0.0 0.0 0.0 0.938576
Person 0.0 0 0.0 94.101562 813.559570 384.960938 1073.276367 0.0 0.0 0.0 0.0 0.0 0.0 0.0 0.969091
Person 0.0 0 0.0 101.455078 44.494629 166.669922 211.267090 0.0 0.0 0.0 0.0 0.0 0.0 0.0 0.969556
