Person 0.0 0 0.0 1645.283203 0.000000 1680.966797 71.224365 0.0 0.0 0.0 0.0 0.0 0.0 0.0 0.323808
Person 0.0 0 0.0 390.073242 0.000000 439.614258 85.198975 0.0 0.0 0.0 0.0 0.0 0.0 0.0 0.528290
Person 0.0 0 0.0 359.077148 0.131836 414.829102 102.897949 0.0 0.0 0.0 0.0 0.0 0.0 0.0 0.635222
Person 0.0 0 0.0 1795.195312 6.921387 1857.304688 161.433105 0.0 0.0 0.0 0.0 0.0 0.0 0.0 0.665411
Person 0.0 0 0.0 1253.027344 0.131836 1330.722656 205.136719 0.0 0.0 0.0 0.0 0.0 0.0 0.0 0.718594
Person 0.0 0 0.0 1383.955078 2.768555 1471.669922 226.889648 0.0 0.0 0.0 0.0 0.0 0.0 0.0 0.748352
Person 0.0 0 0.0 1400.683594 69.345703 1494.316406 315.351562 0.0 0.0 0.0 0.0 0.0 0.0 0.0 0.920218
Person 0.0 0 0.0 42.890625 474.082031 294.609375 874.863281 0.0 0.0 0.0 0.0 0.0 0.0 0.0 0.946990
Person 0.0 0 0.0 32.197266 89.121094 104.560547 269.736328 0.0 0.0 0.0 0.0 0.0 0.0 0.0 0.961244
Person 0.0 0 0.0 116.162109 45.615234 175.166016 204.477539 0.0 0.0 0.0 0.0 0.0 0.0 0.0 0.964722
