Person 0.0 0 0.0 133.022461 32.893066 186.196289 178.571777 0.0 0.0 0.0 0.0 0.0 0.0 0.0 0.383988
Person 0.0 0 0.0 1251.005859 0.000000 1310.244141 194.589844 0.0 0.0 0.0 0.0 0.0 0.0 0.0 0.503906
Person 0.0 0 0.0 374.736328 0.000000 429.638672 84.342041 0.0 0.0 0.0 0.0 0.0 0.0 0.0 0.554470
Person 0.0 0 0.0 1213.769531 0.000000 1279.980469 273.427734 0.0 0.0 0.0 0.0 0.0 0.0 0.0 0.625209
Person 0.0 0 0.0 337.968750 0.494385 390.937500 100.228271 0.0 0.0 0.0 0.0 0.0 0.0 0.0 0.817575
Person 0.0 0 0.0 1373.173828 0.000000 1448.701172 213.706055 0.0 0.0 0.0 0.0 0.0 0.0 0.0 0.838680
Person 0.0 0 0.0 1437.246094 349.497070 1660.253906 731.557617 0.0 0.0 0.0 0.0 0.0 0.0 0.0 0.919353
Person 0.0 0 0.0 1309.804688 138.164062 1465.195312 494.648438 0.0 0.0 0.0 0.0 0.0 0.0 0.0 0.926570
Person 0.0 0 0.0 26.835938 92.548828 94.570312 268.681641 0.0 0.0 0.0 0.0 0.0 0.0 0.0 0.953622
Person 0.0 0 0.0 102.861328 50.229492 171.123047 214.233398 0.0 0.0 0.0 0.0 0.0 0.0 0.0 0.968620
