Person 0.0 0 0.0 134.165039 32.893066 186.225586 179.362793 0.0 0.0 0.0 0.0 0.0 0.0 0.0 0.320396
Person 0.0 0 0.0 387.436523 0.000000 435.688477 84.935303 0.0 0.0 0.0 0.0 0.0 0.0 0.0 0.368406
Person 0.0 0 0.0 330.395508 0.000000 380.229492 86.286621 0.0 0.0 0.0 0.0 0.0 0.0 0.0 0.722527
Person 0.0 0 0.0 1314.082031 0.000000 1408.417969 128.902588 0.0 0.0 0.0 0.0 0.0 0.0 0.0 0.737158
Person 0.0 0 0.0 1233.984375 0.065918 1310.390625 184.768066 0.0 0.0 0.0 0.0 0.0 0.0 0.0 0.752013
Person 0.0 0 0.0 1357.617188 1.647949 1445.507812 231.701660 0.0 0.0 0.0 0.0 0.0 0.0 0.0 0.819316
Person 0.0 0 0.0 1660.195312 11.535645 1737.304688 227.087402 0.0 0.0 0.0 0.0 0.0 0.0 0.0 0.936052
Person 0.0 0 0.0 22.529297 96.899414 97.939453 271.450195 0.0 0.0 0.0 0.0 0.0 0.0 0.0 0.962108
Person 0.0 0 0.0 332.548828 59.326172 447.919922 315.087891 0.0 0.0 0.0 0.0 0.0 0.0 0.0 0.973443
Person 0.0 0 0.0 98.759766 50.097656 170.302734 215.288086 0.0 0.0 0.0 0.0 0.0 0.0 0.0 0.977883
