Person 0.0 0 0.0 132.773438 33.024902 186.445312 178.439941 0.0 0.0 0.0 0.0 0.0 0.0 0.0 0.371137
Person 0.0 0 0.0 378.017578 0.000000 428.232422 86.385498 0.0 0.0 0.0 0.0 0.0 0.0 0.0 0.461988
Person 0.0 0 0.0 1196.718750 111.137695 1282.031250 464.194336 0.0 0.0 0.0 0.0 0.0 0.0 0.0 0.842345
Person 0.0 0 0.0 1240.839844 17.402344 1327.910156 205.927734 0.0 0.0 0.0 0.0 0.0 0.0 0.0 0.858719
Person 0.0 0 0.0 337.104492 0.428467 394.145508 101.217041 0.0 0.0 0.0 0.0 0.0 0.0 0.0 0.901227
Person 0.0 0 0.0 1374.316406 0.000000 1451.308594 237.897949 0.0 0.0 0.0 0.0 0.0 0.0 0.0 0.911180
Person 0.0 0 0.0 1336.992188 251.806641 1524.257812 654.169922 0.0 0.0 0.0 0.0 0.0 0.0 0.0 0.934155
Person 0.0 0 0.0 26.308594 93.603516 95.332031 268.945312 0.0 0.0 0.0 0.0 0.0 0.0 0.0 0.968856
Person 0.0 0 0.0 242.812500 294.785156 454.218750 631.230469 0.0 0.0 0.0 0.0 0.0 0.0 0.0 0.969556
Person 0.0 0 0.0 99.228516 50.361328 170.771484 215.024414 0.0 0.0 0.0 0.0 0.0 0.0 0.0 0.975012
