Person 0.0 0 0.0 134.165039 33.090820 186.225586 179.560547 0.0 0.0 0.0 0.0 0.0 0.0 0.0 0.320396
Person 0.0 0 0.0 386.923828 0.000000 436.201172 85.001221 0.0 0.0 0.0 0.0 0.0 0.0 0.0 0.347759
Person 0.0 0 0.0 1318.535156 0.000000 1409.589844 129.034424 0.0 0.0 0.0 0.0 0.0 0.0 0.0 0.724870
Person 0.0 0 0.0 331.127930 0.000000 382.309570 90.999756 0.0 0.0 0.0 0.0 0.0 0.0 0.0 0.766294
Person 0.0 0 0.0 1233.281250 0.197754 1309.218750 184.899902 0.0 0.0 0.0 0.0 0.0 0.0 0.0 0.777975
Person 0.0 0 0.0 1357.265625 0.725098 1442.109375 231.701660 0.0 0.0 0.0 0.0 0.0 0.0 0.0 0.860134
Person 0.0 0 0.0 1661.132812 11.271973 1738.242188 217.199707 0.0 0.0 0.0 0.0 0.0 0.0 0.0 0.939025
Person 0.0 0 0.0 22.617188 96.833496 98.320312 271.516113 0.0 0.0 0.0 0.0 0.0 0.0 0.0 0.963231
Person 0.0 0 0.0 332.753906 60.710449 445.839844 318.449707 0.0 0.0 0.0 0.0 0.0 0.0 0.0 0.968856
Person 0.0 0 0.0 98.906250 49.702148 170.156250 214.892578 0.0 0.0 0.0 0.0 0.0 0.0 0.0 0.977543
