Person 0.0 0 0.0 133.754883 32.695312 186.635742 178.374023 0.0 0.0 0.0 0.0 0.0 0.0 0.0 0.402627
Person 0.0 0 0.0 381.342773 0.000000 430.532227 84.539795 0.0 0.0 0.0 0.0 0.0 0.0 0.0 0.424412
Person 0.0 0 0.0 1261.933594 0.000000 1323.691406 193.337402 0.0 0.0 0.0 0.0 0.0 0.0 0.0 0.675765
Person 0.0 0 0.0 1210.048828 25.180664 1281.826172 350.024414 0.0 0.0 0.0 0.0 0.0 0.0 0.0 0.799442
Person 0.0 0 0.0 334.628906 0.197754 396.621094 102.238770 0.0 0.0 0.0 0.0 0.0 0.0 0.0 0.818156
Person 0.0 0 0.0 1373.671875 0.000000 1450.078125 238.095703 0.0 0.0 0.0 0.0 0.0 0.0 0.0 0.928926
Person 0.0 0 0.0 1336.992188 239.150391 1522.382812 653.115234 0.0 0.0 0.0 0.0 0.0 0.0 0.0 0.947186
Person 0.0 0 0.0 25.576172 93.801270 95.361328 269.538574 0.0 0.0 0.0 0.0 0.0 0.0 0.0 0.964187
Person 0.0 0 0.0 96.357422 49.570312 171.064453 215.024414 0.0 0.0 0.0 0.0 0.0 0.0 0.0 0.975762
Person 0.0 0 0.0 174.316406 390.761719 407.402344 767.285156 0.0 0.0 0.0 0.0 0.0 0.0 0.0 0.977543
