Person 0.0 0 0.0 1644.682617 0.000000 1679.692383 72.015381 0.0 0.0 0.0 0.0 0.0 0.0 0.0 0.300746
Person 0.0 0 0.0 389.414062 0.000000 439.335938 85.034180 0.0 0.0 0.0 0.0 0.0 0.0 0.0 0.466846
Person 0.0 0 0.0 1795.195312 6.459961 1859.179688 161.630859 0.0 0.0 0.0 0.0 0.0 0.0 0.0 0.711431
Person 0.0 0 0.0 1254.257812 0.000000 1329.492188 205.268555 0.0 0.0 0.0 0.0 0.0 0.0 0.0 0.740174
Person 0.0 0 0.0 350.625000 0.000000 410.625000 103.919678 0.0 0.0 0.0 0.0 0.0 0.0 0.0 0.740925
Person 0.0 0 0.0 1383.662109 1.779785 1470.087891 230.251465 0.0 0.0 0.0 0.0 0.0 0.0 0.0 0.796925
Person 0.0 0 0.0 1397.988281 69.477539 1495.136719 314.956055 0.0 0.0 0.0 0.0 0.0 0.0 0.0 0.904987
Person 0.0 0 0.0 115.546875 445.078125 344.062500 872.226562 0.0 0.0 0.0 0.0 0.0 0.0 0.0 0.947575
Person 0.0 0 0.0 116.674805 38.562012 175.122070 205.993652 0.0 0.0 0.0 0.0 0.0 0.0 0.0 0.960657
Person 0.0 0 0.0 32.226562 89.252930 104.296875 271.713867 0.0 0.0 0.0 0.0 0.0 0.0 0.0 0.963231
