Person 0.0 0 0.0 133.857422 32.761230 186.533203 177.912598 0.0 0.0 0.0 0.0 0.0 0.0 0.0 0.345547
Person 0.0 0 0.0 384.902344 0.000000 430.722656 86.616211 0.0 0.0 0.0 0.0 0.0 0.0 0.0 0.505859
Person 0.0 0 0.0 1255.092773 1.977539 1313.657227 121.091309 0.0 0.0 0.0 0.0 0.0 0.0 0.0 0.536070
Person 0.0 0 0.0 1210.371094 55.634766 1330.253906 398.144531 0.0 0.0 0.0 0.0 0.0 0.0 0.0 0.902952
Person 0.0 0 0.0 1373.818359 0.000000 1451.806641 238.359375 0.0 0.0 0.0 0.0 0.0 0.0 0.0 0.912436
Person 0.0 0 0.0 337.514648 0.000000 396.079102 103.754883 0.0 0.0 0.0 0.0 0.0 0.0 0.0 0.916110
Person 0.0 0 0.0 1336.523438 211.992188 1498.476562 650.742188 0.0 0.0 0.0 0.0 0.0 0.0 0.0 0.943556
Person 0.0 0 0.0 23.906250 94.724121 96.093750 270.197754 0.0 0.0 0.0 0.0 0.0 0.0 0.0 0.958693
Person 0.0 0 0.0 136.992188 463.930664 406.289062 841.772461 0.0 0.0 0.0 0.0 0.0 0.0 0.0 0.968381
Person 0.0 0 0.0 97.587891 49.174805 171.005859 213.837891 0.0 0.0 0.0 0.0 0.0 0.0 0.0 0.974043
