Person 0.0 0 0.0 113.291016 34.541016 186.474609 178.110352 0.0 0.0 0.0 0.0 0.0 0.0 0.0 0.335024
Person 0.0 0 0.0 133.256836 33.090820 187.133789 177.583008 0.0 0.0 0.0 0.0 0.0 0.0 0.0 0.340266
Person 0.0 0 0.0 385.869141 0.000000 439.130859 87.077637 0.0 0.0 0.0 0.0 0.0 0.0 0.0 0.526343
Person 0.0 0 0.0 1774.980469 0.329590 1843.769531 160.642090 0.0 0.0 0.0 0.0 0.0 0.0 0.0 0.667148
Person 0.0 0 0.0 1261.816406 0.000000 1340.683594 204.675293 0.0 0.0 0.0 0.0 0.0 0.0 0.0 0.720172
Person 0.0 0 0.0 340.063477 0.000000 394.467773 105.732422 0.0 0.0 0.0 0.0 0.0 0.0 0.0 0.812867
Person 0.0 0 0.0 1457.431641 67.236328 1551.943359 325.898438 0.0 0.0 0.0 0.0 0.0 0.0 0.0 0.887205
Person 0.0 0 0.0 1385.273438 7.119141 1475.976562 242.446289 0.0 0.0 0.0 0.0 0.0 0.0 0.0 0.913677
Person 0.0 0 0.0 7.031250 628.593750 328.593750 1014.609375 0.0 0.0 0.0 0.0 0.0 0.0 0.0 0.942507
Person 0.0 0 0.0 31.757812 88.593750 103.945312 269.208984 0.0 0.0 0.0 0.0 0.0 0.0 0.0 0.946001
Person 0.0 0 0.0 112.792969 43.703613 175.253906 206.389160 0.0 0.0 0.0 0.0 0.0 0.0 0.0 0.960212
