Person 0.0 0 0.0 133.022461 33.156738 186.899414 178.703613 0.0 0.0 0.0 0.0 0.0 0.0 0.0 0.419648
Person 0.0 0 0.0 1196.044922 0.000000 1267.705078 276.328125 0.0 0.0 0.0 0.0 0.0 0.0 0.0 0.440710
Person 0.0 0 0.0 1238.613281 0.000000 1302.011719 195.051270 0.0 0.0 0.0 0.0 0.0 0.0 0.0 0.512693
Person 0.0 0 0.0 377.871094 0.000000 428.378906 84.704590 0.0 0.0 0.0 0.0 0.0 0.0 0.0 0.517571
Person 0.0 0 0.0 335.449219 0.197754 393.457031 100.327148 0.0 0.0 0.0 0.0 0.0 0.0 0.0 0.879561
Person 0.0 0 0.0 1374.111328 0.000000 1449.638672 237.700195 0.0 0.0 0.0 0.0 0.0 0.0 0.0 0.923316
Person 0.0 0 0.0 1431.152344 144.228516 1602.597656 464.853516 0.0 0.0 0.0 0.0 0.0 0.0 0.0 0.946597
Person 0.0 0 0.0 1378.535156 331.303711 1570.839844 725.493164 0.0 0.0 0.0 0.0 0.0 0.0 0.0 0.951684
Person 0.0 0 0.0 27.539062 92.482910 95.507812 269.274902 0.0 0.0 0.0 0.0 0.0 0.0 0.0 0.962250
Person 0.0 0 0.0 103.242188 50.295410 171.210938 214.299316 0.0 0.0 0.0 0.0 0.0 0.0 0.0 0.970013
