Person 0.0 0 0.0 1634.545898 0.164795 1682.329102 81.968994 0.0 0.0 0.0 0.0 0.0 0.0 0.0 0.343342
Person 0.0 0 0.0 134.165039 32.893066 186.225586 177.780762 0.0 0.0 0.0 0.0 0.0 0.0 0.0 0.397938
Person 0.0 0 0.0 385.927734 0.000000 431.572266 89.450684 0.0 0.0 0.0 0.0 0.0 0.0 0.0 0.721743
Person 0.0 0 0.0 618.808594 879.016113 851.191406 1073.210449 0.0 0.0 0.0 0.0 0.0 0.0 0.0 0.803174
Person 0.0 0 0.0 1228.066406 0.000000 1299.433594 190.898438 0.0 0.0 0.0 0.0 0.0 0.0 0.0 0.822189
Person 0.0 0 0.0 332.578125 0.032959 394.453125 103.721924 0.0 0.0 0.0 0.0 0.0 0.0 0.0 0.907640
Person 0.0 0 0.0 1192.558594 225.834961 1340.566406 626.352539 0.0 0.0 0.0 0.0 0.0 0.0 0.0 0.926570
Person 0.0 0 0.0 1374.697266 0.131836 1450.927734 238.095703 0.0 0.0 0.0 0.0 0.0 0.0 0.0 0.927888
Person 0.0 0 0.0 29.472656 91.362305 96.855469 269.868164 0.0 0.0 0.0 0.0 0.0 0.0 0.0 0.947186
Person 0.0 0 0.0 103.710938 44.033203 166.757812 211.201172 0.0 0.0 0.0 0.0 0.0 0.0 0.0 0.966411
