Person 0.0 0 0.0 389.077148 0.000000 439.672852 83.649902 0.0 0.0 0.0 0.0 0.0 0.0 0.0 0.331120
Person 0.0 0 0.0 133.227539 33.156738 185.991211 179.494629 0.0 0.0 0.0 0.0 0.0 0.0 0.0 0.399812
Person 0.0 0 0.0 1406.557617 0.000000 1458.442383 135.329590 0.0 0.0 0.0 0.0 0.0 0.0 0.0 0.535098
Person 0.0 0 0.0 1642.822266 0.065918 1709.677734 158.532715 0.0 0.0 0.0 0.0 0.0 0.0 0.0 0.728748
Person 0.0 0 0.0 1233.984375 0.000000 1310.390625 184.570312 0.0 0.0 0.0 0.0 0.0 0.0 0.0 0.737914
Person 0.0 0 0.0 331.640625 0.000000 391.640625 104.381104 0.0 0.0 0.0 0.0 0.0 0.0 0.0 0.910545
Person 0.0 0 0.0 1357.587891 4.877930 1432.412109 231.635742 0.0 0.0 0.0 0.0 0.0 0.0 0.0 0.917303
Person 0.0 0 0.0 3.281250 704.003906 368.671875 1038.339844 0.0 0.0 0.0 0.0 0.0 0.0 0.0 0.947962
Person 0.0 0 0.0 25.283203 96.306152 98.701172 274.943848 0.0 0.0 0.0 0.0 0.0 0.0 0.0 0.966028
Person 0.0 0 0.0 265.136719 162.553711 394.863281 477.114258 0.0 0.0 0.0 0.0 0.0 0.0 0.0 0.972204
Person 0.0 0 0.0 100.927734 50.295410 169.541016 214.826660 0.0 0.0 0.0 0.0 0.0 0.0 0.0 0.975202
