Person 0.0 0 0.0 1641.313477 0.000000 1681.186523 69.378662 0.0 0.0 0.0 0.0 0.0 0.0 0.0 0.303216
Person 0.0 0 0.0 131.206055 33.288574 186.840820 177.385254 0.0 0.0 0.0 0.0 0.0 0.0 0.0 0.347759
Person 0.0 0 0.0 390.483398 0.000000 439.672852 85.363770 0.0 0.0 0.0 0.0 0.0 0.0 0.0 0.563138
Person 0.0 0 0.0 357.568359 0.197754 414.931641 102.634277 0.0 0.0 0.0 0.0 0.0 0.0 0.0 0.694303
Person 0.0 0 0.0 1252.617188 0.131836 1325.507812 205.136719 0.0 0.0 0.0 0.0 0.0 0.0 0.0 0.700075
Person 0.0 0 0.0 1794.257812 4.482422 1854.492188 160.839844 0.0 0.0 0.0 0.0 0.0 0.0 0.0 0.717012
Person 0.0 0 0.0 1384.716797 1.647949 1472.783203 228.405762 0.0 0.0 0.0 0.0 0.0 0.0 0.0 0.736401
Person 0.0 0 0.0 1403.320312 70.795898 1495.429688 314.428711 0.0 0.0 0.0 0.0 0.0 0.0 0.0 0.896614
Person 0.0 0 0.0 2.109375 524.575195 247.968750 878.159180 0.0 0.0 0.0 0.0 0.0 0.0 0.0 0.907967
Person 0.0 0 0.0 31.435547 88.989258 104.033203 274.086914 0.0 0.0 0.0 0.0 0.0 0.0 0.0 0.962250
Person 0.0 0 0.0 114.887695 43.967285 174.799805 204.411621 0.0 0.0 0.0 0.0 0.0 0.0 0.0 0.964187
