Person 0.0 0 0.0 1231.289062 152.006836 1352.460938 493.461914 0.0 0.0 0.0 0.0 0.0 0.0 0.0 0.339828
Person 0.0 0 0.0 1235.625000 152.270508 1353.750000 382.192383 0.0 0.0 0.0 0.0 0.0 0.0 0.0 0.401688
Person 0.0 0 0.0 134.545898 33.090820 187.016602 177.978516 0.0 0.0 0.0 0.0 0.0 0.0 0.0 0.486332
Person 0.0 0 0.0 384.814453 0.000000 427.529297 89.582520 0.0 0.0 0.0 0.0 0.0 0.0 0.0 0.546738
Person 0.0 0 0.0 1232.783203 0.065918 1305.966797 192.150879 0.0 0.0 0.0 0.0 0.0 0.0 0.0 0.776623
Person 0.0 0 0.0 328.066406 0.000000 393.808594 104.084473 0.0 0.0 0.0 0.0 0.0 0.0 0.0 0.881615
Person 0.0 0 0.0 1374.169922 0.000000 1449.580078 238.095703 0.0 0.0 0.0 0.0 0.0 0.0 0.0 0.909907
Person 0.0 0 0.0 1193.671875 228.603516 1350.703125 628.330078 0.0 0.0 0.0 0.0 0.0 0.0 0.0 0.917303
Person 0.0 0 0.0 27.363281 92.219238 97.324219 270.856934 0.0 0.0 0.0 0.0 0.0 0.0 0.0 0.939692
Person 0.0 0 0.0 376.171875 225.307617 557.578125 630.571289 0.0 0.0 0.0 0.0 0.0 0.0 0.0 0.939913
Person 0.0 0 0.0 107.270508 47.460938 167.182617 212.255859 0.0 0.0 0.0 0.0 0.0 0.0 0.0 0.942295
