Person 0.0 0 0.0 132.788086 32.761230 185.258789 177.253418 0.0 0.0 0.0 0.0 0.0 0.0 0.0 0.345989
Person 0.0 0 0.0 388.286133 0.000000 440.463867 86.517334 0.0 0.0 0.0 0.0 0.0 0.0 0.0 0.481454
Person 0.0 0 0.0 130.136719 971.235352 314.472656 1076.967773 0.0 0.0 0.0 0.0 0.0 0.0 0.0 0.584153
Person 0.0 0 0.0 1233.193359 0.000000 1322.431641 207.575684 0.0 0.0 0.0 0.0 0.0 0.0 0.0 0.806243
Person 0.0 0 0.0 0.937500 661.948242 300.000000 1035.043945 0.0 0.0 0.0 0.0 0.0 0.0 0.0 0.931463
Person 0.0 0 0.0 326.191406 0.098877 397.558594 106.226807 0.0 0.0 0.0 0.0 0.0 0.0 0.0 0.944177
Person 0.0 0 0.0 29.853516 89.516602 99.404297 266.967773 0.0 0.0 0.0 0.0 0.0 0.0 0.0 0.950595
Person 0.0 0 0.0 107.094727 46.669922 166.889648 212.783203 0.0 0.0 0.0 0.0 0.0 0.0 0.0 0.953275
Person 0.0 0 0.0 1374.023438 0.000000 1464.726562 212.717285 0.0 0.0 0.0 0.0 0.0 0.0 0.0 0.955486
Person 0.0 0 0.0 1321.230469 187.998047 1453.769531 520.224609 0.0 0.0 0.0 0.0 0.0 0.0 0.0 0.960361
