Person 0.0 0 0.0 130.942383 32.893066 187.104492 178.967285 0.0 0.0 0.0 0.0 0.0 0.0 0.0 0.566019
Person 0.0 0 0.0 383.481445 0.000000 430.268555 86.451416 0.0 0.0 0.0 0.0 0.0 0.0 0.0 0.596433
Person 0.0 0 0.0 0.703125 799.321289 238.593750 1073.803711 0.0 0.0 0.0 0.0 0.0 0.0 0.0 0.743913
Person 0.0 0 0.0 1389.082031 0.065918 1451.542969 201.247559 0.0 0.0 0.0 0.0 0.0 0.0 0.0 0.812272
Person 0.0 0 0.0 1240.458984 0.000000 1330.166016 174.550781 0.0 0.0 0.0 0.0 0.0 0.0 0.0 0.840259
Person 0.0 0 0.0 334.511719 0.329590 396.738281 103.095703 0.0 0.0 0.0 0.0 0.0 0.0 0.0 0.887595
Person 0.0 0 0.0 1186.757812 183.251953 1336.992188 598.798828 0.0 0.0 0.0 0.0 0.0 0.0 0.0 0.893309
Person 0.0 0 0.0 1302.509766 95.449219 1412.490234 424.511719 0.0 0.0 0.0 0.0 0.0 0.0 0.0 0.933188
Person 0.0 0 0.0 102.949219 49.306641 165.175781 214.233398 0.0 0.0 0.0 0.0 0.0 0.0 0.0 0.947381
Person 0.0 0 0.0 26.220703 92.351074 96.826172 270.725098 0.0 0.0 0.0 0.0 0.0 0.0 0.0 0.948917
