Person 0.0 0 0.0 133.754883 33.090820 187.338867 178.374023 0.0 0.0 0.0 0.0 0.0 0.0 0.0 0.375706
Person 0.0 0 0.0 380.463867 0.000000 429.536133 86.748047 0.0 0.0 0.0 0.0 0.0 0.0 0.0 0.650467
Person 0.0 0 0.0 334.042969 0.065918 394.394531 101.777344 0.0 0.0 0.0 0.0 0.0 0.0 0.0 0.827828
Person 0.0 0 0.0 1382.460938 0.000000 1452.539062 234.997559 0.0 0.0 0.0 0.0 0.0 0.0 0.0 0.912436
Person 0.0 0 0.0 1220.361328 9.624023 1327.763672 298.872070 0.0 0.0 0.0 0.0 0.0 0.0 0.0 0.919643
Person 0.0 0 0.0 1339.101562 265.649414 1510.898438 654.038086 0.0 0.0 0.0 0.0 0.0 0.0 0.0 0.934634
Person 0.0 0 0.0 230.917969 252.861328 444.550781 587.724609 0.0 0.0 0.0 0.0 0.0 0.0 0.0 0.954308
Person 0.0 0 0.0 1283.964844 144.492188 1404.785156 480.937500 0.0 0.0 0.0 0.0 0.0 0.0 0.0 0.958070
Person 0.0 0 0.0 26.777344 93.076172 96.035156 268.681641 0.0 0.0 0.0 0.0 0.0 0.0 0.0 0.967656
Person 0.0 0 0.0 100.664062 49.899902 170.742188 213.903809 0.0 0.0 0.0 0.0 0.0 0.0 0.0 0.971129
