Person 0.0 0 0.0 132.934570 33.618164 185.815430 179.033203 0.0 0.0 0.0 0.0 0.0 0.0 0.0 0.319121
Person 0.0 0 0.0 379.511719 0.000000 430.488281 83.715820 0.0 0.0 0.0 0.0 0.0 0.0 0.0 0.722527
Person 0.0 0 0.0 335.683594 0.329590 385.722656 101.513672 0.0 0.0 0.0 0.0 0.0 0.0 0.0 0.877896
Person 0.0 0 0.0 367.734375 180.747070 536.484375 533.803711 0.0 0.0 0.0 0.0 0.0 0.0 0.0 0.906983
Person 0.0 0 0.0 1374.052734 0.000000 1451.572266 217.067871 0.0 0.0 0.0 0.0 0.0 0.0 0.0 0.939692
Person 0.0 0 0.0 1220.068359 14.370117 1320.556641 298.344727 0.0 0.0 0.0 0.0 0.0 0.0 0.0 0.941868
Person 0.0 0 0.0 1283.613281 214.892578 1446.386719 614.091797 0.0 0.0 0.0 0.0 0.0 0.0 0.0 0.952750
Person 0.0 0 0.0 1468.183594 213.442383 1614.316406 550.678711 0.0 0.0 0.0 0.0 0.0 0.0 0.0 0.958538
Person 0.0 0 0.0 26.601562 92.878418 96.679688 271.779785 0.0 0.0 0.0 0.0 0.0 0.0 0.0 0.965641
Person 0.0 0 0.0 103.740234 51.350098 170.712891 214.167480 0.0 0.0 0.0 0.0 0.0 0.0 0.0 0.970688
