Person 0.0 0 0.0 1634.326172 0.065918 1680.673828 79.233398 0.0 0.0 0.0 0.0 0.0 0.0 0.0 0.306527
Person 0.0 0 0.0 135.424805 32.695312 186.606445 177.319336 0.0 0.0 0.0 0.0 0.0 0.0 0.0 0.326808
Person 0.0 0 0.0 386.733398 0.000000 430.766602 89.582520 0.0 0.0 0.0 0.0 0.0 0.0 0.0 0.734881
Person 0.0 0 0.0 1231.699219 0.000000 1297.675781 190.568848 0.0 0.0 0.0 0.0 0.0 0.0 0.0 0.827828
Person 0.0 0 0.0 581.132812 771.899414 829.804688 1072.749023 0.0 0.0 0.0 0.0 0.0 0.0 0.0 0.880386
Person 0.0 0 0.0 333.808594 0.032959 395.097656 103.721924 0.0 0.0 0.0 0.0 0.0 0.0 0.0 0.886027
Person 0.0 0 0.0 1373.818359 0.065918 1449.931641 238.161621 0.0 0.0 0.0 0.0 0.0 0.0 0.0 0.905657
Person 0.0 0 0.0 1193.261719 230.449219 1349.238281 628.066406 0.0 0.0 0.0 0.0 0.0 0.0 0.0 0.916708
Person 0.0 0 0.0 28.330078 91.362305 94.951172 269.604492 0.0 0.0 0.0 0.0 0.0 0.0 0.0 0.944995
Person 0.0 0 0.0 107.724609 43.242188 166.728516 211.201172 0.0 0.0 0.0 0.0 0.0 0.0 0.0 0.960805
