Person 0.0 0 0.0 410.874023 0.000000 432.875977 74.322510 0.0 0.0 0.0 0.0 0.0 0.0 0.0 0.314893
Person 0.0 0 0.0 378.061523 0.000000 428.188477 84.309082 0.0 0.0 0.0 0.0 0.0 0.0 0.0 0.434941
Person 0.0 0 0.0 1207.543945 0.000000 1267.456055 275.932617 0.0 0.0 0.0 0.0 0.0 0.0 0.0 0.444565
Person 0.0 0 0.0 133.710938 32.761230 186.679688 178.703613 0.0 0.0 0.0 0.0 0.0 0.0 0.0 0.472683
Person 0.0 0 0.0 1253.437500 0.000000 1320.937500 191.293945 0.0 0.0 0.0 0.0 0.0 0.0 0.0 0.631594
Person 0.0 0 0.0 333.574219 0.131836 397.675781 100.393066 0.0 0.0 0.0 0.0 0.0 0.0 0.0 0.848972
Person 0.0 0 0.0 1374.023438 0.000000 1449.726562 237.897949 0.0 0.0 0.0 0.0 0.0 0.0 0.0 0.913677
Person 0.0 0 0.0 1532.695312 128.935547 1679.179688 460.107422 0.0 0.0 0.0 0.0 0.0 0.0 0.0 0.941654
Person 0.0 0 0.0 27.041016 93.076172 96.474609 270.263672 0.0 0.0 0.0 0.0 0.0 0.0 0.0 0.962813
Person 0.0 0 0.0 1287.304688 271.318359 1491.445312 651.533203 0.0 0.0 0.0 0.0 0.0 0.0 0.0 0.963643
Person 0.0 0 0.0 104.267578 47.395020 171.123047 214.035645 0.0 0.0 0.0 0.0 0.0 0.0 0.0 0.972831
