Person 0.0 0 0.0 386.293945 0.000000 439.174805 84.638672 0.0 0.0 0.0 0.0 0.0 0.0 0.0 0.337640
Person 0.0 0 0.0 133.593750 33.090820 185.156250 179.560547 0.0 0.0 0.0 0.0 0.0 0.0 0.0 0.345105
Person 0.0 0 0.0 1319.414062 0.000000 1399.335938 116.740723 0.0 0.0 0.0 0.0 0.0 0.0 0.0 0.486332
Person 0.0 0 0.0 1232.900391 0.000000 1317.099609 185.822754 0.0 0.0 0.0 0.0 0.0 0.0 0.0 0.620622
Person 0.0 0 0.0 335.097656 0.000000 393.339844 102.139893 0.0 0.0 0.0 0.0 0.0 0.0 0.0 0.854399
Person 0.0 0 0.0 1357.177734 0.988770 1438.447266 231.833496 0.0 0.0 0.0 0.0 0.0 0.0 0.0 0.858719
Person 0.0 0 0.0 1264.218750 469.335938 1550.156250 912.304688 0.0 0.0 0.0 0.0 0.0 0.0 0.0 0.954647
Person 0.0 0 0.0 27.333984 92.548828 97.822266 267.099609 0.0 0.0 0.0 0.0 0.0 0.0 0.0 0.957754
Person 0.0 0 0.0 99.785156 49.636230 169.746094 215.881348 0.0 0.0 0.0 0.0 0.0 0.0 0.0 0.971992
Person 0.0 0 0.0 131.718750 304.541016 323.671875 628.330078 0.0 0.0 0.0 0.0 0.0 0.0 0.0 0.973844
