Person 0.0 0 0.0 127.646484 33.618164 186.416016 177.846680 0.0 0.0 0.0 0.0 0.0 0.0 0.0 0.302803
Person 0.0 0 0.0 388.242188 0.000000 440.507812 87.209473 0.0 0.0 0.0 0.0 0.0 0.0 0.0 0.544801
Person 0.0 0 0.0 1712.021484 0.000000 1792.353516 122.113037 0.0 0.0 0.0 0.0 0.0 0.0 0.0 0.621541
Person 0.0 0 0.0 1232.783203 0.000000 1302.216797 205.070801 0.0 0.0 0.0 0.0 0.0 0.0 0.0 0.752013
Person 0.0 0 0.0 340.458984 0.000000 393.134766 105.930176 0.0 0.0 0.0 0.0 0.0 0.0 0.0 0.814053
Person 0.0 0 0.0 1502.167969 103.095703 1632.832031 394.189453 0.0 0.0 0.0 0.0 0.0 0.0 0.0 0.928668
Person 0.0 0 0.0 9.492188 635.976562 329.882812 1014.609375 0.0 0.0 0.0 0.0 0.0 0.0 0.0 0.936518
Person 0.0 0 0.0 1375.019531 3.295898 1469.355469 242.841797 0.0 0.0 0.0 0.0 0.0 0.0 0.0 0.941007
Person 0.0 0 0.0 31.992188 89.516602 101.250000 269.077148 0.0 0.0 0.0 0.0 0.0 0.0 0.0 0.955651
Person 0.0 0 0.0 113.906250 45.219727 174.843750 205.664062 0.0 0.0 0.0 0.0 0.0 0.0 0.0 0.971347
