Person 0.0 0 0.0 1351.347656 0.000000 1442.402344 127.880859 0.0 0.0 0.0 0.0 0.0 0.0 0.0 0.352648
Person 0.0 0 0.0 389.838867 0.000000 438.911133 83.946533 0.0 0.0 0.0 0.0 0.0 0.0 0.0 0.355775
Person 0.0 0 0.0 133.491211 32.695312 185.258789 179.165039 0.0 0.0 0.0 0.0 0.0 0.0 0.0 0.400749
Person 0.0 0 0.0 1350.161133 0.000000 1409.838867 127.419434 0.0 0.0 0.0 0.0 0.0 0.0 0.0 0.490236
Person 0.0 0 0.0 1357.646484 0.988770 1443.603516 231.437988 0.0 0.0 0.0 0.0 0.0 0.0 0.0 0.750553
Person 0.0 0 0.0 1232.958984 0.000000 1307.666016 184.570312 0.0 0.0 0.0 0.0 0.0 0.0 0.0 0.771843
Person 0.0 0 0.0 1658.291016 8.767090 1741.083984 206.784668 0.0 0.0 0.0 0.0 0.0 0.0 0.0 0.892937
Person 0.0 0 0.0 331.347656 0.000000 392.402344 96.470947 0.0 0.0 0.0 0.0 0.0 0.0 0.0 0.897336
Person 0.0 0 0.0 24.726562 96.437988 97.617188 272.438965 0.0 0.0 0.0 0.0 0.0 0.0 0.0 0.965771
Person 0.0 0 0.0 100.605469 49.768066 169.863281 215.354004 0.0 0.0 0.0 0.0 0.0 0.0 0.0 0.973844
Person 0.0 0 0.0 331.025391 75.410156 441.005859 356.748047 0.0 0.0 0.0 0.0 0.0 0.0 0.0 0.979511
