Person 0.0 0 0.0 133.330078 33.156738 186.591797 178.308105 0.0 0.0 0.0 0.0 0.0 0.0 0.0 0.380299
Person 0.0 0 0.0 377.768555 0.000000 428.481445 86.121826 0.0 0.0 0.0 0.0 0.0 0.0 0.0 0.409221
Person 0.0 0 0.0 1194.462891 108.764648 1276.787109 460.766602 0.0 0.0 0.0 0.0 0.0 0.0 0.0 0.783326
Person 0.0 0 0.0 1241.630859 18.259277 1327.119141 243.039551 0.0 0.0 0.0 0.0 0.0 0.0 0.0 0.887205
Person 0.0 0 0.0 337.177734 0.428467 394.541016 101.085205 0.0 0.0 0.0 0.0 0.0 0.0 0.0 0.901921
Person 0.0 0 0.0 1374.199219 0.000000 1451.425781 237.897949 0.0 0.0 0.0 0.0 0.0 0.0 0.0 0.919931
Person 0.0 0 0.0 1337.929688 250.751953 1525.195312 654.169922 0.0 0.0 0.0 0.0 0.0 0.0 0.0 0.946001
Person 0.0 0 0.0 243.281250 298.476562 452.812500 631.757812 0.0 0.0 0.0 0.0 0.0 0.0 0.0 0.966283
Person 0.0 0 0.0 26.103516 93.867188 95.771484 269.208984 0.0 0.0 0.0 0.0 0.0 0.0 0.0 0.968856
Person 0.0 0 0.0 99.404297 49.833984 171.064453 214.760742 0.0 0.0 0.0 0.0 0.0 0.0 0.0 0.976491
