Person 0.0 0 0.0 133.710938 32.827148 186.679688 178.637695 0.0 0.0 0.0 0.0 0.0 0.0 0.0 0.358465
Person 0.0 0 0.0 381.767578 0.000000 430.107422 84.605713 0.0 0.0 0.0 0.0 0.0 0.0 0.0 0.562177
Person 0.0 0 0.0 1208.730469 0.527344 1271.894531 271.845703 0.0 0.0 0.0 0.0 0.0 0.0 0.0 0.619701
Person 0.0 0 0.0 1251.386719 0.000000 1311.738281 189.645996 0.0 0.0 0.0 0.0 0.0 0.0 0.0 0.742422
Person 0.0 0 0.0 332.534180 0.362549 389.340820 101.151123 0.0 0.0 0.0 0.0 0.0 0.0 0.0 0.862468
Person 0.0 0 0.0 1377.333984 15.358887 1463.291016 239.479980 0.0 0.0 0.0 0.0 0.0 0.0 0.0 0.911810
Person 0.0 0 0.0 1608.867188 99.140625 1719.257812 393.662109 0.0 0.0 0.0 0.0 0.0 0.0 0.0 0.924142
Person 0.0 0 0.0 1186.289062 187.602539 1358.085938 541.713867 0.0 0.0 0.0 0.0 0.0 0.0 0.0 0.946597
Person 0.0 0 0.0 27.861328 92.482910 97.294922 269.011230 0.0 0.0 0.0 0.0 0.0 0.0 0.0 0.963506
Person 0.0 0 0.0 104.882812 49.636230 170.507812 214.958496 0.0 0.0 0.0 0.0 0.0 0.0 0.0 0.970013
