Person 0.0 0 0.0 136.054688 33.156738 185.976562 177.253418 0.0 0.0 0.0 0.0 0.0 0.0 0.0 0.364778
Person 0.0 0 0.0 1189.790039 177.187500 1249.584961 491.484375 0.0 0.0 0.0 0.0 0.0 0.0 0.0 0.608594
Person 0.0 0 0.0 385.751953 0.000000 429.873047 89.846191 0.0 0.0 0.0 0.0 0.0 0.0 0.0 0.724870
Person 0.0 0 0.0 1234.687500 0.000000 1298.437500 190.898438 0.0 0.0 0.0 0.0 0.0 0.0 0.0 0.803174
Person 0.0 0 0.0 332.109375 0.000000 394.921875 103.820801 0.0 0.0 0.0 0.0 0.0 0.0 0.0 0.875787
Person 0.0 0 0.0 1193.613281 227.548828 1347.011719 628.330078 0.0 0.0 0.0 0.0 0.0 0.0 0.0 0.906322
Person 0.0 0 0.0 1374.111328 0.000000 1449.638672 238.359375 0.0 0.0 0.0 0.0 0.0 0.0 0.0 0.908942
Person 0.0 0 0.0 415.781250 464.458008 687.656250 921.401367 0.0 0.0 0.0 0.0 0.0 0.0 0.0 0.927100
Person 0.0 0 0.0 28.417969 91.428223 94.863281 270.065918 0.0 0.0 0.0 0.0 0.0 0.0 0.0 0.950960
Person 0.0 0 0.0 104.941406 43.835449 166.464844 211.398926 0.0 0.0 0.0 0.0 0.0 0.0 0.0 0.963506
