Person 0.0 0 0.0 134.091797 33.090820 187.470703 178.374023 0.0 0.0 0.0 0.0 0.0 0.0 0.0 0.388618
Person 0.0 0 0.0 380.830078 0.000000 431.044922 87.572021 0.0 0.0 0.0 0.0 0.0 0.0 0.0 0.676620
Person 0.0 0 0.0 334.497070 0.263672 394.409180 101.975098 0.0 0.0 0.0 0.0 0.0 0.0 0.0 0.835484
Person 0.0 0 0.0 1377.480469 0.000000 1451.894531 238.754883 0.0 0.0 0.0 0.0 0.0 0.0 0.0 0.913058
Person 0.0 0 0.0 1220.478516 9.755859 1327.646484 299.003906 0.0 0.0 0.0 0.0 0.0 0.0 0.0 0.921358
Person 0.0 0 0.0 1339.394531 264.726562 1508.730469 653.906250 0.0 0.0 0.0 0.0 0.0 0.0 0.0 0.924415
Person 0.0 0 0.0 232.558594 256.552734 441.035156 598.798828 0.0 0.0 0.0 0.0 0.0 0.0 0.0 0.943138
Person 0.0 0 0.0 1279.511719 141.328125 1394.238281 480.937500 0.0 0.0 0.0 0.0 0.0 0.0 0.0 0.956796
Person 0.0 0 0.0 26.777344 93.208008 96.035156 268.813477 0.0 0.0 0.0 0.0 0.0 0.0 0.0 0.965771
Person 0.0 0 0.0 99.404297 50.031738 171.064453 214.167480 0.0 0.0 0.0 0.0 0.0 0.0 0.0 0.969785
