Person 0.0 0 0.0 1634.721680 0.230713 1680.278320 80.980225 0.0 0.0 0.0 0.0 0.0 0.0 0.0 0.330255
Person 0.0 0 0.0 134.179688 32.893066 185.742188 177.780762 0.0 0.0 0.0 0.0 0.0 0.0 0.0 0.334155
Person 0.0 0 0.0 384.199219 0.000000 430.019531 89.285889 0.0 0.0 0.0 0.0 0.0 0.0 0.0 0.573678
Person 0.0 0 0.0 1208.964844 155.830078 1350.410156 479.619141 0.0 0.0 0.0 0.0 0.0 0.0 0.0 0.709019
Person 0.0 0 0.0 1231.933594 0.065918 1293.691406 191.755371 0.0 0.0 0.0 0.0 0.0 0.0 0.0 0.844409
Person 0.0 0 0.0 328.886719 0.000000 394.863281 103.557129 0.0 0.0 0.0 0.0 0.0 0.0 0.0 0.887984
Person 0.0 0 0.0 1192.851562 228.735352 1349.648438 627.670898 0.0 0.0 0.0 0.0 0.0 0.0 0.0 0.896251
Person 0.0 0 0.0 1373.320312 0.000000 1448.554688 237.897949 0.0 0.0 0.0 0.0 0.0 0.0 0.0 0.920504
Person 0.0 0 0.0 28.037109 91.296387 97.587891 268.352051 0.0 0.0 0.0 0.0 0.0 0.0 0.0 0.938801
Person 0.0 0 0.0 108.940430 45.812988 167.387695 211.662598 0.0 0.0 0.0 0.0 0.0 0.0 0.0 0.942507
Person 0.0 0 0.0 341.953125 278.041992 519.609375 708.618164 0.0 0.0 0.0 0.0 0.0 0.0 0.0 0.962673
