Person 0.0 0 0.0 1634.443359 0.197754 1682.431641 82.133789 0.0 0.0 0.0 0.0 0.0 0.0 0.0 0.324235
Person 0.0 0 0.0 134.663086 32.695312 186.430664 177.319336 0.0 0.0 0.0 0.0 0.0 0.0 0.0 0.397938
Person 0.0 0 0.0 386.352539 0.000000 431.147461 89.450684 0.0 0.0 0.0 0.0 0.0 0.0 0.0 0.721743
Person 0.0 0 0.0 628.066406 872.951660 856.933594 1072.946777 0.0 0.0 0.0 0.0 0.0 0.0 0.0 0.814643
Person 0.0 0 0.0 1219.541016 0.000000 1304.208984 190.700684 0.0 0.0 0.0 0.0 0.0 0.0 0.0 0.826712
Person 0.0 0 0.0 332.578125 0.000000 394.453125 103.656006 0.0 0.0 0.0 0.0 0.0 0.0 0.0 0.914596
Person 0.0 0 0.0 1192.968750 226.889648 1342.031250 626.352539 0.0 0.0 0.0 0.0 0.0 0.0 0.0 0.928668
Person 0.0 0 0.0 1373.759766 0.131836 1449.990234 238.095703 0.0 0.0 0.0 0.0 0.0 0.0 0.0 0.936981
Person 0.0 0 0.0 29.384766 91.362305 96.474609 269.604492 0.0 0.0 0.0 0.0 0.0 0.0 0.0 0.947769
Person 0.0 0 0.0 103.945312 44.428711 166.992188 211.333008 0.0 0.0 0.0 0.0 0.0 0.0 0.0 0.967533
