Person 0.0 0 0.0 403.022461 0.000000 434.633789 76.431885 0.0 0.0 0.0 0.0 0.0 0.0 0.0 0.311532
Person 0.0 0 0.0 100.195312 34.211426 181.289062 179.099121 0.0 0.0 0.0 0.0 0.0 0.0 0.0 0.319971
Person 0.0 0 0.0 1251.386719 0.000000 1315.488281 190.568848 0.0 0.0 0.0 0.0 0.0 0.0 0.0 0.323380
Person 0.0 0 0.0 381.972656 0.000000 433.652344 85.034180 0.0 0.0 0.0 0.0 0.0 0.0 0.0 0.382141
Person 0.0 0 0.0 1184.677734 167.167969 1269.697266 518.378906 0.0 0.0 0.0 0.0 0.0 0.0 0.0 0.687630
Person 0.0 0 0.0 1216.406250 0.000000 1288.593750 192.941895 0.0 0.0 0.0 0.0 0.0 0.0 0.0 0.764188
Person 0.0 0 0.0 336.840820 0.230713 396.752930 100.887451 0.0 0.0 0.0 0.0 0.0 0.0 0.0 0.889912
Person 0.0 0 0.0 1376.630859 7.316895 1454.619141 239.348145 0.0 0.0 0.0 0.0 0.0 0.0 0.0 0.913677
Person 0.0 0 0.0 1609.775391 70.400391 1718.349609 336.445312 0.0 0.0 0.0 0.0 0.0 0.0 0.0 0.943348
Person 0.0 0 0.0 29.033203 91.296387 97.529297 270.197754 0.0 0.0 0.0 0.0 0.0 0.0 0.0 0.963506
Person 0.0 0 0.0 104.238281 51.811523 170.683594 214.628906 0.0 0.0 0.0 0.0 0.0 0.0 0.0 0.971779
