Person 0.0 0 0.0 388.095703 0.000000 436.904297 82.166748 0.0 0.0 0.0 0.0 0.0 0.0 0.0 0.322953
Person 0.0 0 0.0 397.060547 0.000000 437.314453 83.386230 0.0 0.0 0.0 0.0 0.0 0.0 0.0 0.331120
Person 0.0 0 0.0 1327.851562 0.000000 1407.773438 118.948975 0.0 0.0 0.0 0.0 0.0 0.0 0.0 0.381220
Person 0.0 0 0.0 132.875977 33.156738 186.342773 178.703613 0.0 0.0 0.0 0.0 0.0 0.0 0.0 0.441673
Person 0.0 0 0.0 1242.685547 0.000000 1316.689453 185.493164 0.0 0.0 0.0 0.0 0.0 0.0 0.0 0.598312
Person 0.0 0 0.0 1358.378906 1.450195 1440.996094 231.899414 0.0 0.0 0.0 0.0 0.0 0.0 0.0 0.751283
Person 0.0 0 0.0 337.792969 0.065918 400.488281 101.250000 0.0 0.0 0.0 0.0 0.0 0.0 0.0 0.911810
Person 0.0 0 0.0 28.857422 91.164551 98.408203 267.692871 0.0 0.0 0.0 0.0 0.0 0.0 0.0 0.961678
Person 0.0 0 0.0 1199.882812 237.172852 1363.242188 647.709961 0.0 0.0 0.0 0.0 0.0 0.0 0.0 0.962533
Person 0.0 0 0.0 100.195312 51.020508 171.210938 214.497070 0.0 0.0 0.0 0.0 0.0 0.0 0.0 0.969091
