Person 0.0 0 0.0 133.579102 32.827148 185.639648 177.846680 0.0 0.0 0.0 0.0 0.0 0.0 0.0 0.307774
Person 0.0 0 0.0 386.865234 0.000000 428.759766 86.912842 0.0 0.0 0.0 0.0 0.0 0.0 0.0 0.631594
Person 0.0 0 0.0 1243.710938 0.000000 1310.039062 193.007812 0.0 0.0 0.0 0.0 0.0 0.0 0.0 0.793106
Person 0.0 0 0.0 341.000977 0.000000 397.280273 102.897949 0.0 0.0 0.0 0.0 0.0 0.0 0.0 0.906322
Person 0.0 0 0.0 1372.382812 0.000000 1451.367188 237.897949 0.0 0.0 0.0 0.0 0.0 0.0 0.0 0.918772
Person 0.0 0 0.0 1260.468750 69.873047 1364.531250 412.910156 0.0 0.0 0.0 0.0 0.0 0.0 0.0 0.952220
Person 0.0 0 0.0 1258.007812 206.586914 1477.617188 599.194336 0.0 0.0 0.0 0.0 0.0 0.0 0.0 0.958226
Person 0.0 0 0.0 23.349609 94.064941 95.537109 270.593262 0.0 0.0 0.0 0.0 0.0 0.0 0.0 0.959307
Person 0.0 0 0.0 96.328125 507.304688 365.390625 859.570312 0.0 0.0 0.0 0.0 0.0 0.0 0.0 0.970013
Person 0.0 0 0.0 97.470703 49.965820 170.654297 213.837891 0.0 0.0 0.0 0.0 0.0 0.0 0.0 0.972204
