Person 0.0 0 0.0 1226.191406 132.626953 1353.808594 477.509766 0.0 0.0 0.0 0.0 0.0 0.0 0.0 0.380299
Person 0.0 0 0.0 134.267578 33.222656 186.826172 177.846680 0.0 0.0 0.0 0.0 0.0 0.0 0.0 0.423458
Person 0.0 0 0.0 386.791992 0.000000 428.364258 89.417725 0.0 0.0 0.0 0.0 0.0 0.0 0.0 0.521471
Person 0.0 0 0.0 423.281250 184.306641 558.281250 545.009766 0.0 0.0 0.0 0.0 0.0 0.0 0.0 0.853913
Person 0.0 0 0.0 1234.423828 0.000000 1324.951172 195.842285 0.0 0.0 0.0 0.0 0.0 0.0 0.0 0.896976
Person 0.0 0 0.0 1192.792969 233.085938 1351.582031 627.539062 0.0 0.0 0.0 0.0 0.0 0.0 0.0 0.920504
Person 0.0 0 0.0 328.769531 0.000000 394.511719 103.754883 0.0 0.0 0.0 0.0 0.0 0.0 0.0 0.930711
Person 0.0 0 0.0 1373.320312 0.263672 1448.554688 238.359375 0.0 0.0 0.0 0.0 0.0 0.0 0.0 0.935582
Person 0.0 0 0.0 27.246094 91.955566 97.207031 271.911621 0.0 0.0 0.0 0.0 0.0 0.0 0.0 0.940353
Person 0.0 0 0.0 108.251953 48.186035 167.138672 211.794434 0.0 0.0 0.0 0.0 0.0 0.0 0.0 0.944587
