Person 0.0 0 0.0 132.714844 33.354492 186.503906 178.110352 0.0 0.0 0.0 0.0 0.0 0.0 0.0 0.311951
Person 0.0 0 0.0 115.078125 37.045898 186.328125 178.901367 0.0 0.0 0.0 0.0 0.0 0.0 0.0 0.342462
Person 0.0 0 0.0 383.950195 0.000000 439.174805 87.011719 0.0 0.0 0.0 0.0 0.0 0.0 0.0 0.498047
Person 0.0 0 0.0 1259.912109 0.000000 1340.712891 204.213867 0.0 0.0 0.0 0.0 0.0 0.0 0.0 0.700895
Person 0.0 0 0.0 1775.332031 0.527344 1841.542969 160.708008 0.0 0.0 0.0 0.0 0.0 0.0 0.0 0.705785
Person 0.0 0 0.0 337.456055 0.000000 394.262695 105.633545 0.0 0.0 0.0 0.0 0.0 0.0 0.0 0.781331
Person 0.0 0 0.0 1418.613281 68.356934 1543.886719 313.967285 0.0 0.0 0.0 0.0 0.0 0.0 0.0 0.893681
Person 0.0 0 0.0 1383.955078 10.349121 1479.169922 242.775879 0.0 0.0 0.0 0.0 0.0 0.0 0.0 0.910227
Person 0.0 0 0.0 4.101562 633.339844 328.007812 1015.136719 0.0 0.0 0.0 0.0 0.0 0.0 0.0 0.926037
Person 0.0 0 0.0 31.875000 88.198242 103.828125 268.813477 0.0 0.0 0.0 0.0 0.0 0.0 0.0 0.946597
Person 0.0 0 0.0 114.667969 47.197266 175.488281 207.641602 0.0 0.0 0.0 0.0 0.0 0.0 0.0 0.966914
