Person 0.0 0 0.0 410.874023 0.000000 432.875977 74.322510 0.0 0.0 0.0 0.0 0.0 0.0 0.0 0.319121
Person 0.0 0 0.0 1212.363281 0.000000 1309.511719 276.459961 0.0 0.0 0.0 0.0 0.0 0.0 0.0 0.323808
Person 0.0 0 0.0 132.583008 33.156738 185.463867 178.703613 0.0 0.0 0.0 0.0 0.0 0.0 0.0 0.354880
Person 0.0 0 0.0 378.764648 0.000000 428.891602 84.638672 0.0 0.0 0.0 0.0 0.0 0.0 0.0 0.492188
Person 0.0 0 0.0 1223.496094 0.000000 1309.628906 191.689453 0.0 0.0 0.0 0.0 0.0 0.0 0.0 0.522446
Person 0.0 0 0.0 334.262695 0.230713 394.174805 99.964600 0.0 0.0 0.0 0.0 0.0 0.0 0.0 0.853913
Person 0.0 0 0.0 1373.906250 0.000000 1449.843750 237.700195 0.0 0.0 0.0 0.0 0.0 0.0 0.0 0.910863
Person 0.0 0 0.0 1520.390625 136.318359 1668.984375 462.216797 0.0 0.0 0.0 0.0 0.0 0.0 0.0 0.949482
Person 0.0 0 0.0 1310.976562 282.260742 1518.398438 653.774414 0.0 0.0 0.0 0.0 0.0 0.0 0.0 0.961098
Person 0.0 0 0.0 27.070312 92.878418 95.976562 269.406738 0.0 0.0 0.0 0.0 0.0 0.0 0.0 0.963643
Person 0.0 0 0.0 99.140625 50.888672 171.328125 214.497070 0.0 0.0 0.0 0.0 0.0 0.0 0.0 0.972204
