Person 0.0 0 0.0 133.813477 33.420410 187.280273 178.044434 0.0 0.0 0.0 0.0 0.0 0.0 0.0 0.322526
Person 0.0 0 0.0 1818.427734 0.000000 1852.822266 70.169678 0.0 0.0 0.0 0.0 0.0 0.0 0.0 0.331985
Person 0.0 0 0.0 388.198242 0.000000 440.551758 87.143555 0.0 0.0 0.0 0.0 0.0 0.0 0.0 0.534127
Person 0.0 0 0.0 1755.146484 0.000000 1820.478516 139.152832 0.0 0.0 0.0 0.0 0.0 0.0 0.0 0.586049
Person 0.0 0 0.0 1238.671875 0.000000 1324.453125 204.807129 0.0 0.0 0.0 0.0 0.0 0.0 0.0 0.784649
Person 0.0 0 0.0 339.799805 0.098877 393.793945 105.435791 0.0 0.0 0.0 0.0 0.0 0.0 0.0 0.831691
Person 0.0 0 0.0 1374.843750 0.725098 1463.906250 242.512207 0.0 0.0 0.0 0.0 0.0 0.0 0.0 0.924415
Person 0.0 0 0.0 13.007812 630.703125 329.882812 1014.609375 0.0 0.0 0.0 0.0 0.0 0.0 0.0 0.929440
Person 0.0 0 0.0 1463.056641 68.686523 1576.318359 351.079102 0.0 0.0 0.0 0.0 0.0 0.0 0.0 0.933188
Person 0.0 0 0.0 31.962891 88.923340 100.458984 269.670410 0.0 0.0 0.0 0.0 0.0 0.0 0.0 0.949856
Person 0.0 0 0.0 114.726562 44.494629 174.960938 205.070801 0.0 0.0 0.0 0.0 0.0 0.0 0.0 0.971129
