Person 0.0 0 0.0 1594.248047 0.197754 1651.376953 135.725098 0.0 0.0 0.0 0.0 0.0 0.0 0.0 0.328960
Person 0.0 0 0.0 133.784180 33.222656 187.778320 177.451172 0.0 0.0 0.0 0.0 0.0 0.0 0.0 0.334589
Person 0.0 0 0.0 407.878418 0.000000 432.590332 74.223633 0.0 0.0 0.0 0.0 0.0 0.0 0.0 0.407333
Person 0.0 0 0.0 1795.136719 2.768555 1851.738281 159.257812 0.0 0.0 0.0 0.0 0.0 0.0 0.0 0.712232
Person 0.0 0 0.0 1557.597656 0.000000 1613.027344 133.879395 0.0 0.0 0.0 0.0 0.0 0.0 0.0 0.739422
Person 0.0 0 0.0 366.181641 0.131836 430.693359 100.788574 0.0 0.0 0.0 0.0 0.0 0.0 0.0 0.750553
Person 0.0 0 0.0 1262.167969 0.000000 1336.582031 216.013184 0.0 0.0 0.0 0.0 0.0 0.0 0.0 0.881615
Person 0.0 0 0.0 286.962891 0.000000 368.818359 152.929688 0.0 0.0 0.0 0.0 0.0 0.0 0.0 0.891811
Person 0.0 0 0.0 1399.423828 2.241211 1489.951172 243.896484 0.0 0.0 0.0 0.0 0.0 0.0 0.0 0.933188
Person 0.0 0 0.0 30.087891 89.582520 105.615234 269.011230 0.0 0.0 0.0 0.0 0.0 0.0 0.0 0.951323
Person 0.0 0 0.0 100.312500 50.427246 174.140625 212.189941 0.0 0.0 0.0 0.0 0.0 0.0 0.0 0.959611
