Person 0.0 0 0.0 388.886719 0.000000 439.863281 83.715820 0.0 0.0 0.0 0.0 0.0 0.0 0.0 0.349977
Person 0.0 0 0.0 133.198242 33.156738 185.551758 179.494629 0.0 0.0 0.0 0.0 0.0 0.0 0.0 0.392337
Person 0.0 0 0.0 1413.955078 0.000000 1464.169922 136.318359 0.0 0.0 0.0 0.0 0.0 0.0 0.0 0.499023
Person 0.0 0 0.0 1234.277344 0.000000 1310.097656 184.570312 0.0 0.0 0.0 0.0 0.0 0.0 0.0 0.727201
Person 0.0 0 0.0 1643.261719 0.263672 1711.113281 157.807617 0.0 0.0 0.0 0.0 0.0 0.0 0.0 0.734120
Person 0.0 0 0.0 331.523438 0.032959 391.757812 104.315186 0.0 0.0 0.0 0.0 0.0 0.0 0.0 0.906983
Person 0.0 0 0.0 1357.441406 1.977539 1434.433594 231.767578 0.0 0.0 0.0 0.0 0.0 0.0 0.0 0.920790
Person 0.0 0 0.0 1.992188 710.595703 368.789062 1039.130859 0.0 0.0 0.0 0.0 0.0 0.0 0.0 0.940790
Person 0.0 0 0.0 25.195312 96.042480 98.789062 274.416504 0.0 0.0 0.0 0.0 0.0 0.0 0.0 0.966283
Person 0.0 0 0.0 100.986328 50.361328 169.482422 215.024414 0.0 0.0 0.0 0.0 0.0 0.0 0.0 0.975202
Person 0.0 0 0.0 266.542969 159.257812 395.332031 477.773438 0.0 0.0 0.0 0.0 0.0 0.0 0.0 0.976129
