Person 0.0 0 0.0 132.773438 32.827148 186.445312 179.428711 0.0 0.0 0.0 0.0 0.0 0.0 0.0 0.435902
Person 0.0 0 0.0 383.847656 0.000000 430.371094 86.220703 0.0 0.0 0.0 0.0 0.0 0.0 0.0 0.615088
Person 0.0 0 0.0 1386.503906 0.065918 1452.246094 163.542480 0.0 0.0 0.0 0.0 0.0 0.0 0.0 0.720172
Person 0.0 0 0.0 1234.980469 0.000000 1330.019531 182.131348 0.0 0.0 0.0 0.0 0.0 0.0 0.0 0.815233
Person 0.0 0 0.0 0.585938 728.920898 244.101562 1048.227539 0.0 0.0 0.0 0.0 0.0 0.0 0.0 0.822189
Person 0.0 0 0.0 1304.003906 95.581055 1418.496094 418.051758 0.0 0.0 0.0 0.0 0.0 0.0 0.0 0.825027
Person 0.0 0 0.0 336.152344 0.329590 396.972656 103.293457 0.0 0.0 0.0 0.0 0.0 0.0 0.0 0.883638
Person 0.0 0 0.0 1184.589844 191.425781 1348.535156 598.535156 0.0 0.0 0.0 0.0 0.0 0.0 0.0 0.942929
Person 0.0 0 0.0 99.814453 48.186035 165.263672 214.826660 0.0 0.0 0.0 0.0 0.0 0.0 0.0 0.943764
Person 0.0 0 0.0 26.630859 92.482910 97.119141 271.384277 0.0 0.0 0.0 0.0 0.0 0.0 0.0 0.952750
