Person 0.0 0 0.0 133.168945 33.486328 186.049805 179.428711 0.0 0.0 0.0 0.0 0.0 0.0 0.0 0.388618
Person 0.0 0 0.0 386.806641 0.000000 440.068359 83.880615 0.0 0.0 0.0 0.0 0.0 0.0 0.0 0.431105
Person 0.0 0 0.0 1420.766602 0.000000 1476.108398 135.856934 0.0 0.0 0.0 0.0 0.0 0.0 0.0 0.692642
Person 0.0 0 0.0 1.054688 735.776367 250.898438 1040.317383 0.0 0.0 0.0 0.0 0.0 0.0 0.0 0.724870
Person 0.0 0 0.0 1233.310547 0.000000 1307.314453 184.833984 0.0 0.0 0.0 0.0 0.0 0.0 0.0 0.787278
Person 0.0 0 0.0 1644.023438 0.000000 1717.851562 187.932129 0.0 0.0 0.0 0.0 0.0 0.0 0.0 0.854885
Person 0.0 0 0.0 330.937500 0.000000 392.343750 104.216309 0.0 0.0 0.0 0.0 0.0 0.0 0.0 0.904987
Person 0.0 0 0.0 1356.621094 0.065918 1437.128906 231.965332 0.0 0.0 0.0 0.0 0.0 0.0 0.0 0.941223
Person 0.0 0 0.0 25.634766 96.174316 99.052734 274.284668 0.0 0.0 0.0 0.0 0.0 0.0 0.0 0.965771
Person 0.0 0 0.0 100.986328 50.427246 169.482422 214.694824 0.0 0.0 0.0 0.0 0.0 0.0 0.0 0.974435
Person 0.0 0 0.0 279.199219 137.504883 410.800781 428.334961 0.0 0.0 0.0 0.0 0.0 0.0 0.0 0.975012
