Person 0.0 0 0.0 1302.832031 612.641602 1500.292969 930.366211 0.0 0.0 0.0 0.0 0.0 0.0 0.0 0.734881
Person 0.0 0 0.0 1753.886719 222.341309 1821.738281 363.010254 0.0 0.0 0.0 0.0 0.0 0.0 0.0 0.739422
Person 0.0 0 0.0 338.466797 136.713867 410.126953 403.813477 0.0 0.0 0.0 0.0 0.0 0.0 0.0 0.789234
Person 0.0 0 0.0 100.693359 168.288574 167.900391 303.947754 0.0 0.0 0.0 0.0 0.0 0.0 0.0 0.805020
Person 0.0 0 0.0 1668.413086 210.937500 1721.586914 368.613281 0.0 0.0 0.0 0.0 0.0 0.0 0.0 0.862004
Person 0.0 0 0.0 718.095703 51.284180 763.154297 250.356445 0.0 0.0 0.0 0.0 0.0 0.0 0.0 0.873647
Person 0.0 0 0.0 1249.218750 646.918945 1553.906250 1073.276367 0.0 0.0 0.0 0.0 0.0 0.0 0.0 0.876211
Person 0.0 0 0.0 584.589844 136.318359 654.785156 410.009766 0.0 0.0 0.0 0.0 0.0 0.0 0.0 0.892563
Person 0.0 0 0.0 1357.177734 153.588867 1421.572266 362.680664 0.0 0.0 0.0 0.0 0.0 0.0 0.0 0.894052
Person 0.0 0 0.0 1561.230469 184.899902 1660.019531 384.631348 0.0 0.0 0.0 0.0 0.0 0.0 0.0 0.903975
Person 0.0 0 0.0 1797.070312 248.576660 1862.929688 409.548340 0.0 0.0 0.0 0.0 0.0 0.0 0.0 0.906983
Person 0.0 0 0.0 757.646484 21.093750 801.416016 228.999023 0.0 0.0 0.0 0.0 0.0 0.0 0.0 0.910863
Person 0.0 0 0.0 14.824219 146.206055 92.519531 349.233398 0.0 0.0 0.0 0.0 0.0 0.0 0.0 0.925230
Person 0.0 0 0.0 1434.638672 112.390137 1505.361328 282.326660 0.0 0.0 0.0 0.0 0.0 0.0 0.0 0.925500
Person 0.0 0 0.0 269.677734 147.260742 350.478516 377.182617 0.0 0.0 0.0 0.0 0.0 0.0 0.0 0.927626
Person 0.0 0 0.0 1250.683594 249.499512 1340.566406 497.219238 0.0 0.0 0.0 0.0 0.0 0.0 0.0 0.928409
Person 0.0 0 0.0 1402.822266 38.891602 1435.927734 130.649414 0.0 0.0 0.0 0.0 0.0 0.0 0.0 0.942082
Person 0.0 0 0.0 1518.427734 166.838379 1595.947266 361.823730 0.0 0.0 0.0 0.0 0.0 0.0 0.0 0.943138
Person 0.0 0 0.0 637.822266 118.388672 730.927734 368.876953 0.0 0.0 0.0 0.0 0.0 0.0 0.0 0.947769
Person 0.0 0 0.0 1325.346680 34.936523 1365.278320 163.872070 0.0 0.0 0.0 0.0 0.0 0.0 0.0 0.949856
