Person 0.0 0 0.0 654.404297 0.000000 733.095703 168.750000 0.0 0.0 0.0 0.0 0.0 0.0 0.0 0.766294
Person 0.0 0 0.0 0.585938 148.117676 79.453125 349.431152 0.0 0.0 0.0 0.0 0.0 0.0 0.0 0.795658
Person 0.0 0 0.0 1608.398438 217.166748 1678.476562 338.126221 0.0 0.0 0.0 0.0 0.0 0.0 0.0 0.807461
Person 0.0 0 0.0 1555.224609 175.671387 1607.900391 321.613770 0.0 0.0 0.0 0.0 0.0 0.0 0.0 0.857291
Person 0.0 0 0.0 1441.875000 264.528809 1560.000000 484.826660 0.0 0.0 0.0 0.0 0.0 0.0 0.0 0.870157
Person 0.0 0 0.0 571.464844 151.479492 658.535156 442.836914 0.0 0.0 0.0 0.0 0.0 0.0 0.0 0.875787
Person 0.0 0 0.0 1574.531250 803.474121 1815.468750 1072.814941 0.0 0.0 0.0 0.0 0.0 0.0 0.0 0.886420
Person 0.0 0 0.0 1538.701172 273.229980 1626.298828 430.773926 0.0 0.0 0.0 0.0 0.0 0.0 0.0 0.894789
Person 0.0 0 0.0 244.101562 165.454102 331.523438 399.858398 0.0 0.0 0.0 0.0 0.0 0.0 0.0 0.898411
Person 0.0 0 0.0 1465.532227 149.765625 1525.092773 324.843750 0.0 0.0 0.0 0.0 0.0 0.0 0.0 0.905990
Person 0.0 0 0.0 764.355469 325.107422 893.144531 683.173828 0.0 0.0 0.0 0.0 0.0 0.0 0.0 0.915507
Person 0.0 0 0.0 706.171875 158.071289 791.015625 440.991211 0.0 0.0 0.0 0.0 0.0 0.0 0.0 0.930711
Person 0.0 0 0.0 1437.070312 386.411133 1639.804688 725.229492 0.0 0.0 0.0 0.0 0.0 0.0 0.0 0.933915
Person 0.0 0 0.0 1360.019531 438.222656 1544.355469 797.871094 0.0 0.0 0.0 0.0 0.0 0.0 0.0 0.936981
Person 0.0 0 0.0 1220.859375 255.234375 1377.890625 573.750000 0.0 0.0 0.0 0.0 0.0 0.0 0.0 0.939025
Person 0.0 0 0.0 1391.499023 37.474365 1434.125977 154.346924 0.0 0.0 0.0 0.0 0.0 0.0 0.0 0.944791
Person 0.0 0 0.0 1423.374023 44.692383 1466.000977 152.666016 0.0 0.0 0.0 0.0 0.0 0.0 0.0 0.949295
Person 0.0 0 0.0 330.029297 194.589844 444.345703 471.445312 0.0 0.0 0.0 0.0 0.0 0.0 0.0 0.951323
Person 0.0 0 0.0 1696.098633 162.224121 1748.276367 301.047363 0.0 0.0 0.0 0.0 0.0 0.0 0.0 0.956957
Person 0.0 0 0.0 1324.658203 37.309570 1369.716797 173.100586 0.0 0.0 0.0 0.0 0.0 0.0 0.0 0.960212
