Person 0.0 0 0.0 21.328125 326.821289 143.906250 655.620117 0.0 0.0 0.0 0.0 0.0 0.0 0.0 0.720958
Person 0.0 0 0.0 1441.582031 364.394531 1584.667969 704.531250 0.0 0.0 0.0 0.0 0.0 0.0 0.0 0.775265
Person 0.0 0 0.0 1774.746094 236.645508 1847.753906 400.385742 0.0 0.0 0.0 0.0 0.0 0.0 0.0 0.857768
Person 0.0 0 0.0 1225.957031 301.508789 1331.542969 651.928711 0.0 0.0 0.0 0.0 0.0 0.0 0.0 0.872782
Person 0.0 0 0.0 1177.968750 780.996094 1516.406250 1074.199219 0.0 0.0 0.0 0.0 0.0 0.0 0.0 0.892937
Person 0.0 0 0.0 285.703125 156.621094 388.828125 436.113281 0.0 0.0 0.0 0.0 0.0 0.0 0.0 0.894421
Person 0.0 0 0.0 1669.233398 188.261719 1718.891602 345.937500 0.0 0.0 0.0 0.0 0.0 0.0 0.0 0.900879
Person 0.0 0 0.0 1357.236328 155.104980 1429.013672 368.020020 0.0 0.0 0.0 0.0 0.0 0.0 0.0 0.902266
Person 0.0 0 0.0 1315.620117 182.263184 1367.504883 366.701660 0.0 0.0 0.0 0.0 0.0 0.0 0.0 0.917006
Person 0.0 0 0.0 1430.874023 45.186768 1466.000977 148.743896 0.0 0.0 0.0 0.0 0.0 0.0 0.0 0.935346
Person 0.0 0 0.0 1359.609375 428.466797 1539.140625 788.642578 0.0 0.0 0.0 0.0 0.0 0.0 0.0 0.937669
Person 0.0 0 0.0 246.181641 165.520020 331.787109 400.847168 0.0 0.0 0.0 0.0 0.0 0.0 0.0 0.938801
Person 0.0 0 0.0 1392.377930 36.815186 1436.997070 152.633057 0.0 0.0 0.0 0.0 0.0 0.0 0.0 0.945197
Person 0.0 0 0.0 710.332031 158.598633 804.667969 442.573242 0.0 0.0 0.0 0.0 0.0 0.0 0.0 0.954984
Person 0.0 0 0.0 1426.201172 112.192383 1491.298828 300.717773 0.0 0.0 0.0 0.0 0.0 0.0 0.0 0.957754
Person 0.0 0 0.0 1123.183594 359.516602 1271.191406 744.741211 0.0 0.0 0.0 0.0 0.0 0.0 0.0 0.959762
Person 0.0 0 0.0 592.792969 160.312500 691.582031 442.441406 0.0 0.0 0.0 0.0 0.0 0.0 0.0 0.962813
Person 0.0 0 0.0 1458.339844 150.292969 1545.410156 349.628906 0.0 0.0 0.0 0.0 0.0 0.0 0.0 0.967656
Person 0.0 0 0.0 1591.816406 182.526855 1650.058594 343.762207 0.0 0.0 0.0 0.0 0.0 0.0 0.0 0.968620
Person 0.0 0 0.0 1551.884766 162.158203 1611.240234 324.052734 0.0 0.0 0.0 0.0 0.0 0.0 0.0 0.970465
