Person 0.0 0 0.0 242.666016 172.177734 331.552734 401.044922 0.0 0.0 0.0 0.0 0.0 0.0 0.0 0.824462
Person 0.0 0 0.0 1418.525391 138.955078 1474.599609 335.126953 0.0 0.0 0.0 0.0 0.0 0.0 0.0 0.826151
Person 0.0 0 0.0 1375.751953 109.522705 1442.373047 215.848389 0.0 0.0 0.0 0.0 0.0 0.0 0.0 0.831143
Person 0.0 0 0.0 498.574219 98.745117 562.675781 330.776367 0.0 0.0 0.0 0.0 0.0 0.0 0.0 0.867485
Person 0.0 0 0.0 1066.699219 298.344727 1170.175781 600.776367 0.0 0.0 0.0 0.0 0.0 0.0 0.0 0.892187
Person 0.0 0 0.0 343.447266 145.019531 422.021484 422.402344 0.0 0.0 0.0 0.0 0.0 0.0 0.0 0.899121
Person 0.0 0 0.0 548.203125 218.452148 670.546875 543.559570 0.0 0.0 0.0 0.0 0.0 0.0 0.0 0.904313
Person 0.0 0 0.0 1601.542969 285.095215 1704.082031 520.686035 0.0 0.0 0.0 0.0 0.0 0.0 0.0 0.904987
Person 0.0 0 0.0 1752.626953 223.132324 1819.248047 392.805176 0.0 0.0 0.0 0.0 0.0 0.0 0.0 0.907967
Person 0.0 0 0.0 1145.625000 253.916016 1301.250000 579.287109 0.0 0.0 0.0 0.0 0.0 0.0 0.0 0.916708
Person 0.0 0 0.0 746.088867 18.259277 795.161133 223.264160 0.0 0.0 0.0 0.0 0.0 0.0 0.0 0.921640
Person 0.0 0 0.0 666.064453 114.367676 725.185547 378.698730 0.0 0.0 0.0 0.0 0.0 0.0 0.0 0.922203
Person 0.0 0 0.0 1258.359375 620.024414 1529.765625 1073.803711 0.0 0.0 0.0 0.0 0.0 0.0 0.0 0.925500
Person 0.0 0 0.0 1398.881836 39.188232 1437.993164 139.449463 0.0 0.0 0.0 0.0 0.0 0.0 0.0 0.939913
Person 0.0 0 0.0 1786.230469 248.576660 1860.644531 407.966309 0.0 0.0 0.0 0.0 0.0 0.0 0.0 0.942082
Person 0.0 0 0.0 1359.755859 161.301270 1432.119141 361.823730 0.0 0.0 0.0 0.0 0.0 0.0 0.0 0.942718
Person 0.0 0 0.0 1245.468750 228.999023 1349.531250 523.520508 0.0 0.0 0.0 0.0 0.0 0.0 0.0 0.946794
Person 0.0 0 0.0 1335.307617 62.753906 1381.567383 205.795898 0.0 0.0 0.0 0.0 0.0 0.0 0.0 0.952042
Person 0.0 0 0.0 1494.975586 118.125000 1548.149414 273.955078 0.0 0.0 0.0 0.0 0.0 0.0 0.0 0.957118
Person 0.0 0 0.0 1443.017578 142.712402 1513.857422 317.131348 0.0 0.0 0.0 0.0 0.0 0.0 0.0 0.971779
