Person 0.0 0 0.0 680.800781 48.581543 742.324219 243.039551 0.0 0.0 0.0 0.0 0.0 0.0 0.0 0.859192
Person 0.0 0 0.0 440.712891 102.436523 512.255859 327.084961 0.0 0.0 0.0 0.0 0.0 0.0 0.0 0.875361
Person 0.0 0 0.0 341.220703 145.942383 421.904297 422.534180 0.0 0.0 0.0 0.0 0.0 0.0 0.0 0.879147
Person 0.0 0 0.0 4.775391 154.313965 84.814453 348.244629 0.0 0.0 0.0 0.0 0.0 0.0 0.0 0.887205
Person 0.0 0 0.0 1268.789062 639.404297 1556.835938 1073.408203 0.0 0.0 0.0 0.0 0.0 0.0 0.0 0.888759
Person 0.0 0 0.0 1633.945312 326.425781 1752.304688 566.894531 0.0 0.0 0.0 0.0 0.0 0.0 0.0 0.896614
Person 0.0 0 0.0 101.953125 169.672852 158.437500 311.000977 0.0 0.0 0.0 0.0 0.0 0.0 0.0 0.899121
Person 0.0 0 0.0 1125.205078 203.554688 1226.044922 502.558594 0.0 0.0 0.0 0.0 0.0 0.0 0.0 0.905322
Person 0.0 0 0.0 1752.304688 223.527832 1823.320312 392.409668 0.0 0.0 0.0 0.0 0.0 0.0 0.0 0.905657
Person 0.0 0 0.0 746.469727 19.050293 798.530273 223.395996 0.0 0.0 0.0 0.0 0.0 0.0 0.0 0.912124
Person 0.0 0 0.0 558.896484 137.570801 627.041016 393.728027 0.0 0.0 0.0 0.0 0.0 0.0 0.0 0.916409
Person 0.0 0 0.0 659.238281 115.620117 720.761719 369.008789 0.0 0.0 0.0 0.0 0.0 0.0 0.0 0.921358
Person 0.0 0 0.0 1353.793945 40.440674 1400.581055 153.489990 0.0 0.0 0.0 0.0 0.0 0.0 0.0 0.936052
Person 0.0 0 0.0 1296.679688 187.668457 1367.695312 381.862793 0.0 0.0 0.0 0.0 0.0 0.0 0.0 0.937897
Person 0.0 0 0.0 1129.218750 289.116211 1278.281250 581.528320 0.0 0.0 0.0 0.0 0.0 0.0 0.0 0.941654
Person 0.0 0 0.0 1276.875000 297.158203 1477.500000 622.529297 0.0 0.0 0.0 0.0 0.0 0.0 0.0 0.946597
Person 0.0 0 0.0 1348.359375 152.270508 1424.765625 363.471680 0.0 0.0 0.0 0.0 0.0 0.0 0.0 0.954137
Person 0.0 0 0.0 1795.458984 248.774414 1862.666016 409.350586 0.0 0.0 0.0 0.0 0.0 0.0 0.0 0.954647
Person 0.0 0 0.0 1458.251953 138.427734 1526.748047 339.609375 0.0 0.0 0.0 0.0 0.0 0.0 0.0 0.955486
Person 0.0 0 0.0 1514.121094 148.842773 1581.503906 321.020508 0.0 0.0 0.0 0.0 0.0 0.0 0.0 0.961389
