Person 0.0 0 0.0 1756.054688 355.429688 1917.070312 654.433594 0.0 0.0 0.0 0.0 0.0 0.0 0.0 0.551574
Person 0.0 0 0.0 1346.535645 38.562012 1372.214355 127.683105 0.0 0.0 0.0 0.0 0.0 0.0 0.0 0.586996
Person 0.0 0 0.0 1378.007812 81.721802 1434.492188 142.003784 0.0 0.0 0.0 0.0 0.0 0.0 0.0 0.618780
Person 0.0 0 0.0 1252.880859 238.161621 1351.494141 496.428223 0.0 0.0 0.0 0.0 0.0 0.0 0.0 0.661048
Person 0.0 0 0.0 1303.125000 615.541992 1503.750000 929.575195 0.0 0.0 0.0 0.0 0.0 0.0 0.0 0.719384
Person 0.0 0 0.0 1406.894531 38.842163 1435.605469 91.411743 0.0 0.0 0.0 0.0 0.0 0.0 0.0 0.785309
Person 0.0 0 0.0 98.906250 167.893066 168.046875 302.761230 0.0 0.0 0.0 0.0 0.0 0.0 0.0 0.800692
Person 0.0 0 0.0 340.927734 139.746094 411.416016 404.472656 0.0 0.0 0.0 0.0 0.0 0.0 0.0 0.847463
Person 0.0 0 0.0 16.406250 144.689941 92.812500 348.903809 0.0 0.0 0.0 0.0 0.0 0.0 0.0 0.866585
Person 0.0 0 0.0 1356.298828 151.809082 1428.076172 362.878418 0.0 0.0 0.0 0.0 0.0 0.0 0.0 0.868381
Person 0.0 0 0.0 1249.570312 645.732422 1549.804688 1073.408203 0.0 0.0 0.0 0.0 0.0 0.0 0.0 0.877896
Person 0.0 0 0.0 719.238281 51.284180 765.761719 250.620117 0.0 0.0 0.0 0.0 0.0 0.0 0.0 0.882833
Person 0.0 0 0.0 267.656250 146.074219 350.625000 377.050781 0.0 0.0 0.0 0.0 0.0 0.0 0.0 0.919063
Person 0.0 0 0.0 1449.902344 215.288086 1559.472656 364.262695 0.0 0.0 0.0 0.0 0.0 0.0 0.0 0.923592
Person 0.0 0 0.0 755.170898 20.895996 801.079102 228.669434 0.0 0.0 0.0 0.0 0.0 0.0 0.0 0.927363
Person 0.0 0 0.0 1284.316406 93.735352 1361.308594 275.932617 0.0 0.0 0.0 0.0 0.0 0.0 0.0 0.932207
Person 0.0 0 0.0 1795.605469 249.565430 1864.394531 409.614258 0.0 0.0 0.0 0.0 0.0 0.0 0.0 0.934395
Person 0.0 0 0.0 582.187500 139.284668 676.875000 405.988770 0.0 0.0 0.0 0.0 0.0 0.0 0.0 0.955319
Person 0.0 0 0.0 1433.349609 112.192383 1502.900391 282.260742 0.0 0.0 0.0 0.0 0.0 0.0 0.0 0.955486
Person 0.0 0 0.0 629.267578 117.861328 731.044922 369.140625 0.0 0.0 0.0 0.0 0.0 0.0 0.0 0.960805
