Person 0.0 0 0.0 739.072266 185.625000 832.177734 409.218750 0.0 0.0 0.0 0.0 0.0 0.0 0.0 0.654895
Person 0.0 0 0.0 757.602539 20.764160 798.647461 202.565918 0.0 0.0 0.0 0.0 0.0 0.0 0.0 0.690142
Person 0.0 0 0.0 13.974609 146.206055 94.013672 349.233398 0.0 0.0 0.0 0.0 0.0 0.0 0.0 0.831691
Person 0.0 0 0.0 356.865234 134.802246 426.416016 393.068848 0.0 0.0 0.0 0.0 0.0 0.0 0.0 0.856332
Person 0.0 0 0.0 702.832031 52.404785 776.542969 218.649902 0.0 0.0 0.0 0.0 0.0 0.0 0.0 0.862004
Person 0.0 0 0.0 1310.068359 126.562500 1408.681641 300.849609 0.0 0.0 0.0 0.0 0.0 0.0 0.0 0.870597
Person 0.0 0 0.0 1754.296875 223.923340 1823.203125 369.338379 0.0 0.0 0.0 0.0 0.0 0.0 0.0 0.877056
Person 0.0 0 0.0 594.316406 280.546875 714.433594 608.554688 0.0 0.0 0.0 0.0 0.0 0.0 0.0 0.879974
Person 0.0 0 0.0 1408.974609 40.869141 1439.150391 157.543945 0.0 0.0 0.0 0.0 0.0 0.0 0.0 0.894421
Person 0.0 0 0.0 266.894531 147.722168 350.449219 376.984863 0.0 0.0 0.0 0.0 0.0 0.0 0.0 0.900179
Person 0.0 0 0.0 1259.414062 646.523438 1553.085938 1073.671875 0.0 0.0 0.0 0.0 0.0 0.0 0.0 0.901227
Person 0.0 0 0.0 669.111328 208.300781 771.826172 513.105469 0.0 0.0 0.0 0.0 0.0 0.0 0.0 0.910545
Person 0.0 0 0.0 1672.294922 247.917480 1760.830078 426.555176 0.0 0.0 0.0 0.0 0.0 0.0 0.0 0.928668
Person 0.0 0 0.0 1435.078125 101.579590 1503.046875 265.451660 0.0 0.0 0.0 0.0 0.0 0.0 0.0 0.943138
Person 0.0 0 0.0 1286.250000 77.783203 1353.750000 240.996094 0.0 0.0 0.0 0.0 0.0 0.0 0.0 0.946597
Person 0.0 0 0.0 1239.433594 377.709961 1389.316406 707.563477 0.0 0.0 0.0 0.0 0.0 0.0 0.0 0.949856
Person 0.0 0 0.0 1804.892578 262.287598 1871.982422 409.020996 0.0 0.0 0.0 0.0 0.0 0.0 0.0 0.953966
Person 0.0 0 0.0 1588.623047 201.049805 1696.376953 404.868164 0.0 0.0 0.0 0.0 0.0 0.0 0.0 0.955486
Person 0.0 0 0.0 1756.464844 244.423828 1837.910156 403.154297 0.0 0.0 0.0 0.0 0.0 0.0 0.0 0.958226
Person 0.0 0 0.0 1323.867188 162.355957 1439.882812 392.409668 0.0 0.0 0.0 0.0 0.0 0.0 0.0 0.965119
