Person 0.0 0 0.0 758.071289 20.039062 798.178711 231.240234 0.0 0.0 0.0 0.0 0.0 0.0 0.0 0.593609
Person 0.0 0 0.0 1420.239258 134.472656 1457.885742 248.115234 0.0 0.0 0.0 0.0 0.0 0.0 0.0 0.642432
Person 0.0 0 0.0 1305.527344 611.982422 1510.722656 929.970703 0.0 0.0 0.0 0.0 0.0 0.0 0.0 0.746878
Person 0.0 0 0.0 1653.457031 352.001953 1777.792969 607.763672 0.0 0.0 0.0 0.0 0.0 0.0 0.0 0.787931
Person 0.0 0 0.0 102.392578 168.024902 172.060547 308.957520 0.0 0.0 0.0 0.0 0.0 0.0 0.0 0.801315
Person 0.0 0 0.0 498.720703 244.687500 588.779297 543.691406 0.0 0.0 0.0 0.0 0.0 0.0 0.0 0.839734
Person 0.0 0 0.0 1348.300781 154.709473 1424.824219 359.187012 0.0 0.0 0.0 0.0 0.0 0.0 0.0 0.841826
Person 0.0 0 0.0 1761.914062 223.461914 1823.085938 391.420898 0.0 0.0 0.0 0.0 0.0 0.0 0.0 0.848972
Person 0.0 0 0.0 344.853516 142.712402 414.521484 407.834473 0.0 0.0 0.0 0.0 0.0 0.0 0.0 0.861072
Person 0.0 0 0.0 1434.492188 210.476074 1498.007812 458.195801 0.0 0.0 0.0 0.0 0.0 0.0 0.0 0.861538
Person 0.0 0 0.0 1540.253906 258.398438 1635.996094 500.976562 0.0 0.0 0.0 0.0 0.0 0.0 0.0 0.870597
Person 0.0 0 0.0 1378.037109 51.745605 1419.462891 159.719238 0.0 0.0 0.0 0.0 0.0 0.0 0.0 0.878731
Person 0.0 0 0.0 717.246094 50.559082 767.753906 250.554199 0.0 0.0 0.0 0.0 0.0 0.0 0.0 0.884838
Person 0.0 0 0.0 251.103516 156.291504 332.958984 392.145996 0.0 0.0 0.0 0.0 0.0 0.0 0.0 0.894052
Person 0.0 0 0.0 1267.617188 636.503906 1550.507812 1073.144531 0.0 0.0 0.0 0.0 0.0 0.0 0.0 0.910863
Person 0.0 0 0.0 1796.015625 248.115234 1863.984375 409.482422 0.0 0.0 0.0 0.0 0.0 0.0 0.0 0.942929
Person 0.0 0 0.0 1316.601562 243.500977 1458.398438 535.913086 0.0 0.0 0.0 0.0 0.0 0.0 0.0 0.947962
Person 0.0 0 0.0 575.361328 129.067383 663.076172 404.340820 0.0 0.0 0.0 0.0 0.0 0.0 0.0 0.948917
Person 0.0 0 0.0 1297.236328 189.975586 1372.763672 383.247070 0.0 0.0 0.0 0.0 0.0 0.0 0.0 0.952750
Person 0.0 0 0.0 658.125000 114.960938 718.125000 369.404297 0.0 0.0 0.0 0.0 0.0 0.0 0.0 0.960510
