Person 0.0 0 0.0 1753.125000 223.593750 1824.375000 390.761719 0.0 0.0 0.0 0.0 0.0 0.0 0.0 0.655777
Person 0.0 0 0.0 1303.242188 614.619141 1501.757812 930.498047 0.0 0.0 0.0 0.0 0.0 0.0 0.0 0.733356
Person 0.0 0 0.0 1232.607422 256.750488 1341.767578 496.296387 0.0 0.0 0.0 0.0 0.0 0.0 0.0 0.779993
Person 0.0 0 0.0 100.488281 167.958984 166.464844 303.750000 0.0 0.0 0.0 0.0 0.0 0.0 0.0 0.787278
Person 0.0 0 0.0 1355.507812 160.312500 1417.617188 362.548828 0.0 0.0 0.0 0.0 0.0 0.0 0.0 0.818156
Person 0.0 0 0.0 1434.418945 102.106934 1490.581055 282.326660 0.0 0.0 0.0 0.0 0.0 0.0 0.0 0.829492
Person 0.0 0 0.0 338.203125 138.493652 410.390625 406.779785 0.0 0.0 0.0 0.0 0.0 0.0 0.0 0.846451
Person 0.0 0 0.0 1278.427734 95.712891 1329.697266 286.611328 0.0 0.0 0.0 0.0 0.0 0.0 0.0 0.863852
Person 0.0 0 0.0 1249.453125 647.050781 1553.671875 1073.144531 0.0 0.0 0.0 0.0 0.0 0.0 0.0 0.877896
Person 0.0 0 0.0 714.946289 51.943359 760.678711 250.488281 0.0 0.0 0.0 0.0 0.0 0.0 0.0 0.893309
Person 0.0 0 0.0 1797.773438 248.576660 1864.101562 409.020996 0.0 0.0 0.0 0.0 0.0 0.0 0.0 0.915507
Person 0.0 0 0.0 14.824219 146.337891 92.519531 349.101562 0.0 0.0 0.0 0.0 0.0 0.0 0.0 0.918187
Person 0.0 0 0.0 1560.820312 182.658691 1658.554688 384.235840 0.0 0.0 0.0 0.0 0.0 0.0 0.0 0.921922
Person 0.0 0 0.0 756.606445 20.961914 799.643555 229.130859 0.0 0.0 0.0 0.0 0.0 0.0 0.0 0.922203
Person 0.0 0 0.0 586.728516 134.340820 651.708984 407.241211 0.0 0.0 0.0 0.0 0.0 0.0 0.0 0.924959
Person 0.0 0 0.0 1394.677734 38.825684 1436.572266 141.789551 0.0 0.0 0.0 0.0 0.0 0.0 0.0 0.937897
Person 0.0 0 0.0 269.121094 147.326660 350.566406 377.116699 0.0 0.0 0.0 0.0 0.0 0.0 0.0 0.938124
Person 0.0 0 0.0 1324.174805 35.035400 1364.575195 165.223389 0.0 0.0 0.0 0.0 0.0 0.0 0.0 0.946399
Person 0.0 0 0.0 637.734375 118.190918 731.015625 369.074707 0.0 0.0 0.0 0.0 0.0 0.0 0.0 0.957278
Person 0.0 0 0.0 1474.775391 163.740234 1572.099609 361.757812 0.0 0.0 0.0 0.0 0.0 0.0 0.0 0.966789
