Person 0.0 0 0.0 1.757812 147.524414 81.093750 346.069336 0.0 0.0 0.0 0.0 0.0 0.0 0.0 0.734881
Person 0.0 0 0.0 853.623047 291.621094 927.626953 615.410156 0.0 0.0 0.0 0.0 0.0 0.0 0.0 0.842863
Person 0.0 0 0.0 1137.832031 244.423828 1264.042969 588.779297 0.0 0.0 0.0 0.0 0.0 0.0 0.0 0.850965
Person 0.0 0 0.0 1266.796875 470.917969 1421.953125 870.644531 0.0 0.0 0.0 0.0 0.0 0.0 0.0 0.901921
Person 0.0 0 0.0 299.824219 153.522949 379.863281 413.898926 0.0 0.0 0.0 0.0 0.0 0.0 0.0 0.906322
Person 0.0 0 0.0 1410.996094 136.582031 1478.378906 318.779297 0.0 0.0 0.0 0.0 0.0 0.0 0.0 0.913677
Person 0.0 0 0.0 386.425781 180.747070 474.667969 463.666992 0.0 0.0 0.0 0.0 0.0 0.0 0.0 0.916409
Person 0.0 0 0.0 1483.945312 152.336426 1529.179688 314.890137 0.0 0.0 0.0 0.0 0.0 0.0 0.0 0.919643
Person 0.0 0 0.0 1378.769531 414.492188 1533.105469 776.250000 0.0 0.0 0.0 0.0 0.0 0.0 0.0 0.921922
Person 0.0 0 0.0 573.281250 147.392578 649.218750 426.884766 0.0 0.0 0.0 0.0 0.0 0.0 0.0 0.926037
Person 0.0 0 0.0 1661.030273 148.183594 1698.969727 287.402344 0.0 0.0 0.0 0.0 0.0 0.0 0.0 0.933915
Person 0.0 0 0.0 244.042969 165.981445 331.113281 399.858398 0.0 0.0 0.0 0.0 0.0 0.0 0.0 0.938124
Person 0.0 0 0.0 1343.964844 153.193359 1416.035156 359.648438 0.0 0.0 0.0 0.0 0.0 0.0 0.0 0.945801
Person 0.0 0 0.0 1773.867188 226.823730 1835.507812 384.895020 0.0 0.0 0.0 0.0 0.0 0.0 0.0 0.948917
Person 0.0 0 0.0 1296.210938 180.153809 1356.914062 375.666504 0.0 0.0 0.0 0.0 0.0 0.0 0.0 0.955817
Person 0.0 0 0.0 675.703125 128.408203 759.609375 399.462891 0.0 0.0 0.0 0.0 0.0 0.0 0.0 0.955981
Person 0.0 0 0.0 1339.321289 34.804688 1377.553711 166.772461 0.0 0.0 0.0 0.0 0.0 0.0 0.0 0.960212
Person 0.0 0 0.0 1393.212891 256.354980 1498.037109 496.164551 0.0 0.0 0.0 0.0 0.0 0.0 0.0 0.967778
Person 0.0 0 0.0 1597.001953 201.708984 1663.623047 359.912109 0.0 0.0 0.0 0.0 0.0 0.0 0.0 0.969556
Person 0.0 0 0.0 1544.179688 181.669922 1615.195312 348.574219 0.0 0.0 0.0 0.0 0.0 0.0 0.0 0.970013
