Person 0.0 0 0.0 718.652344 50.361328 766.347656 250.224609 0.0 0.0 0.0 0.0 0.0 0.0 0.0 0.837088
Person 0.0 0 0.0 1652.988281 372.634277 1783.886719 608.752441 0.0 0.0 0.0 0.0 0.0 0.0 0.0 0.845942
Person 0.0 0 0.0 102.890625 167.958984 174.140625 313.769531 0.0 0.0 0.0 0.0 0.0 0.0 0.0 0.847463
Person 0.0 0 0.0 2.812500 154.709473 85.781250 348.640137 0.0 0.0 0.0 0.0 0.0 0.0 0.0 0.849971
Person 0.0 0 0.0 1350.820312 153.918457 1427.929688 359.187012 0.0 0.0 0.0 0.0 0.0 0.0 0.0 0.868381
Person 0.0 0 0.0 1756.816406 223.395996 1824.433594 378.303223 0.0 0.0 0.0 0.0 0.0 0.0 0.0 0.874935
Person 0.0 0 0.0 448.842773 97.888184 498.500977 325.832520 0.0 0.0 0.0 0.0 0.0 0.0 0.0 0.877477
Person 0.0 0 0.0 313.798828 223.857422 410.419922 502.294922 0.0 0.0 0.0 0.0 0.0 0.0 0.0 0.891055
Person 0.0 0 0.0 1267.851562 641.645508 1554.023438 1073.276367 0.0 0.0 0.0 0.0 0.0 0.0 0.0 0.895157
Person 0.0 0 0.0 753.457031 17.995605 799.980469 230.383301 0.0 0.0 0.0 0.0 0.0 0.0 0.0 0.898053
Person 0.0 0 0.0 1313.994141 189.118652 1372.880859 382.521973 0.0 0.0 0.0 0.0 0.0 0.0 0.0 0.898767
Person 0.0 0 0.0 252.919922 158.928223 327.861328 400.056152 0.0 0.0 0.0 0.0 0.0 0.0 0.0 0.900879
Person 0.0 0 0.0 1472.197266 142.778320 1537.177734 336.840820 0.0 0.0 0.0 0.0 0.0 0.0 0.0 0.919931
Person 0.0 0 0.0 1797.246094 248.642578 1864.628906 408.955078 0.0 0.0 0.0 0.0 0.0 0.0 0.0 0.931960
Person 0.0 0 0.0 1276.582031 296.367188 1474.042969 623.320312 0.0 0.0 0.0 0.0 0.0 0.0 0.0 0.932944
Person 0.0 0 0.0 659.296875 113.049316 719.765625 369.206543 0.0 0.0 0.0 0.0 0.0 0.0 0.0 0.935346
Person 0.0 0 0.0 1179.726562 229.658203 1321.523438 533.935547 0.0 0.0 0.0 0.0 0.0 0.0 0.0 0.941223
Person 0.0 0 0.0 578.291016 133.813477 650.771484 405.395508 0.0 0.0 0.0 0.0 0.0 0.0 0.0 0.942507
Person 0.0 0 0.0 1536.708984 210.607910 1626.416016 414.821777 0.0 0.0 0.0 0.0 0.0 0.0 0.0 0.946200
Person 0.0 0 0.0 476.689453 139.350586 568.623047 395.903320 0.0 0.0 0.0 0.0 0.0 0.0 0.0 0.955981
