Person 0.0 0 0.0 95.156250 165.256348 170.390625 312.253418 0.0 0.0 0.0 0.0 0.0 0.0 0.0 0.823896
Person 0.0 0 0.0 251.308594 168.288574 331.816406 400.715332 0.0 0.0 0.0 0.0 0.0 0.0 0.0 0.836555
Person 0.0 0 0.0 1653.691406 143.701172 1687.558594 276.591797 0.0 0.0 0.0 0.0 0.0 0.0 0.0 0.878731
Person 0.0 0 0.0 296.689453 159.257812 390.498047 427.675781 0.0 0.0 0.0 0.0 0.0 0.0 0.0 0.900179
Person 0.0 0 0.0 1464.257812 151.875000 1526.367188 324.052734 0.0 0.0 0.0 0.0 0.0 0.0 0.0 0.906983
Person 0.0 0 0.0 1416.093750 587.460938 1720.781250 968.203125 0.0 0.0 0.0 0.0 0.0 0.0 0.0 0.912436
Person 0.0 0 0.0 369.140625 190.239258 452.578125 487.924805 0.0 0.0 0.0 0.0 0.0 0.0 0.0 0.931960
Person 0.0 0 0.0 1771.816406 226.494141 1833.808594 385.224609 0.0 0.0 0.0 0.0 0.0 0.0 0.0 0.932453
Person 0.0 0 0.0 572.812500 151.215820 640.312500 429.916992 0.0 0.0 0.0 0.0 0.0 0.0 0.0 0.938124
Person 0.0 0 0.0 1422.348633 44.890137 1465.151367 142.185059 0.0 0.0 0.0 0.0 0.0 0.0 0.0 0.939025
Person 0.0 0 0.0 1458.808594 256.552734 1544.941406 445.869141 0.0 0.0 0.0 0.0 0.0 0.0 0.0 0.946597
Person 0.0 0 0.0 613.945312 396.035156 736.054688 802.089844 0.0 0.0 0.0 0.0 0.0 0.0 0.0 0.947186
Person 0.0 0 0.0 1221.269531 253.520508 1377.480469 574.409180 0.0 0.0 0.0 0.0 0.0 0.0 0.0 0.949669
Person 0.0 0 0.0 1367.578125 395.639648 1546.171875 751.860352 0.0 0.0 0.0 0.0 0.0 0.0 0.0 0.956309
Person 0.0 0 0.0 1401.650391 139.548340 1483.974609 331.105957 0.0 0.0 0.0 0.0 0.0 0.0 0.0 0.958070
Person 0.0 0 0.0 672.714844 132.758789 759.785156 405.131836 0.0 0.0 0.0 0.0 0.0 0.0 0.0 0.960063
Person 0.0 0 0.0 1393.081055 37.441406 1436.293945 153.457031 0.0 0.0 0.0 0.0 0.0 0.0 0.0 0.960805
Person 0.0 0 0.0 1328.012695 43.835449 1379.487305 169.079590 0.0 0.0 0.0 0.0 0.0 0.0 0.0 0.962391
Person 0.0 0 0.0 1596.503906 204.082031 1664.121094 359.648438 0.0 0.0 0.0 0.0 0.0 0.0 0.0 0.963369
Person 0.0 0 0.0 1545.585938 182.922363 1615.664062 348.903809 0.0 0.0 0.0 0.0 0.0 0.0 0.0 0.965381
