Person 0.0 0 0.0 745.795898 17.468262 795.454102 224.055176 0.0 0.0 0.0 0.0 0.0 0.0 0.0 0.814643
Person 0.0 0 0.0 763.183594 303.750000 887.753906 670.781250 0.0 0.0 0.0 0.0 0.0 0.0 0.0 0.847463
Person 0.0 0 0.0 1359.199219 604.138184 1500.175781 839.729004 0.0 0.0 0.0 0.0 0.0 0.0 0.0 0.853913
Person 0.0 0 0.0 1007.050781 217.397461 1111.699219 419.633789 0.0 0.0 0.0 0.0 0.0 0.0 0.0 0.867036
Person 0.0 0 0.0 308.818359 148.183594 389.619141 423.457031 0.0 0.0 0.0 0.0 0.0 0.0 0.0 0.874077
Person 0.0 0 0.0 1197.070312 730.239258 1484.179688 1073.276367 0.0 0.0 0.0 0.0 0.0 0.0 0.0 0.874935
Person 0.0 0 0.0 1418.276367 138.361816 1472.973633 334.401855 0.0 0.0 0.0 0.0 0.0 0.0 0.0 0.877477
Person 0.0 0 0.0 1602.041016 286.677246 1709.208984 520.686035 0.0 0.0 0.0 0.0 0.0 0.0 0.0 0.906653
Person 0.0 0 0.0 1753.359375 222.209473 1822.265625 392.673340 0.0 0.0 0.0 0.0 0.0 0.0 0.0 0.907640
Person 0.0 0 0.0 1353.442383 30.487061 1385.932617 151.051025 0.0 0.0 0.0 0.0 0.0 0.0 0.0 0.912748
Person 0.0 0 0.0 244.658203 161.630859 331.435547 398.935547 0.0 0.0 0.0 0.0 0.0 0.0 0.0 0.913058
Person 0.0 0 0.0 655.532227 122.014160 713.217773 378.171387 0.0 0.0 0.0 0.0 0.0 0.0 0.0 0.928409
Person 0.0 0 0.0 1182.949219 306.386719 1307.050781 675.527344 0.0 0.0 0.0 0.0 0.0 0.0 0.0 0.930711
Person 0.0 0 0.0 538.769531 127.287598 608.730469 396.628418 0.0 0.0 0.0 0.0 0.0 0.0 0.0 0.938350
Person 0.0 0 0.0 1297.236328 82.924805 1361.513672 246.137695 0.0 0.0 0.0 0.0 0.0 0.0 0.0 0.939025
Person 0.0 0 0.0 1442.812500 143.107910 1502.812500 316.735840 0.0 0.0 0.0 0.0 0.0 0.0 0.0 0.941868
Person 0.0 0 0.0 1297.441406 187.272949 1368.808594 382.258301 0.0 0.0 0.0 0.0 0.0 0.0 0.0 0.943348
Person 0.0 0 0.0 1787.314453 248.444824 1861.435547 408.098145 0.0 0.0 0.0 0.0 0.0 0.0 0.0 0.944177
Person 0.0 0 0.0 1495.400391 118.059082 1549.599609 274.020996 0.0 0.0 0.0 0.0 0.0 0.0 0.0 0.955319
Person 0.0 0 0.0 1357.617188 160.773926 1430.507812 363.669434 0.0 0.0 0.0 0.0 0.0 0.0 0.0 0.955981
