Person 0.0 0 0.0 343.242188 139.218750 410.976562 400.253906 0.0 0.0 0.0 0.0 0.0 0.0 0.0 0.784649
Person 0.0 0 0.0 1252.001953 241.325684 1348.623047 496.955566 0.0 0.0 0.0 0.0 0.0 0.0 0.0 0.802556
Person 0.0 0 0.0 1562.841797 184.108887 1650.908203 383.840332 0.0 0.0 0.0 0.0 0.0 0.0 0.0 0.819893
Person 0.0 0 0.0 1249.687500 645.336914 1547.812500 1073.803711 0.0 0.0 0.0 0.0 0.0 0.0 0.0 0.852935
Person 0.0 0 0.0 1359.785156 104.512939 1415.214844 199.764404 0.0 0.0 0.0 0.0 0.0 0.0 0.0 0.853425
Person 0.0 0 0.0 98.320312 167.102051 166.289062 303.552246 0.0 0.0 0.0 0.0 0.0 0.0 0.0 0.858244
Person 0.0 0 0.0 1406.389160 39.188232 1436.110840 128.507080 0.0 0.0 0.0 0.0 0.0 0.0 0.0 0.861072
Person 0.0 0 0.0 755.434570 21.225586 802.690430 227.153320 0.0 0.0 0.0 0.0 0.0 0.0 0.0 0.879147
Person 0.0 0 0.0 266.894531 146.271973 349.980469 376.589355 0.0 0.0 0.0 0.0 0.0 0.0 0.0 0.879561
Person 0.0 0 0.0 1752.832031 223.659668 1822.792969 392.277832 0.0 0.0 0.0 0.0 0.0 0.0 0.0 0.895523
Person 0.0 0 0.0 711.577148 53.393555 762.172852 250.883789 0.0 0.0 0.0 0.0 0.0 0.0 0.0 0.895888
Person 0.0 0 0.0 1355.888672 151.479492 1428.486328 363.208008 0.0 0.0 0.0 0.0 0.0 0.0 0.0 0.898411
Person 0.0 0 0.0 16.816406 144.294434 93.222656 348.508301 0.0 0.0 0.0 0.0 0.0 0.0 0.0 0.899121
Person 0.0 0 0.0 1662.275391 211.201172 1716.474609 367.822266 0.0 0.0 0.0 0.0 0.0 0.0 0.0 0.907640
Person 0.0 0 0.0 576.445312 134.077148 663.867188 405.395508 0.0 0.0 0.0 0.0 0.0 0.0 0.0 0.926037
Person 0.0 0 0.0 1448.232422 165.322266 1546.142578 365.976562 0.0 0.0 0.0 0.0 0.0 0.0 0.0 0.934155
Person 0.0 0 0.0 1796.250000 249.169922 1863.750000 409.482422 0.0 0.0 0.0 0.0 0.0 0.0 0.0 0.935110
Person 0.0 0 0.0 1286.191406 95.317383 1365.058594 276.459961 0.0 0.0 0.0 0.0 0.0 0.0 0.0 0.937440
Person 0.0 0 0.0 629.443359 117.399902 728.056641 370.920410 0.0 0.0 0.0 0.0 0.0 0.0 0.0 0.956957
Person 0.0 0 0.0 1434.345703 114.367676 1503.779297 281.931152 0.0 0.0 0.0 0.0 0.0 0.0 0.0 0.962813
