Person 0.0 0 0.0 85.927734 163.212891 154.306641 324.316406 0.0 0.0 0.0 0.0 0.0 0.0 0.0 0.700075
Person 0.0 0 0.0 1841.513672 243.435059 1893.486328 371.975098 0.0 0.0 0.0 0.0 0.0 0.0 0.0 0.724870
Person 0.0 0 0.0 1439.414062 362.944336 1581.210938 706.508789 0.0 0.0 0.0 0.0 0.0 0.0 0.0 0.762070
Person 0.0 0 0.0 1668.720703 203.587646 1717.529297 335.885010 0.0 0.0 0.0 0.0 0.0 0.0 0.0 0.825027
Person 0.0 0 0.0 1743.691406 223.461914 1801.933594 377.182617 0.0 0.0 0.0 0.0 0.0 0.0 0.0 0.833325
Person 0.0 0 0.0 1222.939453 302.431641 1334.560547 653.115234 0.0 0.0 0.0 0.0 0.0 0.0 0.0 0.862004
Person 0.0 0 0.0 1424.838867 116.015625 1479.536133 307.705078 0.0 0.0 0.0 0.0 0.0 0.0 0.0 0.867485
Person 0.0 0 0.0 1433.745117 45.516357 1465.004883 145.645752 0.0 0.0 0.0 0.0 0.0 0.0 0.0 0.867934
Person 0.0 0 0.0 305.068359 155.566406 382.587891 440.332031 0.0 0.0 0.0 0.0 0.0 0.0 0.0 0.871037
Person 0.0 0 0.0 1773.837891 239.677734 1850.537109 400.517578 0.0 0.0 0.0 0.0 0.0 0.0 0.0 0.888759
Person 0.0 0 0.0 245.068359 164.069824 331.025391 400.187988 0.0 0.0 0.0 0.0 0.0 0.0 0.0 0.930458
Person 0.0 0 0.0 1391.293945 37.243652 1434.331055 153.918457 0.0 0.0 0.0 0.0 0.0 0.0 0.0 0.938576
Person 0.0 0 0.0 595.839844 156.621094 681.972656 442.441406 0.0 0.0 0.0 0.0 0.0 0.0 0.0 0.941223
Person 0.0 0 0.0 1307.578125 169.343262 1354.921875 317.131348 0.0 0.0 0.0 0.0 0.0 0.0 0.0 0.941654
Person 0.0 0 0.0 1123.828125 354.111328 1270.546875 744.873047 0.0 0.0 0.0 0.0 0.0 0.0 0.0 0.947962
Person 0.0 0 0.0 708.779297 159.389648 796.845703 443.364258 0.0 0.0 0.0 0.0 0.0 0.0 0.0 0.951142
Person 0.0 0 0.0 1359.521484 157.939453 1439.853516 364.921875 0.0 0.0 0.0 0.0 0.0 0.0 0.0 0.951504
Person 0.0 0 0.0 1441.611328 152.863770 1534.013672 351.276855 0.0 0.0 0.0 0.0 0.0 0.0 0.0 0.957278
Person 0.0 0 0.0 1552.324219 166.442871 1616.425781 324.250488 0.0 0.0 0.0 0.0 0.0 0.0 0.0 0.965381
Person 0.0 0 0.0 1592.050781 184.042969 1655.449219 339.082031 0.0 0.0 0.0 0.0 0.0 0.0 0.0 0.976129
