Person 0.0 0 0.0 1252.119141 236.447754 1350.380859 497.087402 0.0 0.0 0.0 0.0 0.0 0.0 0.0 0.769080
Person 0.0 0 0.0 1351.918945 43.472900 1389.331055 115.389404 0.0 0.0 0.0 0.0 0.0 0.0 0.0 0.808067
Person 0.0 0 0.0 1251.562500 659.047852 1542.187500 1073.803711 0.0 0.0 0.0 0.0 0.0 0.0 0.0 0.839734
Person 0.0 0 0.0 91.904297 171.123047 159.111328 305.595703 0.0 0.0 0.0 0.0 0.0 0.0 0.0 0.847463
Person 0.0 0 0.0 326.191406 140.075684 405.058594 406.779785 0.0 0.0 0.0 0.0 0.0 0.0 0.0 0.851953
Person 0.0 0 0.0 1659.682617 208.300781 1715.317383 367.031250 0.0 0.0 0.0 0.0 0.0 0.0 0.0 0.856812
Person 0.0 0 0.0 1752.832031 223.725586 1822.792969 392.211914 0.0 0.0 0.0 0.0 0.0 0.0 0.0 0.898767
Person 0.0 0 0.0 1406.616211 38.792725 1437.758789 132.330322 0.0 0.0 0.0 0.0 0.0 0.0 0.0 0.901227
Person 0.0 0 0.0 17.490234 142.580566 94.013672 349.167480 0.0 0.0 0.0 0.0 0.0 0.0 0.0 0.905657
Person 0.0 0 0.0 1794.990234 248.378906 1863.134766 409.218750 0.0 0.0 0.0 0.0 0.0 0.0 0.0 0.913368
Person 0.0 0 0.0 1551.796875 172.111816 1635.703125 373.688965 0.0 0.0 0.0 0.0 0.0 0.0 0.0 0.915809
Person 0.0 0 0.0 262.500000 148.710938 344.531250 378.632812 0.0 0.0 0.0 0.0 0.0 0.0 0.0 0.916708
Person 0.0 0 0.0 1353.544922 150.029297 1428.955078 362.285156 0.0 0.0 0.0 0.0 0.0 0.0 0.0 0.923592
Person 0.0 0 0.0 732.626953 94.921875 805.810547 336.181641 0.0 0.0 0.0 0.0 0.0 0.0 0.0 0.927100
Person 0.0 0 0.0 578.291016 133.022461 647.958984 404.868164 0.0 0.0 0.0 0.0 0.0 0.0 0.0 0.928668
Person 0.0 0 0.0 1351.918945 88.494873 1408.081055 194.952393 0.0 0.0 0.0 0.0 0.0 0.0 0.0 0.932453
Person 0.0 0 0.0 1285.546875 91.362305 1361.953125 283.842773 0.0 0.0 0.0 0.0 0.0 0.0 0.0 0.937440
Person 0.0 0 0.0 1437.041016 120.827637 1508.583984 290.764160 0.0 0.0 0.0 0.0 0.0 0.0 0.0 0.942507
Person 0.0 0 0.0 1448.847656 154.973145 1539.902344 359.714355 0.0 0.0 0.0 0.0 0.0 0.0 0.0 0.944995
Person 0.0 0 0.0 651.474609 119.113770 732.275391 375.270996 0.0 0.0 0.0 0.0 0.0 0.0 0.0 0.955651
