Person 0.0 0 0.0 1799.941406 193.156128 1831.933594 260.359497 0.0 0.0 0.0 0.0 0.0 0.0 0.0 0.746139
Person 0.0 0 0.0 655.957031 0.000000 732.480469 168.354492 0.0 0.0 0.0 0.0 0.0 0.0 0.0 0.755637
Person 0.0 0 0.0 1393.432617 63.808594 1437.817383 191.425781 0.0 0.0 0.0 0.0 0.0 0.0 0.0 0.766992
Person 0.0 0 0.0 1409.912109 134.604492 1483.212891 334.467773 0.0 0.0 0.0 0.0 0.0 0.0 0.0 0.798187
Person 0.0 0 0.0 1746.562500 224.187012 1804.687500 371.184082 0.0 0.0 0.0 0.0 0.0 0.0 0.0 0.798815
Person 0.0 0 0.0 1440.058594 364.130859 1588.066406 706.904297 0.0 0.0 0.0 0.0 0.0 0.0 0.0 0.813461
Person 0.0 0 0.0 1431.372070 44.329834 1465.502930 146.568604 0.0 0.0 0.0 0.0 0.0 0.0 0.0 0.839734
Person 0.0 0 0.0 244.101562 164.860840 331.992188 400.451660 0.0 0.0 0.0 0.0 0.0 0.0 0.0 0.862468
Person 0.0 0 0.0 1575.820312 807.429199 1819.804688 1073.078613 0.0 0.0 0.0 0.0 0.0 0.0 0.0 0.885235
Person 0.0 0 0.0 1782.187500 238.820801 1849.687500 406.120605 0.0 0.0 0.0 0.0 0.0 0.0 0.0 0.902266
Person 0.0 0 0.0 1442.958984 266.044922 1555.166016 484.892578 0.0 0.0 0.0 0.0 0.0 0.0 0.0 0.902952
Person 0.0 0 0.0 1469.560547 153.325195 1528.564453 323.393555 0.0 0.0 0.0 0.0 0.0 0.0 0.0 0.910545
Person 0.0 0 0.0 345.966797 188.657227 436.845703 463.139648 0.0 0.0 0.0 0.0 0.0 0.0 0.0 0.915809
Person 0.0 0 0.0 385.986328 146.271973 484.951172 414.294434 0.0 0.0 0.0 0.0 0.0 0.0 0.0 0.923039
Person 0.0 0 0.0 594.140625 156.093750 675.234375 443.496094 0.0 0.0 0.0 0.0 0.0 0.0 0.0 0.936981
Person 0.0 0 0.0 1232.519531 244.423828 1375.605469 573.486328 0.0 0.0 0.0 0.0 0.0 0.0 0.0 0.939692
Person 0.0 0 0.0 1361.953125 424.248047 1534.921875 797.080078 0.0 0.0 0.0 0.0 0.0 0.0 0.0 0.940353
Person 0.0 0 0.0 710.595703 160.180664 791.279297 443.627930 0.0 0.0 0.0 0.0 0.0 0.0 0.0 0.946794
Person 0.0 0 0.0 1551.738281 163.674316 1613.261719 326.228027 0.0 0.0 0.0 0.0 0.0 0.0 0.0 0.954308
Person 0.0 0 0.0 1557.802734 193.469238 1644.697266 368.679199 0.0 0.0 0.0 0.0 0.0 0.0 0.0 0.963231
