Person 0.0 0 0.0 698.408203 67.170410 750.966797 247.917480 0.0 0.0 0.0 0.0 0.0 0.0 0.0 0.774583
Person 0.0 0 0.0 1303.183594 611.455078 1505.566406 929.443359 0.0 0.0 0.0 0.0 0.0 0.0 0.0 0.777300
Person 0.0 0 0.0 203.349609 200.983887 293.056641 440.266113 0.0 0.0 0.0 0.0 0.0 0.0 0.0 0.785966
Person 0.0 0 0.0 1385.068359 36.386719 1425.556641 146.469727 0.0 0.0 0.0 0.0 0.0 0.0 0.0 0.802556
Person 0.0 0 0.0 2.783203 153.918457 85.283203 348.903809 0.0 0.0 0.0 0.0 0.0 0.0 0.0 0.845942
Person 0.0 0 0.0 1495.708008 116.213379 1541.791992 273.229980 0.0 0.0 0.0 0.0 0.0 0.0 0.0 0.849472
Person 0.0 0 0.0 1466.572266 142.910156 1509.052734 316.933594 0.0 0.0 0.0 0.0 0.0 0.0 0.0 0.863392
Person 0.0 0 0.0 444.140625 99.997559 513.046875 327.414551 0.0 0.0 0.0 0.0 0.0 0.0 0.0 0.882022
Person 0.0 0 0.0 1267.968750 640.590820 1553.906250 1073.276367 0.0 0.0 0.0 0.0 0.0 0.0 0.0 0.888759
Person 0.0 0 0.0 341.308594 145.942383 421.816406 422.534180 0.0 0.0 0.0 0.0 0.0 0.0 0.0 0.891434
Person 0.0 0 0.0 1751.923828 223.000488 1823.701172 392.937012 0.0 0.0 0.0 0.0 0.0 0.0 0.0 0.895523
Person 0.0 0 0.0 746.088867 17.995605 797.973633 224.846191 0.0 0.0 0.0 0.0 0.0 0.0 0.0 0.903294
Person 0.0 0 0.0 524.267578 102.502441 595.107422 340.993652 0.0 0.0 0.0 0.0 0.0 0.0 0.0 0.917303
Person 0.0 0 0.0 1278.105469 296.499023 1476.269531 623.188477 0.0 0.0 0.0 0.0 0.0 0.0 0.0 0.932699
Person 0.0 0 0.0 1129.628906 277.119141 1294.746094 582.978516 0.0 0.0 0.0 0.0 0.0 0.0 0.0 0.933915
Person 0.0 0 0.0 573.955078 125.375977 638.232422 395.375977 0.0 0.0 0.0 0.0 0.0 0.0 0.0 0.944177
Person 0.0 0 0.0 1298.320312 188.657227 1375.429688 382.983398 0.0 0.0 0.0 0.0 0.0 0.0 0.0 0.947962
Person 0.0 0 0.0 1604.912109 302.761230 1715.712891 515.676270 0.0 0.0 0.0 0.0 0.0 0.0 0.0 0.948537
Person 0.0 0 0.0 1795.371094 248.247070 1862.753906 409.350586 0.0 0.0 0.0 0.0 0.0 0.0 0.0 0.951323
Person 0.0 0 0.0 1357.880859 161.960449 1435.869141 367.492676 0.0 0.0 0.0 0.0 0.0 0.0 0.0 0.954816
