Person 0.0 0 0.0 1387.719727 36.650391 1424.780273 147.524414 0.0 0.0 0.0 0.0 0.0 0.0 0.0 0.721743
Person 0.0 0 0.0 1846.186523 242.973633 1901.938477 379.819336 0.0 0.0 0.0 0.0 0.0 0.0 0.0 0.788583
Person 0.0 0 0.0 1304.238281 611.455078 1504.511719 929.443359 0.0 0.0 0.0 0.0 0.0 0.0 0.0 0.796292
Person 0.0 0 0.0 1354.877930 47.263184 1388.247070 160.114746 0.0 0.0 0.0 0.0 0.0 0.0 0.0 0.796925
Person 0.0 0 0.0 3.662109 154.775391 84.755859 348.574219 0.0 0.0 0.0 0.0 0.0 0.0 0.0 0.800692
Person 0.0 0 0.0 1297.705078 33.585205 1347.919922 160.345459 0.0 0.0 0.0 0.0 0.0 0.0 0.0 0.803174
Person 0.0 0 0.0 245.361328 156.027832 332.607422 392.409668 0.0 0.0 0.0 0.0 0.0 0.0 0.0 0.833325
Person 0.0 0 0.0 1653.574219 352.463379 1777.675781 608.884277 0.0 0.0 0.0 0.0 0.0 0.0 0.0 0.837620
Person 0.0 0 0.0 720.805664 55.898438 768.881836 250.751953 0.0 0.0 0.0 0.0 0.0 0.0 0.0 0.842863
Person 0.0 0 0.0 102.011719 167.036133 177.832031 311.000977 0.0 0.0 0.0 0.0 0.0 0.0 0.0 0.868381
Person 0.0 0 0.0 1267.851562 639.008789 1554.023438 1072.749023 0.0 0.0 0.0 0.0 0.0 0.0 0.0 0.892187
Person 0.0 0 0.0 467.431641 221.616211 561.943359 526.684570 0.0 0.0 0.0 0.0 0.0 0.0 0.0 0.899475
Person 0.0 0 0.0 1439.736328 200.126953 1532.138672 457.470703 0.0 0.0 0.0 0.0 0.0 0.0 0.0 0.917893
Person 0.0 0 0.0 1489.716797 294.191895 1605.908203 556.940918 0.0 0.0 0.0 0.0 0.0 0.0 0.0 0.920790
Person 0.0 0 0.0 1760.449219 223.593750 1822.675781 393.398438 0.0 0.0 0.0 0.0 0.0 0.0 0.0 0.929184
Person 0.0 0 0.0 1349.501953 153.457031 1423.623047 362.021484 0.0 0.0 0.0 0.0 0.0 0.0 0.0 0.940353
Person 0.0 0 0.0 1290.937500 109.291992 1354.687500 304.936523 0.0 0.0 0.0 0.0 0.0 0.0 0.0 0.942718
Person 0.0 0 0.0 658.740234 113.906250 717.509766 369.931641 0.0 0.0 0.0 0.0 0.0 0.0 0.0 0.947962
Person 0.0 0 0.0 574.921875 130.781250 653.203125 405.263672 0.0 0.0 0.0 0.0 0.0 0.0 0.0 0.953449
Person 0.0 0 0.0 1795.371094 249.763184 1864.628906 409.416504 0.0 0.0 0.0 0.0 0.0 0.0 0.0 0.960361
