Person 0.0 0 0.0 521.484375 95.053711 607.265625 329.721680 0.0 0.0 0.0 0.0 0.0 0.0 0.0 0.809276
Person 0.0 0 0.0 1057.851562 313.967285 1171.523438 553.513184 0.0 0.0 0.0 0.0 0.0 0.0 0.0 0.845433
Person 0.0 0 0.0 1362.949219 32.530518 1400.800781 157.972412 0.0 0.0 0.0 0.0 0.0 0.0 0.0 0.872347
Person 0.0 0 0.0 324.316406 151.611328 421.464844 423.720703 0.0 0.0 0.0 0.0 0.0 0.0 0.0 0.888372
Person 0.0 0 0.0 604.130859 228.076172 704.619141 545.009766 0.0 0.0 0.0 0.0 0.0 0.0 0.0 0.889912
Person 0.0 0 0.0 1602.304688 285.754395 1705.195312 521.081543 0.0 0.0 0.0 0.0 0.0 0.0 0.0 0.905657
Person 0.0 0 0.0 1258.476562 631.494141 1548.398438 1073.935547 0.0 0.0 0.0 0.0 0.0 0.0 0.0 0.911495
Person 0.0 0 0.0 1753.271484 222.407227 1820.478516 393.530273 0.0 0.0 0.0 0.0 0.0 0.0 0.0 0.914596
Person 0.0 0 0.0 1370.332031 162.026367 1430.917969 362.416992 0.0 0.0 0.0 0.0 0.0 0.0 0.0 0.916110
Person 0.0 0 0.0 1419.418945 138.559570 1475.581055 335.258789 0.0 0.0 0.0 0.0 0.0 0.0 0.0 0.920790
Person 0.0 0 0.0 744.931641 18.852539 796.318359 222.670898 0.0 0.0 0.0 0.0 0.0 0.0 0.0 0.925769
Person 0.0 0 0.0 1250.683594 245.214844 1387.441406 560.566406 0.0 0.0 0.0 0.0 0.0 0.0 0.0 0.926037
Person 0.0 0 0.0 1137.070312 240.996094 1227.304688 558.457031 0.0 0.0 0.0 0.0 0.0 0.0 0.0 0.926304
Person 0.0 0 0.0 668.276367 115.817871 726.723633 362.219238 0.0 0.0 0.0 0.0 0.0 0.0 0.0 0.929184
Person 0.0 0 0.0 1786.025391 248.576660 1860.849609 407.966309 0.0 0.0 0.0 0.0 0.0 0.0 0.0 0.935582
Person 0.0 0 0.0 544.746094 125.639648 615.878906 387.465820 0.0 0.0 0.0 0.0 0.0 0.0 0.0 0.936981
Person 0.0 0 0.0 1400.229492 39.320068 1438.520508 138.922119 0.0 0.0 0.0 0.0 0.0 0.0 0.0 0.940134
Person 0.0 0 0.0 1321.523438 65.852051 1370.976562 207.839355 0.0 0.0 0.0 0.0 0.0 0.0 0.0 0.955319
Person 0.0 0 0.0 1495.078125 118.388672 1548.046875 274.482422 0.0 0.0 0.0 0.0 0.0 0.0 0.0 0.957437
Person 0.0 0 0.0 1442.109375 141.789551 1511.015625 316.999512 0.0 0.0 0.0 0.0 0.0 0.0 0.0 0.967410
