Person 0.0 0 0.0 1749.213867 221.550293 1798.286133 364.855957 0.0 0.0 0.0 0.0 0.0 0.0 0.0 0.856812
Person 0.0 0 0.0 832.236328 310.473633 927.451172 667.749023 0.0 0.0 0.0 0.0 0.0 0.0 0.0 0.859664
Person 0.0 0 0.0 1670.126953 175.275879 1727.373047 330.974121 0.0 0.0 0.0 0.0 0.0 0.0 0.0 0.877896
Person 0.0 0 0.0 715.239258 38.957520 759.448242 225.505371 0.0 0.0 0.0 0.0 0.0 0.0 0.0 0.879561
Person 0.0 0 0.0 530.683594 146.008301 636.503906 414.558105 0.0 0.0 0.0 0.0 0.0 0.0 0.0 0.880797
Person 0.0 0 0.0 292.792969 154.907227 384.550781 425.170898 0.0 0.0 0.0 0.0 0.0 0.0 0.0 0.902266
Person 0.0 0 0.0 1317.436523 21.654053 1360.063477 137.471924 0.0 0.0 0.0 0.0 0.0 0.0 0.0 0.908618
Person 0.0 0 0.0 1397.885742 39.254150 1438.989258 141.888428 0.0 0.0 0.0 0.0 0.0 0.0 0.0 0.921922
Person 0.0 0 0.0 1443.310547 146.799316 1522.939453 318.317871 0.0 0.0 0.0 0.0 0.0 0.0 0.0 0.926570
Person 0.0 0 0.0 583.652344 107.644043 656.660156 356.154785 0.0 0.0 0.0 0.0 0.0 0.0 0.0 0.929440
Person 0.0 0 0.0 243.632812 168.486328 331.992188 399.462891 0.0 0.0 0.0 0.0 0.0 0.0 0.0 0.935817
Person 0.0 0 0.0 1213.242188 591.020508 1464.257812 996.284180 0.0 0.0 0.0 0.0 0.0 0.0 0.0 0.941654
Person 0.0 0 0.0 1647.070312 313.637695 1765.429688 536.440430 0.0 0.0 0.0 0.0 0.0 0.0 0.0 0.942718
Person 0.0 0 0.0 1345.781250 151.281738 1417.968750 358.923340 0.0 0.0 0.0 0.0 0.0 0.0 0.0 0.944791
Person 0.0 0 0.0 1378.007812 308.759766 1513.242188 586.669922 0.0 0.0 0.0 0.0 0.0 0.0 0.0 0.953622
Person 0.0 0 0.0 1554.257812 191.491699 1618.242188 354.309082 0.0 0.0 0.0 0.0 0.0 0.0 0.0 0.953794
Person 0.0 0 0.0 1402.060547 139.284668 1481.689453 332.687988 0.0 0.0 0.0 0.0 0.0 0.0 0.0 0.955152
Person 0.0 0 0.0 646.962891 139.943848 721.787109 401.110840 0.0 0.0 0.0 0.0 0.0 0.0 0.0 0.956957
Person 0.0 0 0.0 1294.848633 176.726074 1354.526367 376.457520 0.0 0.0 0.0 0.0 0.0 0.0 0.0 0.957437
Person 0.0 0 0.0 1771.289062 227.812500 1834.335938 386.015625 0.0 0.0 0.0 0.0 0.0 0.0 0.0 0.965900
