Person 0.0 0 0.0 95.097656 163.740234 158.261719 315.351562 0.0 0.0 0.0 0.0 0.0 0.0 0.0 0.783988
Person 0.0 0 0.0 1736.660156 222.539062 1797.714844 374.941406 0.0 0.0 0.0 0.0 0.0 0.0 0.0 0.791821
Person 0.0 0 0.0 1403.759766 141.855469 1470.615234 306.386719 0.0 0.0 0.0 0.0 0.0 0.0 0.0 0.826151
Person 0.0 0 0.0 1280.742188 579.946289 1520.507812 989.428711 0.0 0.0 0.0 0.0 0.0 0.0 0.0 0.892937
Person 0.0 0 0.0 1397.563477 36.584473 1437.436523 142.316895 0.0 0.0 0.0 0.0 0.0 0.0 0.0 0.895157
Person 0.0 0 0.0 303.281250 156.818848 388.125000 426.423340 0.0 0.0 0.0 0.0 0.0 0.0 0.0 0.902266
Person 0.0 0 0.0 1136.162109 244.028320 1216.962891 590.756836 0.0 0.0 0.0 0.0 0.0 0.0 0.0 0.902952
Person 0.0 0 0.0 824.707031 293.334961 922.792969 666.958008 0.0 0.0 0.0 0.0 0.0 0.0 0.0 0.910863
Person 0.0 0 0.0 243.544922 166.376953 331.611328 399.990234 0.0 0.0 0.0 0.0 0.0 0.0 0.0 0.918480
Person 0.0 0 0.0 1417.587891 54.942627 1460.537109 143.470459 0.0 0.0 0.0 0.0 0.0 0.0 0.0 0.924142
Person 0.0 0 0.0 381.796875 184.306641 463.828125 463.271484 0.0 0.0 0.0 0.0 0.0 0.0 0.0 0.933915
Person 0.0 0 0.0 1297.602539 176.989746 1357.397461 375.139160 0.0 0.0 0.0 0.0 0.0 0.0 0.0 0.934872
Person 0.0 0 0.0 1469.897461 152.270508 1528.227539 329.194336 0.0 0.0 0.0 0.0 0.0 0.0 0.0 0.936052
Person 0.0 0 0.0 1772.783203 332.424316 1864.716797 525.563965 0.0 0.0 0.0 0.0 0.0 0.0 0.0 0.936749
Person 0.0 0 0.0 1337.080078 31.541748 1379.794922 162.388916 0.0 0.0 0.0 0.0 0.0 0.0 0.0 0.948537
Person 0.0 0 0.0 1356.621094 254.245605 1480.253906 503.020020 0.0 0.0 0.0 0.0 0.0 0.0 0.0 0.949482
Person 0.0 0 0.0 1346.308594 152.006836 1419.316406 359.516602 0.0 0.0 0.0 0.0 0.0 0.0 0.0 0.950411
Person 0.0 0 0.0 1597.617188 204.477539 1666.757812 359.780273 0.0 0.0 0.0 0.0 0.0 0.0 0.0 0.954984
Person 0.0 0 0.0 675.322266 128.012695 759.052734 399.858398 0.0 0.0 0.0 0.0 0.0 0.0 0.0 0.958693
Person 0.0 0 0.0 1544.238281 181.801758 1617.011719 347.915039 0.0 0.0 0.0 0.0 0.0 0.0 0.0 0.966411
