Person 0.0 0 0.0 653.730469 0.000000 733.769531 169.079590 0.0 0.0 0.0 0.0 0.0 0.0 0.0 0.804406
Person 0.0 0 0.0 741.738281 328.139648 882.011719 683.305664 0.0 0.0 0.0 0.0 0.0 0.0 0.0 0.819316
Person 0.0 0 0.0 1553.891602 176.198730 1609.233398 331.633301 0.0 0.0 0.0 0.0 0.0 0.0 0.0 0.821617
Person 0.0 0 0.0 1608.134766 217.628174 1678.740234 324.481201 0.0 0.0 0.0 0.0 0.0 0.0 0.0 0.844409
Person 0.0 0 0.0 1464.199219 151.149902 1524.550781 325.568848 0.0 0.0 0.0 0.0 0.0 0.0 0.0 0.878314
Person 0.0 0 0.0 1783.769531 264.594727 1849.980469 406.186523 0.0 0.0 0.0 0.0 0.0 0.0 0.0 0.880386
Person 0.0 0 0.0 1574.414062 807.429199 1815.585938 1073.078613 0.0 0.0 0.0 0.0 0.0 0.0 0.0 0.881207
Person 0.0 0 0.0 243.955078 165.454102 331.669922 399.858398 0.0 0.0 0.0 0.0 0.0 0.0 0.0 0.884039
Person 0.0 0 0.0 572.167969 151.215820 658.769531 443.100586 0.0 0.0 0.0 0.0 0.0 0.0 0.0 0.895888
Person 0.0 0 0.0 1441.025391 264.528809 1558.974609 484.826660 0.0 0.0 0.0 0.0 0.0 0.0 0.0 0.912748
Person 0.0 0 0.0 335.595703 190.107422 436.435547 472.236328 0.0 0.0 0.0 0.0 0.0 0.0 0.0 0.924142
Person 0.0 0 0.0 1360.546875 439.409180 1547.578125 797.739258 0.0 0.0 0.0 0.0 0.0 0.0 0.0 0.926304
Person 0.0 0 0.0 1220.859375 255.102539 1377.890625 573.881836 0.0 0.0 0.0 0.0 0.0 0.0 0.0 0.936052
Person 0.0 0 0.0 1424.208984 44.428711 1465.166016 147.392578 0.0 0.0 0.0 0.0 0.0 0.0 0.0 0.936981
Person 0.0 0 0.0 1438.007812 390.498047 1648.242188 725.361328 0.0 0.0 0.0 0.0 0.0 0.0 0.0 0.941007
Person 0.0 0 0.0 1545.703125 278.833008 1630.546875 433.608398 0.0 0.0 0.0 0.0 0.0 0.0 0.0 0.943556
Person 0.0 0 0.0 1391.455078 37.342529 1434.169922 154.215088 0.0 0.0 0.0 0.0 0.0 0.0 0.0 0.945197
Person 0.0 0 0.0 701.396484 158.334961 788.291016 419.106445 0.0 0.0 0.0 0.0 0.0 0.0 0.0 0.951323
Person 0.0 0 0.0 1686.708984 162.092285 1742.666016 299.860840 0.0 0.0 0.0 0.0 0.0 0.0 0.0 0.951863
Person 0.0 0 0.0 1324.687500 36.584473 1367.812500 175.275879 0.0 0.0 0.0 0.0 0.0 0.0 0.0 0.959001
