Person 0.0 0 0.0 1304.062500 607.104492 1504.687500 929.575195 0.0 0.0 0.0 0.0 0.0 0.0 0.0 0.811078
Person 0.0 0 0.0 698.320312 49.042969 751.992188 247.587891 0.0 0.0 0.0 0.0 0.0 0.0 0.0 0.879147
Person 0.0 0 0.0 235.048828 171.979980 327.451172 402.297363 0.0 0.0 0.0 0.0 0.0 0.0 0.0 0.884039
Person 0.0 0 0.0 442.998047 100.327148 511.376953 327.084961 0.0 0.0 0.0 0.0 0.0 0.0 0.0 0.886420
Person 0.0 0 0.0 1750.371094 223.857422 1823.378906 393.134766 0.0 0.0 0.0 0.0 0.0 0.0 0.0 0.887595
Person 0.0 0 0.0 3.515625 154.182129 85.078125 349.167480 0.0 0.0 0.0 0.0 0.0 0.0 0.0 0.896614
Person 0.0 0 0.0 1268.554688 637.690430 1553.320312 1073.012695 0.0 0.0 0.0 0.0 0.0 0.0 0.0 0.897336
Person 0.0 0 0.0 1128.369141 214.892578 1226.630859 499.130859 0.0 0.0 0.0 0.0 0.0 0.0 0.0 0.899828
Person 0.0 0 0.0 340.312500 145.546875 421.406250 422.402344 0.0 0.0 0.0 0.0 0.0 0.0 0.0 0.908293
Person 0.0 0 0.0 747.714844 18.786621 796.347656 224.055176 0.0 0.0 0.0 0.0 0.0 0.0 0.0 0.918772
Person 0.0 0 0.0 1296.943359 188.195801 1369.306641 382.390137 0.0 0.0 0.0 0.0 0.0 0.0 0.0 0.922761
Person 0.0 0 0.0 1509.111328 131.572266 1564.013672 300.849609 0.0 0.0 0.0 0.0 0.0 0.0 0.0 0.923868
Person 0.0 0 0.0 659.238281 113.115234 719.824219 369.667969 0.0 0.0 0.0 0.0 0.0 0.0 0.0 0.937897
Person 0.0 0 0.0 562.324219 133.747559 628.300781 394.387207 0.0 0.0 0.0 0.0 0.0 0.0 0.0 0.943348
Person 0.0 0 0.0 1277.578125 295.839844 1476.796875 623.847656 0.0 0.0 0.0 0.0 0.0 0.0 0.0 0.945399
Person 0.0 0 0.0 1126.113281 283.974609 1294.511719 580.869141 0.0 0.0 0.0 0.0 0.0 0.0 0.0 0.949856
Person 0.0 0 0.0 1795.312500 248.049316 1862.812500 409.548340 0.0 0.0 0.0 0.0 0.0 0.0 0.0 0.954816
Person 0.0 0 0.0 1354.394531 153.325195 1424.355469 362.944336 0.0 0.0 0.0 0.0 0.0 0.0 0.0 0.954984
Person 0.0 0 0.0 1608.808594 310.539551 1738.066406 545.866699 0.0 0.0 0.0 0.0 0.0 0.0 0.0 0.958382
Person 0.0 0 0.0 1372.587891 45.845947 1415.537109 160.872803 0.0 0.0 0.0 0.0 0.0 0.0 0.0 0.958693
