Person 0.0 0 0.0 1304.121094 613.828125 1500.878906 929.179688 0.0 0.0 0.0 0.0 0.0 0.0 0.0 0.724870
Person 0.0 0 0.0 1381.977539 67.928467 1426.772461 151.051025 0.0 0.0 0.0 0.0 0.0 0.0 0.0 0.732592
Person 0.0 0 0.0 1316.015625 29.630127 1348.359375 160.477295 0.0 0.0 0.0 0.0 0.0 0.0 0.0 0.809276
Person 0.0 0 0.0 1407.941895 38.479614 1436.433105 104.826050 0.0 0.0 0.0 0.0 0.0 0.0 0.0 0.819316
Person 0.0 0 0.0 105.087891 165.256348 178.505859 313.308105 0.0 0.0 0.0 0.0 0.0 0.0 0.0 0.823896
Person 0.0 0 0.0 1473.251953 146.403809 1539.873047 330.578613 0.0 0.0 0.0 0.0 0.0 0.0 0.0 0.827828
Person 0.0 0 0.0 2.519531 155.830078 86.542969 348.574219 0.0 0.0 0.0 0.0 0.0 0.0 0.0 0.837088
Person 0.0 0 0.0 653.291016 118.059082 725.771484 365.251465 0.0 0.0 0.0 0.0 0.0 0.0 0.0 0.852935
Person 0.0 0 0.0 311.074219 135.791016 402.832031 406.318359 0.0 0.0 0.0 0.0 0.0 0.0 0.0 0.855851
Person 0.0 0 0.0 1339.160156 107.182617 1394.589844 315.747070 0.0 0.0 0.0 0.0 0.0 0.0 0.0 0.879561
Person 0.0 0 0.0 247.617188 158.005371 337.851562 394.123535 0.0 0.0 0.0 0.0 0.0 0.0 0.0 0.885632
Person 0.0 0 0.0 1297.514648 177.648926 1348.110352 380.280762 0.0 0.0 0.0 0.0 0.0 0.0 0.0 0.899121
Person 0.0 0 0.0 1268.671875 638.217773 1560.703125 1073.540039 0.0 0.0 0.0 0.0 0.0 0.0 0.0 0.899828
Person 0.0 0 0.0 756.445312 20.566406 799.804688 228.999023 0.0 0.0 0.0 0.0 0.0 0.0 0.0 0.900179
Person 0.0 0 0.0 574.804688 131.835938 647.695312 406.054688 0.0 0.0 0.0 0.0 0.0 0.0 0.0 0.903975
Person 0.0 0 0.0 1383.398438 274.020996 1519.101562 525.432129 0.0 0.0 0.0 0.0 0.0 0.0 0.0 0.906653
Person 0.0 0 0.0 1795.546875 249.433594 1864.453125 409.218750 0.0 0.0 0.0 0.0 0.0 0.0 0.0 0.910545
Person 0.0 0 0.0 1427.255859 123.991699 1505.244141 303.420410 0.0 0.0 0.0 0.0 0.0 0.0 0.0 0.923868
Person 0.0 0 0.0 661.875000 168.881836 770.625000 458.129883 0.0 0.0 0.0 0.0 0.0 0.0 0.0 0.944382
Person 0.0 0 0.0 1349.003906 156.159668 1427.871094 361.164551 0.0 0.0 0.0 0.0 0.0 0.0 0.0 0.945601
