Person 0.0 0 0.0 1303.300781 607.104492 1503.574219 929.575195 0.0 0.0 0.0 0.0 0.0 0.0 0.0 0.847463
Person 0.0 0 0.0 244.306641 162.092285 327.099609 398.474121 0.0 0.0 0.0 0.0 0.0 0.0 0.0 0.855369
Person 0.0 0 0.0 104.941406 166.838379 191.542969 314.890137 0.0 0.0 0.0 0.0 0.0 0.0 0.0 0.862004
Person 0.0 0 0.0 323.408203 154.511719 403.623047 422.929688 0.0 0.0 0.0 0.0 0.0 0.0 0.0 0.872347
Person 0.0 0 0.0 1385.493164 36.485596 1425.131836 146.370850 0.0 0.0 0.0 0.0 0.0 0.0 0.0 0.875787
Person 0.0 0 0.0 2.607422 154.577637 86.630859 347.717285 0.0 0.0 0.0 0.0 0.0 0.0 0.0 0.882428
Person 0.0 0 0.0 407.490234 99.997559 510.791016 325.568848 0.0 0.0 0.0 0.0 0.0 0.0 0.0 0.896251
Person 0.0 0 0.0 1319.194336 28.410645 1362.055664 138.098145 0.0 0.0 0.0 0.0 0.0 0.0 0.0 0.896614
Person 0.0 0 0.0 754.584961 19.116211 801.665039 230.053711 0.0 0.0 0.0 0.0 0.0 0.0 0.0 0.897695
Person 0.0 0 0.0 1267.500000 644.941406 1554.375000 1074.199219 0.0 0.0 0.0 0.0 0.0 0.0 0.0 0.908293
Person 0.0 0 0.0 1634.824219 341.455078 1764.550781 580.341797 0.0 0.0 0.0 0.0 0.0 0.0 0.0 0.909586
Person 0.0 0 0.0 501.533203 123.728027 581.279297 375.402832 0.0 0.0 0.0 0.0 0.0 0.0 0.0 0.917006
Person 0.0 0 0.0 1757.812500 223.395996 1823.437500 392.541504 0.0 0.0 0.0 0.0 0.0 0.0 0.0 0.938124
Person 0.0 0 0.0 659.062500 113.510742 720.937500 369.272461 0.0 0.0 0.0 0.0 0.0 0.0 0.0 0.941007
Person 0.0 0 0.0 1125.498047 211.201172 1225.751953 518.642578 0.0 0.0 0.0 0.0 0.0 0.0 0.0 0.943138
Person 0.0 0 0.0 1219.453125 287.929688 1364.296875 576.914062 0.0 0.0 0.0 0.0 0.0 0.0 0.0 0.943348
Person 0.0 0 0.0 1276.875000 298.212891 1471.875000 623.583984 0.0 0.0 0.0 0.0 0.0 0.0 0.0 0.955486
Person 0.0 0 0.0 1548.544922 181.735840 1627.705078 363.010254 0.0 0.0 0.0 0.0 0.0 0.0 0.0 0.957912
Person 0.0 0 0.0 1353.896484 151.545410 1428.603516 365.515137 0.0 0.0 0.0 0.0 0.0 0.0 0.0 0.963506
Person 0.0 0 0.0 1795.312500 247.851562 1862.812500 409.218750 0.0 0.0 0.0 0.0 0.0 0.0 0.0 0.966028
