Person 0.0 0 0.0 290.742188 125.771484 402.539062 404.736328 0.0 0.0 0.0 0.0 0.0 0.0 0.0 0.822760
Person 0.0 0 0.0 17.783203 144.689941 95.185547 348.376465 0.0 0.0 0.0 0.0 0.0 0.0 0.0 0.849971
Person 0.0 0 0.0 1304.414062 611.059570 1511.835938 927.729492 0.0 0.0 0.0 0.0 0.0 0.0 0.0 0.859192
Person 0.0 0 0.0 245.859375 156.423340 337.265625 392.541504 0.0 0.0 0.0 0.0 0.0 0.0 0.0 0.872347
Person 0.0 0 0.0 1109.589844 320.229492 1215.410156 602.094727 0.0 0.0 0.0 0.0 0.0 0.0 0.0 0.896251
Person 0.0 0 0.0 1404.565430 38.792725 1436.059570 150.655518 0.0 0.0 0.0 0.0 0.0 0.0 0.0 0.896614
Person 0.0 0 0.0 1753.095703 225.439453 1822.529297 392.607422 0.0 0.0 0.0 0.0 0.0 0.0 0.0 0.898411
Person 0.0 0 0.0 1658.876953 212.849121 1717.998047 366.701660 0.0 0.0 0.0 0.0 0.0 0.0 0.0 0.907640
Person 0.0 0 0.0 755.859375 20.895996 800.390625 204.411621 0.0 0.0 0.0 0.0 0.0 0.0 0.0 0.912436
Person 0.0 0 0.0 1277.285156 86.813965 1340.214844 281.535645 0.0 0.0 0.0 0.0 0.0 0.0 0.0 0.918480
Person 0.0 0 0.0 1795.136719 248.049316 1862.988281 409.548340 0.0 0.0 0.0 0.0 0.0 0.0 0.0 0.936518
Person 0.0 0 0.0 576.621094 131.044922 646.816406 405.527344 0.0 0.0 0.0 0.0 0.0 0.0 0.0 0.940353
Person 0.0 0 0.0 1253.935547 231.701660 1361.689453 497.614746 0.0 0.0 0.0 0.0 0.0 0.0 0.0 0.943556
Person 0.0 0 0.0 1544.208984 171.386719 1637.666016 372.304688 0.0 0.0 0.0 0.0 0.0 0.0 0.0 0.947381
Person 0.0 0 0.0 653.496094 118.850098 722.753906 376.325684 0.0 0.0 0.0 0.0 0.0 0.0 0.0 0.952750
Person 0.0 0 0.0 1427.753906 122.673340 1502.871094 300.783691 0.0 0.0 0.0 0.0 0.0 0.0 0.0 0.954137
Person 0.0 0 0.0 1359.902344 154.182129 1430.097656 363.669434 0.0 0.0 0.0 0.0 0.0 0.0 0.0 0.958070
Person 0.0 0 0.0 693.193359 146.733398 788.056641 415.942383 0.0 0.0 0.0 0.0 0.0 0.0 0.0 0.960805
Person 0.0 0 0.0 1452.304688 144.294434 1540.195312 346.398926 0.0 0.0 0.0 0.0 0.0 0.0 0.0 0.965119
Person 0.0 0 0.0 1337.753906 79.233398 1403.496094 244.819336 0.0 0.0 0.0 0.0 0.0 0.0 0.0 0.969091
