Person 0.0 0 0.0 1.230469 147.788086 80.214844 347.651367 0.0 0.0 0.0 0.0 0.0 0.0 0.0 0.741674
Person 0.0 0 0.0 559.716797 96.569824 628.095703 321.877441 0.0 0.0 0.0 0.0 0.0 0.0 0.0 0.748352
Person 0.0 0 0.0 104.003906 168.947754 165.996094 316.472168 0.0 0.0 0.0 0.0 0.0 0.0 0.0 0.808067
Person 0.0 0 0.0 747.421875 18.786621 800.390625 223.659668 0.0 0.0 0.0 0.0 0.0 0.0 0.0 0.809878
Person 0.0 0 0.0 1123.125000 839.465332 1395.000000 1071.628418 0.0 0.0 0.0 0.0 0.0 0.0 0.0 0.818737
Person 0.0 0 0.0 1845.395508 239.809570 1895.229492 371.909180 0.0 0.0 0.0 0.0 0.0 0.0 0.0 0.821044
Person 0.0 0 0.0 1323.881836 26.268311 1357.368164 130.880127 0.0 0.0 0.0 0.0 0.0 0.0 0.0 0.838151
Person 0.0 0 0.0 244.746094 160.773926 331.816406 399.792480 0.0 0.0 0.0 0.0 0.0 0.0 0.0 0.859192
Person 0.0 0 0.0 1161.210938 325.107422 1296.914062 698.466797 0.0 0.0 0.0 0.0 0.0 0.0 0.0 0.869271
Person 0.0 0 0.0 307.353516 149.501953 389.677734 423.720703 0.0 0.0 0.0 0.0 0.0 0.0 0.0 0.879974
Person 0.0 0 0.0 1343.085938 622.529297 1505.039062 994.306641 0.0 0.0 0.0 0.0 0.0 0.0 0.0 0.893309
Person 0.0 0 0.0 1407.436523 39.353027 1438.813477 135.461426 0.0 0.0 0.0 0.0 0.0 0.0 0.0 0.897695
Person 0.0 0 0.0 1417.543945 139.416504 1473.706055 335.192871 0.0 0.0 0.0 0.0 0.0 0.0 0.0 0.904651
Person 0.0 0 0.0 539.619141 126.826172 607.880859 396.826172 0.0 0.0 0.0 0.0 0.0 0.0 0.0 0.910545
Person 0.0 0 0.0 1602.392578 287.402344 1712.607422 520.488281 0.0 0.0 0.0 0.0 0.0 0.0 0.0 0.914596
Person 0.0 0 0.0 1787.460938 248.510742 1861.289062 408.032227 0.0 0.0 0.0 0.0 0.0 0.0 0.0 0.927888
Person 0.0 0 0.0 1496.323242 118.652344 1548.676758 273.427734 0.0 0.0 0.0 0.0 0.0 0.0 0.0 0.930962
Person 0.0 0 0.0 1298.159180 179.296875 1356.840820 379.687500 0.0 0.0 0.0 0.0 0.0 0.0 0.0 0.932207
Person 0.0 0 0.0 1353.925781 159.719238 1430.449219 364.724121 0.0 0.0 0.0 0.0 0.0 0.0 0.0 0.955486
Person 0.0 0 0.0 1442.695312 145.217285 1517.929688 316.735840 0.0 0.0 0.0 0.0 0.0 0.0 0.0 0.967656
