Person 0.0 0 0.0 1305.175781 610.927734 1512.949219 929.970703 0.0 0.0 0.0 0.0 0.0 0.0 0.0 0.742422
Person 0.0 0 0.0 477.568359 184.306641 578.056641 354.375000 0.0 0.0 0.0 0.0 0.0 0.0 0.0 0.746878
Person 0.0 0 0.0 1654.394531 352.397461 1778.730469 608.422852 0.0 0.0 0.0 0.0 0.0 0.0 0.0 0.754915
Person 0.0 0 0.0 703.447266 50.625000 768.427734 250.224609 0.0 0.0 0.0 0.0 0.0 0.0 0.0 0.792464
Person 0.0 0 0.0 1761.914062 223.923340 1823.085938 389.904785 0.0 0.0 0.0 0.0 0.0 0.0 0.0 0.825590
Person 0.0 0 0.0 102.333984 167.893066 172.119141 309.616699 0.0 0.0 0.0 0.0 0.0 0.0 0.0 0.832781
Person 0.0 0 0.0 494.384766 244.160156 590.302734 544.218750 0.0 0.0 0.0 0.0 0.0 0.0 0.0 0.850965
Person 0.0 0 0.0 1378.930664 52.371826 1420.444336 158.697510 0.0 0.0 0.0 0.0 0.0 0.0 0.0 0.853913
Person 0.0 0 0.0 344.414062 142.646484 414.492188 407.373047 0.0 0.0 0.0 0.0 0.0 0.0 0.0 0.862004
Person 0.0 0 0.0 1540.781250 257.343750 1635.468750 499.921875 0.0 0.0 0.0 0.0 0.0 0.0 0.0 0.868381
Person 0.0 0 0.0 1344.814453 154.775391 1424.560547 358.330078 0.0 0.0 0.0 0.0 0.0 0.0 0.0 0.874935
Person 0.0 0 0.0 1432.265625 210.937500 1494.609375 458.261719 0.0 0.0 0.0 0.0 0.0 0.0 0.0 0.895888
Person 0.0 0 0.0 5.214844 155.039062 85.253906 348.574219 0.0 0.0 0.0 0.0 0.0 0.0 0.0 0.899475
Person 0.0 0 0.0 250.546875 156.291504 333.046875 392.145996 0.0 0.0 0.0 0.0 0.0 0.0 0.0 0.908618
Person 0.0 0 0.0 1267.500000 637.954102 1550.625000 1073.803711 0.0 0.0 0.0 0.0 0.0 0.0 0.0 0.914901
Person 0.0 0 0.0 1796.015625 248.115234 1863.984375 409.482422 0.0 0.0 0.0 0.0 0.0 0.0 0.0 0.945801
Person 0.0 0 0.0 658.168945 114.631348 718.081055 369.733887 0.0 0.0 0.0 0.0 0.0 0.0 0.0 0.952574
Person 0.0 0 0.0 1297.148438 189.975586 1372.851562 383.247070 0.0 0.0 0.0 0.0 0.0 0.0 0.0 0.954647
Person 0.0 0 0.0 576.210938 128.803711 668.789062 404.868164 0.0 0.0 0.0 0.0 0.0 0.0 0.0 0.955651
Person 0.0 0 0.0 1312.089844 244.423828 1455.410156 536.044922 0.0 0.0 0.0 0.0 0.0 0.0 0.0 0.958226
