Person 0.0 0 0.0 17.255859 146.997070 85.517578 348.442383 0.0 0.0 0.0 0.0 0.0 0.0 0.0 0.766294
Person 0.0 0 0.0 424.921875 135.725098 508.828125 389.772949 0.0 0.0 0.0 0.0 0.0 0.0 0.0 0.811078
Person 0.0 0 0.0 720.395508 47.790527 770.229492 244.357910 0.0 0.0 0.0 0.0 0.0 0.0 0.0 0.846451
Person 0.0 0 0.0 343.242188 146.074219 422.226562 422.402344 0.0 0.0 0.0 0.0 0.0 0.0 0.0 0.855369
Person 0.0 0 0.0 1243.710938 218.320312 1336.289062 513.632812 0.0 0.0 0.0 0.0 0.0 0.0 0.0 0.879974
Person 0.0 0 0.0 1097.753906 284.765625 1221.621094 596.953125 0.0 0.0 0.0 0.0 0.0 0.0 0.0 0.880797
Person 0.0 0 0.0 524.589844 97.097168 588.222656 336.379395 0.0 0.0 0.0 0.0 0.0 0.0 0.0 0.884039
Person 0.0 0 0.0 1601.923828 285.622559 1703.701172 521.213379 0.0 0.0 0.0 0.0 0.0 0.0 0.0 0.886420
Person 0.0 0 0.0 1267.734375 642.832031 1554.140625 1073.144531 0.0 0.0 0.0 0.0 0.0 0.0 0.0 0.888759
Person 0.0 0 0.0 665.771484 112.126465 720.791016 376.984863 0.0 0.0 0.0 0.0 0.0 0.0 0.0 0.902952
Person 0.0 0 0.0 755.126953 17.731934 799.248047 224.714355 0.0 0.0 0.0 0.0 0.0 0.0 0.0 0.912748
Person 0.0 0 0.0 1399.980469 136.977539 1468.769531 338.159180 0.0 0.0 0.0 0.0 0.0 0.0 0.0 0.921640
Person 0.0 0 0.0 1752.363281 224.450684 1821.386719 393.068848 0.0 0.0 0.0 0.0 0.0 0.0 0.0 0.930962
Person 0.0 0 0.0 1348.271484 150.358887 1415.478516 360.109863 0.0 0.0 0.0 0.0 0.0 0.0 0.0 0.934634
Person 0.0 0 0.0 568.916016 130.187988 642.333984 396.892090 0.0 0.0 0.0 0.0 0.0 0.0 0.0 0.935817
Person 0.0 0 0.0 1787.021484 248.049316 1861.728516 407.966309 0.0 0.0 0.0 0.0 0.0 0.0 0.0 0.938124
Person 0.0 0 0.0 1275.703125 298.872070 1474.921875 623.452148 0.0 0.0 0.0 0.0 0.0 0.0 0.0 0.941654
Person 0.0 0 0.0 1495.883789 118.322754 1550.991211 274.548340 0.0 0.0 0.0 0.0 0.0 0.0 0.0 0.942929
Person 0.0 0 0.0 1442.548828 142.250977 1518.076172 307.836914 0.0 0.0 0.0 0.0 0.0 0.0 0.0 0.950960
Person 0.0 0 0.0 1330.019531 28.839111 1371.855469 147.293701 0.0 0.0 0.0 0.0 0.0 0.0 0.0 0.952574
