Person 0.0 0 0.0 0.380859 149.897461 80.126953 349.233398 0.0 0.0 0.0 0.0 0.0 0.0 0.0 0.732592
Person 0.0 0 0.0 657.011719 0.000000 734.238281 167.497559 0.0 0.0 0.0 0.0 0.0 0.0 0.0 0.775945
Person 0.0 0 0.0 1440.996094 362.680664 1587.128906 706.772461 0.0 0.0 0.0 0.0 0.0 0.0 0.0 0.801936
Person 0.0 0 0.0 1418.496094 140.537109 1482.128906 332.753906 0.0 0.0 0.0 0.0 0.0 0.0 0.0 0.832237
Person 0.0 0 0.0 1782.041016 236.711426 1853.583984 406.120605 0.0 0.0 0.0 0.0 0.0 0.0 0.0 0.874077
Person 0.0 0 0.0 1575.585938 814.350586 1818.164062 1072.485352 0.0 0.0 0.0 0.0 0.0 0.0 0.0 0.887205
Person 0.0 0 0.0 1362.626953 156.818848 1436.748047 362.614746 0.0 0.0 0.0 0.0 0.0 0.0 0.0 0.900879
Person 0.0 0 0.0 244.511719 165.717773 331.113281 400.122070 0.0 0.0 0.0 0.0 0.0 0.0 0.0 0.905990
Person 0.0 0 0.0 1243.769531 222.407227 1360.605469 555.952148 0.0 0.0 0.0 0.0 0.0 0.0 0.0 0.910227
Person 0.0 0 0.0 1442.607422 266.176758 1551.767578 483.178711 0.0 0.0 0.0 0.0 0.0 0.0 0.0 0.912124
Person 0.0 0 0.0 1425.878906 44.692383 1465.371094 151.347656 0.0 0.0 0.0 0.0 0.0 0.0 0.0 0.920504
Person 0.0 0 0.0 331.816406 188.261719 436.464844 463.535156 0.0 0.0 0.0 0.0 0.0 0.0 0.0 0.933915
Person 0.0 0 0.0 595.048828 155.698242 675.263672 443.364258 0.0 0.0 0.0 0.0 0.0 0.0 0.0 0.934395
Person 0.0 0 0.0 1392.421875 37.045898 1436.953125 154.511719 0.0 0.0 0.0 0.0 0.0 0.0 0.0 0.936052
Person 0.0 0 0.0 700.664062 158.203125 788.085938 442.968750 0.0 0.0 0.0 0.0 0.0 0.0 0.0 0.948346
Person 0.0 0 0.0 1361.484375 425.698242 1535.390625 797.739258 0.0 0.0 0.0 0.0 0.0 0.0 0.0 0.948537
Person 0.0 0 0.0 1609.628906 196.369629 1697.871094 355.759277 0.0 0.0 0.0 0.0 0.0 0.0 0.0 0.954137
Person 0.0 0 0.0 1469.003906 154.643555 1534.746094 328.139648 0.0 0.0 0.0 0.0 0.0 0.0 0.0 0.958693
Person 0.0 0 0.0 1551.035156 163.476562 1612.089844 326.425781 0.0 0.0 0.0 0.0 0.0 0.0 0.0 0.964321
Person 0.0 0 0.0 1592.460938 184.438477 1653.164062 333.413086 0.0 0.0 0.0 0.0 0.0 0.0 0.0 0.971347
