Person 0.0 0 0.0 578.232422 156.489258 650.830078 431.499023 0.0 0.0 0.0 0.0 0.0 0.0 0.0 0.810479
Person 0.0 0 0.0 1747.133789 223.659668 1802.241211 380.148926 0.0 0.0 0.0 0.0 0.0 0.0 0.0 0.827828
Person 0.0 0 0.0 1654.379883 143.734131 1686.870117 276.031494 0.0 0.0 0.0 0.0 0.0 0.0 0.0 0.855851
Person 0.0 0 0.0 762.070312 357.539062 885.117188 728.789062 0.0 0.0 0.0 0.0 0.0 0.0 0.0 0.860604
Person 0.0 0 0.0 349.482422 192.744141 451.611328 488.583984 0.0 0.0 0.0 0.0 0.0 0.0 0.0 0.868827
Person 0.0 0 0.0 292.412109 159.521484 387.275391 429.521484 0.0 0.0 0.0 0.0 0.0 0.0 0.0 0.872347
Person 0.0 0 0.0 1775.522461 226.560059 1833.852539 380.939941 0.0 0.0 0.0 0.0 0.0 0.0 0.0 0.876211
Person 0.0 0 0.0 678.574219 128.012695 768.925781 399.067383 0.0 0.0 0.0 0.0 0.0 0.0 0.0 0.884439
Person 0.0 0 0.0 1480.795898 151.149902 1524.829102 289.445801 0.0 0.0 0.0 0.0 0.0 0.0 0.0 0.888759
Person 0.0 0 0.0 1575.410156 821.206055 1810.839844 1075.122070 0.0 0.0 0.0 0.0 0.0 0.0 0.0 0.896614
Person 0.0 0 0.0 251.601562 167.695312 331.523438 400.781250 0.0 0.0 0.0 0.0 0.0 0.0 0.0 0.898767
Person 0.0 0 0.0 1402.822266 140.141602 1475.302734 331.040039 0.0 0.0 0.0 0.0 0.0 0.0 0.0 0.917893
Person 0.0 0 0.0 1404.960938 728.393555 1715.039062 1074.067383 0.0 0.0 0.0 0.0 0.0 0.0 0.0 0.927888
Person 0.0 0 0.0 1353.222656 392.607422 1549.277344 750.673828 0.0 0.0 0.0 0.0 0.0 0.0 0.0 0.936749
Person 0.0 0 0.0 1425.498047 43.736572 1465.751953 141.756592 0.0 0.0 0.0 0.0 0.0 0.0 0.0 0.938124
Person 0.0 0 0.0 1220.683594 255.366211 1378.066406 575.200195 0.0 0.0 0.0 0.0 0.0 0.0 0.0 0.944995
Person 0.0 0 0.0 1393.813477 37.111816 1435.561523 157.478027 0.0 0.0 0.0 0.0 0.0 0.0 0.0 0.945197
Person 0.0 0 0.0 1339.497070 42.418213 1386.752930 173.924561 0.0 0.0 0.0 0.0 0.0 0.0 0.0 0.945601
Person 0.0 0 0.0 1597.880859 199.995117 1662.744141 359.516602 0.0 0.0 0.0 0.0 0.0 0.0 0.0 0.964987
Person 0.0 0 0.0 1544.648438 183.383789 1616.601562 348.442383 0.0 0.0 0.0 0.0 0.0 0.0 0.0 0.965641
