Person 0.0 0 0.0 1396.860352 37.078857 1438.139648 149.732666 0.0 0.0 0.0 0.0 0.0 0.0 0.0 0.828939
Person 0.0 0 0.0 303.281250 156.225586 387.656250 429.125977 0.0 0.0 0.0 0.0 0.0 0.0 0.0 0.886420
Person 0.0 0 0.0 1485.981445 152.336426 1532.768555 318.581543 0.0 0.0 0.0 0.0 0.0 0.0 0.0 0.898767
Person 0.0 0 0.0 1655.581055 146.271973 1696.918945 285.358887 0.0 0.0 0.0 0.0 0.0 0.0 0.0 0.899121
Person 0.0 0 0.0 390.175781 177.714844 474.199219 463.535156 0.0 0.0 0.0 0.0 0.0 0.0 0.0 0.900879
Person 0.0 0 0.0 573.808594 144.755859 649.628906 426.884766 0.0 0.0 0.0 0.0 0.0 0.0 0.0 0.911495
Person 0.0 0 0.0 1243.886719 415.810547 1411.113281 759.111328 0.0 0.0 0.0 0.0 0.0 0.0 0.0 0.912124
Person 0.0 0 0.0 1379.531250 408.164062 1530.468750 775.195312 0.0 0.0 0.0 0.0 0.0 0.0 0.0 0.914901
Person 0.0 0 0.0 1297.294922 179.956055 1368.955078 379.028320 0.0 0.0 0.0 0.0 0.0 0.0 0.0 0.919931
Person 0.0 0 0.0 1791.503906 336.972656 1887.246094 515.214844 0.0 0.0 0.0 0.0 0.0 0.0 0.0 0.921640
Person 0.0 0 0.0 246.738281 165.058594 330.761719 399.199219 0.0 0.0 0.0 0.0 0.0 0.0 0.0 0.924959
Person 0.0 0 0.0 1147.265625 242.446289 1295.859375 582.319336 0.0 0.0 0.0 0.0 0.0 0.0 0.0 0.926835
Person 0.0 0 0.0 1772.519531 226.494141 1834.980469 382.587891 0.0 0.0 0.0 0.0 0.0 0.0 0.0 0.932944
Person 0.0 0 0.0 1410.585938 142.514648 1473.164062 309.946289 0.0 0.0 0.0 0.0 0.0 0.0 0.0 0.936981
Person 0.0 0 0.0 1349.208984 151.018066 1416.416016 359.450684 0.0 0.0 0.0 0.0 0.0 0.0 0.0 0.958226
Person 0.0 0 0.0 676.025391 128.408203 759.287109 399.462891 0.0 0.0 0.0 0.0 0.0 0.0 0.0 0.960063
Person 0.0 0 0.0 1392.949219 252.136230 1494.550781 500.383301 0.0 0.0 0.0 0.0 0.0 0.0 0.0 0.962953
Person 0.0 0 0.0 1337.900391 37.243652 1380.849609 175.012207 0.0 0.0 0.0 0.0 0.0 0.0 0.0 0.965900
Person 0.0 0 0.0 1597.060547 198.742676 1661.689453 359.714355 0.0 0.0 0.0 0.0 0.0 0.0 0.0 0.969785
Person 0.0 0 0.0 1545.058594 183.186035 1616.191406 348.640137 0.0 0.0 0.0 0.0 0.0 0.0 0.0 0.973241
