Person 0.0 0 0.0 101.279297 166.508789 176.689453 309.682617 0.0 0.0 0.0 0.0 0.0 0.0 0.0 0.727201
Person 0.0 0 0.0 1387.968750 36.683350 1424.531250 147.755127 0.0 0.0 0.0 0.0 0.0 0.0 0.0 0.770465
Person 0.0 0 0.0 1353.515625 51.943359 1385.859375 159.916992 0.0 0.0 0.0 0.0 0.0 0.0 0.0 0.777300
Person 0.0 0 0.0 3.691406 155.039062 85.722656 348.310547 0.0 0.0 0.0 0.0 0.0 0.0 0.0 0.796925
Person 0.0 0 0.0 1304.414062 610.664062 1504.335938 929.179688 0.0 0.0 0.0 0.0 0.0 0.0 0.0 0.798815
Person 0.0 0 0.0 246.386719 155.764160 332.988281 392.145996 0.0 0.0 0.0 0.0 0.0 0.0 0.0 0.805020
Person 0.0 0 0.0 1653.398438 352.067871 1775.976562 608.225098 0.0 0.0 0.0 0.0 0.0 0.0 0.0 0.813461
Person 0.0 0 0.0 1433.378906 202.500000 1529.121094 470.917969 0.0 0.0 0.0 0.0 0.0 0.0 0.0 0.834946
Person 0.0 0 0.0 337.910156 136.713867 414.902344 409.086914 0.0 0.0 0.0 0.0 0.0 0.0 0.0 0.842345
Person 0.0 0 0.0 1844.663086 242.973633 1897.836914 380.874023 0.0 0.0 0.0 0.0 0.0 0.0 0.0 0.855369
Person 0.0 0 0.0 720.058594 55.173340 768.691406 250.422363 0.0 0.0 0.0 0.0 0.0 0.0 0.0 0.869271
Person 0.0 0 0.0 1267.851562 639.140625 1554.023438 1073.671875 0.0 0.0 0.0 0.0 0.0 0.0 0.0 0.886420
Person 0.0 0 0.0 1498.125000 294.191895 1606.875000 556.940918 0.0 0.0 0.0 0.0 0.0 0.0 0.0 0.901921
Person 0.0 0 0.0 463.212891 222.143555 560.537109 527.211914 0.0 0.0 0.0 0.0 0.0 0.0 0.0 0.906653
Person 0.0 0 0.0 1761.210938 223.659668 1823.789062 393.332520 0.0 0.0 0.0 0.0 0.0 0.0 0.0 0.938124
Person 0.0 0 0.0 1291.347656 108.962402 1352.402344 306.584473 0.0 0.0 0.0 0.0 0.0 0.0 0.0 0.946597
Person 0.0 0 0.0 1349.560547 153.654785 1423.564453 361.823730 0.0 0.0 0.0 0.0 0.0 0.0 0.0 0.948346
Person 0.0 0 0.0 659.853516 113.972168 719.208984 369.602051 0.0 0.0 0.0 0.0 0.0 0.0 0.0 0.950595
Person 0.0 0 0.0 574.951172 130.649414 654.111328 405.131836 0.0 0.0 0.0 0.0 0.0 0.0 0.0 0.956309
Person 0.0 0 0.0 1795.019531 248.444824 1864.980469 409.152832 0.0 0.0 0.0 0.0 0.0 0.0 0.0 0.959001
