Person 0.0 0 0.0 715.517578 38.693848 758.232422 223.000488 0.0 0.0 0.0 0.0 0.0 0.0 0.0 0.828939
Person 0.0 0 0.0 1659.140625 168.156738 1715.859375 319.372559 0.0 0.0 0.0 0.0 0.0 0.0 0.0 0.862468
Person 0.0 0 0.0 831.679688 315.219727 919.570312 667.221680 0.0 0.0 0.0 0.0 0.0 0.0 0.0 0.863392
Person 0.0 0 0.0 581.074219 118.652344 645.175781 360.966797 0.0 0.0 0.0 0.0 0.0 0.0 0.0 0.869715
Person 0.0 0 0.0 295.253906 155.764160 383.496094 424.313965 0.0 0.0 0.0 0.0 0.0 0.0 0.0 0.881207
Person 0.0 0 0.0 1317.187500 21.027832 1360.312500 137.043457 0.0 0.0 0.0 0.0 0.0 0.0 0.0 0.909265
Person 0.0 0 0.0 1396.464844 39.089355 1438.535156 143.371582 0.0 0.0 0.0 0.0 0.0 0.0 0.0 0.911495
Person 0.0 0 0.0 1751.220703 221.945801 1800.029297 368.151855 0.0 0.0 0.0 0.0 0.0 0.0 0.0 0.919931
Person 0.0 0 0.0 1443.632812 147.128906 1518.867188 317.988281 0.0 0.0 0.0 0.0 0.0 0.0 0.0 0.922761
Person 0.0 0 0.0 1787.431641 259.387207 1855.693359 407.175293 0.0 0.0 0.0 0.0 0.0 0.0 0.0 0.931213
Person 0.0 0 0.0 244.570312 167.233887 331.992188 399.133301 0.0 0.0 0.0 0.0 0.0 0.0 0.0 0.932944
Person 0.0 0 0.0 1347.128906 152.006836 1418.496094 359.252930 0.0 0.0 0.0 0.0 0.0 0.0 0.0 0.933915
Person 0.0 0 0.0 1274.824219 542.109375 1460.800781 979.804688 0.0 0.0 0.0 0.0 0.0 0.0 0.0 0.939692
Person 0.0 0 0.0 1292.094727 175.803223 1349.780273 373.161621 0.0 0.0 0.0 0.0 0.0 0.0 0.0 0.941439
Person 0.0 0 0.0 1402.939453 138.493652 1482.685547 323.195801 0.0 0.0 0.0 0.0 0.0 0.0 0.0 0.943764
Person 0.0 0 0.0 670.898438 134.802246 750.351562 394.650879 0.0 0.0 0.0 0.0 0.0 0.0 0.0 0.944791
Person 0.0 0 0.0 1648.974609 309.221191 1759.775391 528.200684 0.0 0.0 0.0 0.0 0.0 0.0 0.0 0.947186
Person 0.0 0 0.0 1554.199219 191.359863 1618.300781 354.440918 0.0 0.0 0.0 0.0 0.0 0.0 0.0 0.958382
Person 0.0 0 0.0 1769.941406 227.416992 1833.808594 384.301758 0.0 0.0 0.0 0.0 0.0 0.0 0.0 0.963643
Person 0.0 0 0.0 1597.763672 200.654297 1668.486328 359.912109 0.0 0.0 0.0 0.0 0.0 0.0 0.0 0.966283
