Person 0.0 0 0.0 352.236328 192.744141 452.138672 488.583984 0.0 0.0 0.0 0.0 0.0 0.0 0.0 0.800692
Person 0.0 0 0.0 1747.133789 223.923340 1802.241211 379.885254 0.0 0.0 0.0 0.0 0.0 0.0 0.0 0.815820
Person 0.0 0 0.0 1654.379883 143.767090 1686.870117 275.734863 0.0 0.0 0.0 0.0 0.0 0.0 0.0 0.825027
Person 0.0 0 0.0 747.656250 361.230469 881.718750 728.261719 0.0 0.0 0.0 0.0 0.0 0.0 0.0 0.840259
Person 0.0 0 0.0 291.357422 161.103516 386.923828 430.048828 0.0 0.0 0.0 0.0 0.0 0.0 0.0 0.872782
Person 0.0 0 0.0 577.558594 157.148438 650.566406 430.839844 0.0 0.0 0.0 0.0 0.0 0.0 0.0 0.875361
Person 0.0 0 0.0 1480.664062 151.479492 1524.960938 294.653320 0.0 0.0 0.0 0.0 0.0 0.0 0.0 0.882022
Person 0.0 0 0.0 1574.296875 817.844238 1811.953125 1074.265137 0.0 0.0 0.0 0.0 0.0 0.0 0.0 0.888372
Person 0.0 0 0.0 251.455078 168.288574 331.669922 400.715332 0.0 0.0 0.0 0.0 0.0 0.0 0.0 0.896251
Person 0.0 0 0.0 1402.470703 138.427734 1475.654297 330.644531 0.0 0.0 0.0 0.0 0.0 0.0 0.0 0.900530
Person 0.0 0 0.0 678.515625 127.221680 769.921875 399.858398 0.0 0.0 0.0 0.0 0.0 0.0 0.0 0.908293
Person 0.0 0 0.0 1775.068359 226.560059 1834.306641 380.939941 0.0 0.0 0.0 0.0 0.0 0.0 0.0 0.910545
Person 0.0 0 0.0 1355.859375 397.221680 1548.515625 751.333008 0.0 0.0 0.0 0.0 0.0 0.0 0.0 0.932699
Person 0.0 0 0.0 1426.625977 44.296875 1466.499023 141.459961 0.0 0.0 0.0 0.0 0.0 0.0 0.0 0.932944
Person 0.0 0 0.0 1220.566406 256.157227 1378.183594 574.936523 0.0 0.0 0.0 0.0 0.0 0.0 0.0 0.935110
Person 0.0 0 0.0 1390.078125 706.245117 1711.171875 1073.012695 0.0 0.0 0.0 0.0 0.0 0.0 0.0 0.936052
Person 0.0 0 0.0 1394.018555 37.012939 1435.356445 155.467529 0.0 0.0 0.0 0.0 0.0 0.0 0.0 0.941007
Person 0.0 0 0.0 1339.541016 42.352295 1386.708984 172.540283 0.0 0.0 0.0 0.0 0.0 0.0 0.0 0.944382
Person 0.0 0 0.0 1597.119141 200.061035 1661.630859 359.450684 0.0 0.0 0.0 0.0 0.0 0.0 0.0 0.964187
Person 0.0 0 0.0 1544.531250 183.383789 1616.718750 348.442383 0.0 0.0 0.0 0.0 0.0 0.0 0.0 0.964722
