Person 0.0 0 0.0 653.935547 0.000000 733.564453 168.881836 0.0 0.0 0.0 0.0 0.0 0.0 0.0 0.798187
Person 0.0 0 0.0 1784.355469 278.536377 1845.644531 405.955811 0.0 0.0 0.0 0.0 0.0 0.0 0.0 0.809276
Person 0.0 0 0.0 1594.628906 218.781738 1679.121094 337.038574 0.0 0.0 0.0 0.0 0.0 0.0 0.0 0.818737
Person 0.0 0 0.0 1574.648438 813.757324 1815.351562 1073.078613 0.0 0.0 0.0 0.0 0.0 0.0 0.0 0.873647
Person 0.0 0 0.0 572.666016 152.138672 655.458984 441.650391 0.0 0.0 0.0 0.0 0.0 0.0 0.0 0.876634
Person 0.0 0 0.0 1465.253906 151.281738 1525.371094 325.700684 0.0 0.0 0.0 0.0 0.0 0.0 0.0 0.884439
Person 0.0 0 0.0 1371.972656 440.068359 1549.277344 798.134766 0.0 0.0 0.0 0.0 0.0 0.0 0.0 0.886027
Person 0.0 0 0.0 1552.104492 177.319336 1609.145508 335.522461 0.0 0.0 0.0 0.0 0.0 0.0 0.0 0.891811
Person 0.0 0 0.0 244.189453 165.322266 330.966797 399.990234 0.0 0.0 0.0 0.0 0.0 0.0 0.0 0.900179
Person 0.0 0 0.0 345.644531 181.933594 436.699219 471.445312 0.0 0.0 0.0 0.0 0.0 0.0 0.0 0.910227
Person 0.0 0 0.0 1548.750000 287.270508 1635.000000 437.299805 0.0 0.0 0.0 0.0 0.0 0.0 0.0 0.916110
Person 0.0 0 0.0 1425.571289 44.494629 1465.678711 144.953613 0.0 0.0 0.0 0.0 0.0 0.0 0.0 0.922761
Person 0.0 0 0.0 1440.644531 264.265137 1555.605469 485.090332 0.0 0.0 0.0 0.0 0.0 0.0 0.0 0.924959
Person 0.0 0 0.0 719.648438 333.808594 864.726562 710.332031 0.0 0.0 0.0 0.0 0.0 0.0 0.0 0.929184
Person 0.0 0 0.0 1393.168945 37.078857 1436.206055 155.137939 0.0 0.0 0.0 0.0 0.0 0.0 0.0 0.931711
Person 0.0 0 0.0 702.421875 156.225586 786.328125 419.106445 0.0 0.0 0.0 0.0 0.0 0.0 0.0 0.939692
Person 0.0 0 0.0 1220.976562 255.366211 1377.773438 573.618164 0.0 0.0 0.0 0.0 0.0 0.0 0.0 0.940790
Person 0.0 0 0.0 1457.343750 393.530273 1655.156250 734.985352 0.0 0.0 0.0 0.0 0.0 0.0 0.0 0.947186
Person 0.0 0 0.0 1324.291992 36.584473 1364.458008 172.639160 0.0 0.0 0.0 0.0 0.0 0.0 0.0 0.950041
Person 0.0 0 0.0 1682.783203 160.246582 1735.341797 298.542480 0.0 0.0 0.0 0.0 0.0 0.0 0.0 0.956957
