Person 0.0 0 0.0 1748.745117 224.384766 1804.379883 377.314453 0.0 0.0 0.0 0.0 0.0 0.0 0.0 0.725649
Person 0.0 0 0.0 304.218750 152.929688 380.156250 430.839844 0.0 0.0 0.0 0.0 0.0 0.0 0.0 0.794385
Person 0.0 0 0.0 1774.365234 225.900879 1833.134766 382.653809 0.0 0.0 0.0 0.0 0.0 0.0 0.0 0.800068
Person 0.0 0 0.0 1576.523438 796.025391 1817.226562 1072.880859 0.0 0.0 0.0 0.0 0.0 0.0 0.0 0.845942
Person 0.0 0 0.0 1422.319336 44.824219 1465.180664 138.691406 0.0 0.0 0.0 0.0 0.0 0.0 0.0 0.887984
Person 0.0 0 0.0 579.960938 157.741699 649.101562 419.699707 0.0 0.0 0.0 0.0 0.0 0.0 0.0 0.894789
Person 0.0 0 0.0 1465.634766 152.995605 1524.990234 326.887207 0.0 0.0 0.0 0.0 0.0 0.0 0.0 0.900530
Person 0.0 0 0.0 1498.535156 489.902344 1709.589844 867.480469 0.0 0.0 0.0 0.0 0.0 0.0 0.0 0.905322
Person 0.0 0 0.0 246.181641 166.442871 331.318359 401.506348 0.0 0.0 0.0 0.0 0.0 0.0 0.0 0.905990
Person 0.0 0 0.0 1548.808594 183.911133 1616.191406 347.915039 0.0 0.0 0.0 0.0 0.0 0.0 0.0 0.920218
Person 0.0 0 0.0 345.439453 188.525391 449.091797 478.564453 0.0 0.0 0.0 0.0 0.0 0.0 0.0 0.922761
Person 0.0 0 0.0 580.195312 410.405273 769.804688 801.430664 0.0 0.0 0.0 0.0 0.0 0.0 0.0 0.928409
Person 0.0 0 0.0 711.240234 141.855469 779.384766 410.273438 0.0 0.0 0.0 0.0 0.0 0.0 0.0 0.931711
Person 0.0 0 0.0 1443.134766 263.935547 1560.615234 463.798828 0.0 0.0 0.0 0.0 0.0 0.0 0.0 0.931960
Person 0.0 0 0.0 1393.930664 37.408447 1435.444336 148.084717 0.0 0.0 0.0 0.0 0.0 0.0 0.0 0.936052
Person 0.0 0 0.0 1404.755859 138.164062 1482.744141 330.908203 0.0 0.0 0.0 0.0 0.0 0.0 0.0 0.948346
Person 0.0 0 0.0 1596.738281 224.516602 1673.261719 359.252930 0.0 0.0 0.0 0.0 0.0 0.0 0.0 0.948728
Person 0.0 0 0.0 1221.503906 255.102539 1379.121094 573.881836 0.0 0.0 0.0 0.0 0.0 0.0 0.0 0.949669
Person 0.0 0 0.0 1367.636719 407.241211 1529.238281 772.954102 0.0 0.0 0.0 0.0 0.0 0.0 0.0 0.951323
Person 0.0 0 0.0 1325.800781 36.815186 1364.824219 169.903564 0.0 0.0 0.0 0.0 0.0 0.0 0.0 0.955152
