Person 0.0 0 0.0 232.294922 167.958984 330.205078 401.044922 0.0 0.0 0.0 0.0 0.0 0.0 0.0 0.857291
Person 0.0 0 0.0 1400.156250 39.517822 1438.593750 137.142334 0.0 0.0 0.0 0.0 0.0 0.0 0.0 0.862930
Person 0.0 0 0.0 1415.126953 134.670410 1462.998047 337.565918 0.0 0.0 0.0 0.0 0.0 0.0 0.0 0.882428
Person 0.0 0 0.0 1601.455078 285.952148 1704.169922 520.883789 0.0 0.0 0.0 0.0 0.0 0.0 0.0 0.898053
Person 0.0 0 0.0 754.233398 18.457031 798.266602 224.780273 0.0 0.0 0.0 0.0 0.0 0.0 0.0 0.899121
Person 0.0 0 0.0 1269.023438 640.590820 1552.851562 1073.276367 0.0 0.0 0.0 0.0 0.0 0.0 0.0 0.906322
Person 0.0 0 0.0 719.370117 47.856445 771.254883 245.610352 0.0 0.0 0.0 0.0 0.0 0.0 0.0 0.906983
Person 0.0 0 0.0 425.302734 114.367676 501.416016 359.714355 0.0 0.0 0.0 0.0 0.0 0.0 0.0 0.908293
Person 0.0 0 0.0 343.242188 147.128906 422.226562 422.402344 0.0 0.0 0.0 0.0 0.0 0.0 0.0 0.913368
Person 0.0 0 0.0 1244.003906 210.937500 1339.746094 513.632812 0.0 0.0 0.0 0.0 0.0 0.0 0.0 0.926037
Person 0.0 0 0.0 1357.207031 150.029297 1427.167969 362.285156 0.0 0.0 0.0 0.0 0.0 0.0 0.0 0.929951
Person 0.0 0 0.0 1103.818359 265.781250 1211.806641 589.570312 0.0 0.0 0.0 0.0 0.0 0.0 0.0 0.930205
Person 0.0 0 0.0 656.425781 114.565430 717.949219 369.008789 0.0 0.0 0.0 0.0 0.0 0.0 0.0 0.931213
Person 0.0 0 0.0 571.259766 133.747559 654.052734 396.496582 0.0 0.0 0.0 0.0 0.0 0.0 0.0 0.934155
Person 0.0 0 0.0 1752.626953 222.736816 1821.123047 393.200684 0.0 0.0 0.0 0.0 0.0 0.0 0.0 0.934395
Person 0.0 0 0.0 1276.699219 294.653320 1472.050781 622.924805 0.0 0.0 0.0 0.0 0.0 0.0 0.0 0.942718
Person 0.0 0 0.0 1444.453125 142.185059 1504.921875 308.430176 0.0 0.0 0.0 0.0 0.0 0.0 0.0 0.949106
Person 0.0 0 0.0 1785.468750 247.983398 1861.406250 408.032227 0.0 0.0 0.0 0.0 0.0 0.0 0.0 0.955152
Person 0.0 0 0.0 1496.191406 118.059082 1550.683594 274.812012 0.0 0.0 0.0 0.0 0.0 0.0 0.0 0.960212
Person 0.0 0 0.0 1344.902344 48.120117 1392.597656 186.416016 0.0 0.0 0.0 0.0 0.0 0.0 0.0 0.964456
