Person 0.0 0 0.0 1252.646484 240.007324 1346.103516 497.746582 0.0 0.0 0.0 0.0 0.0 0.0 0.0 0.579400
Person 0.0 0 0.0 1756.992188 354.770508 1912.382812 654.038086 0.0 0.0 0.0 0.0 0.0 0.0 0.0 0.669745
Person 0.0 0 0.0 1250.859375 661.289062 1537.265625 1073.671875 0.0 0.0 0.0 0.0 0.0 0.0 0.0 0.832237
Person 0.0 0 0.0 91.962891 171.123047 158.583984 306.650391 0.0 0.0 0.0 0.0 0.0 0.0 0.0 0.840783
Person 0.0 0 0.0 1350.541992 43.505859 1388.833008 126.035156 0.0 0.0 0.0 0.0 0.0 0.0 0.0 0.842345
Person 0.0 0 0.0 1659.155273 207.971191 1713.969727 367.360840 0.0 0.0 0.0 0.0 0.0 0.0 0.0 0.866585
Person 0.0 0 0.0 1406.865234 39.023438 1437.509766 133.286133 0.0 0.0 0.0 0.0 0.0 0.0 0.0 0.869271
Person 0.0 0 0.0 325.488281 139.350586 403.886719 406.977539 0.0 0.0 0.0 0.0 0.0 0.0 0.0 0.887595
Person 0.0 0 0.0 1752.919922 223.659668 1822.705078 392.277832 0.0 0.0 0.0 0.0 0.0 0.0 0.0 0.889912
Person 0.0 0 0.0 18.076172 142.580566 93.603516 349.167480 0.0 0.0 0.0 0.0 0.0 0.0 0.0 0.890675
Person 0.0 0 0.0 1795.869141 248.181152 1864.130859 409.416504 0.0 0.0 0.0 0.0 0.0 0.0 0.0 0.903635
Person 0.0 0 0.0 578.349609 132.758789 647.900391 405.131836 0.0 0.0 0.0 0.0 0.0 0.0 0.0 0.915507
Person 0.0 0 0.0 1552.441406 172.639160 1635.058594 374.216309 0.0 0.0 0.0 0.0 0.0 0.0 0.0 0.917893
Person 0.0 0 0.0 728.466797 96.569824 803.408203 336.379395 0.0 0.0 0.0 0.0 0.0 0.0 0.0 0.932699
Person 0.0 0 0.0 1353.193359 88.956299 1410.556641 194.490967 0.0 0.0 0.0 0.0 0.0 0.0 0.0 0.933188
Person 0.0 0 0.0 1285.546875 91.691895 1360.078125 283.249512 0.0 0.0 0.0 0.0 0.0 0.0 0.0 0.937440
Person 0.0 0 0.0 1436.572266 120.893555 1509.052734 292.807617 0.0 0.0 0.0 0.0 0.0 0.0 0.0 0.940790
Person 0.0 0 0.0 265.253906 147.656250 344.121094 382.587891 0.0 0.0 0.0 0.0 0.0 0.0 0.0 0.945399
Person 0.0 0 0.0 1448.496094 153.259277 1538.378906 359.055176 0.0 0.0 0.0 0.0 0.0 0.0 0.0 0.950227
Person 0.0 0 0.0 651.240234 119.311523 732.509766 375.336914 0.0 0.0 0.0 0.0 0.0 0.0 0.0 0.953449
