Person 0.0 0 0.0 1653.032227 202.434082 1712.592773 364.987793 0.0 0.0 0.0 0.0 0.0 0.0 0.0 0.772531
Person 0.0 0 0.0 1350.439453 42.022705 1385.185547 118.948975 0.0 0.0 0.0 0.0 0.0 0.0 0.0 0.773901
Person 0.0 0 0.0 243.515625 156.357422 336.796875 393.662109 0.0 0.0 0.0 0.0 0.0 0.0 0.0 0.808067
Person 0.0 0 0.0 318.281250 139.877930 402.187500 404.340820 0.0 0.0 0.0 0.0 0.0 0.0 0.0 0.828939
Person 0.0 0 0.0 93.222656 167.958984 162.480469 322.998047 0.0 0.0 0.0 0.0 0.0 0.0 0.0 0.830044
Person 0.0 0 0.0 22.792969 141.196289 94.980469 348.969727 0.0 0.0 0.0 0.0 0.0 0.0 0.0 0.862004
Person 0.0 0 0.0 1250.859375 644.414062 1557.890625 1073.671875 0.0 0.0 0.0 0.0 0.0 0.0 0.0 0.866585
Person 0.0 0 0.0 1092.246094 309.550781 1184.003906 601.171875 0.0 0.0 0.0 0.0 0.0 0.0 0.0 0.871475
Person 0.0 0 0.0 1406.982422 39.155273 1437.392578 135.922852 0.0 0.0 0.0 0.0 0.0 0.0 0.0 0.899475
Person 0.0 0 0.0 1753.095703 223.923340 1822.529297 392.541504 0.0 0.0 0.0 0.0 0.0 0.0 0.0 0.899828
Person 0.0 0 0.0 1253.730469 232.229004 1354.394531 497.087402 0.0 0.0 0.0 0.0 0.0 0.0 0.0 0.904987
Person 0.0 0 0.0 1351.259766 153.325195 1429.365234 361.098633 0.0 0.0 0.0 0.0 0.0 0.0 0.0 0.919063
Person 0.0 0 0.0 1552.001953 170.595703 1639.248047 374.150391 0.0 0.0 0.0 0.0 0.0 0.0 0.0 0.920218
Person 0.0 0 0.0 1432.207031 122.080078 1498.417969 296.103516 0.0 0.0 0.0 0.0 0.0 0.0 0.0 0.925769
Person 0.0 0 0.0 577.031250 132.495117 648.281250 405.395508 0.0 0.0 0.0 0.0 0.0 0.0 0.0 0.927626
Person 0.0 0 0.0 1796.132812 248.444824 1863.867188 409.152832 0.0 0.0 0.0 0.0 0.0 0.0 0.0 0.932453
Person 0.0 0 0.0 739.218750 122.475586 822.656250 392.211914 0.0 0.0 0.0 0.0 0.0 0.0 0.0 0.938124
Person 0.0 0 0.0 654.990234 118.454590 740.009766 374.611816 0.0 0.0 0.0 0.0 0.0 0.0 0.0 0.948728
Person 0.0 0 0.0 1277.255859 91.889648 1353.369141 288.588867 0.0 0.0 0.0 0.0 0.0 0.0 0.0 0.952574
Person 0.0 0 0.0 1452.158203 145.810547 1542.216797 346.728516 0.0 0.0 0.0 0.0 0.0 0.0 0.0 0.959913
