Person 0.0 0 0.0 15.468750 148.579102 85.546875 347.915039 0.0 0.0 0.0 0.0 0.0 0.0 0.0 0.787278
Person 0.0 0 0.0 1417.045898 135.856934 1461.079102 335.061035 0.0 0.0 0.0 0.0 0.0 0.0 0.0 0.808672
Person 0.0 0 0.0 1303.022461 20.830078 1340.727539 139.746094 0.0 0.0 0.0 0.0 0.0 0.0 0.0 0.811078
Person 0.0 0 0.0 232.382812 168.486328 330.117188 400.517578 0.0 0.0 0.0 0.0 0.0 0.0 0.0 0.860604
Person 0.0 0 0.0 1601.455078 286.149902 1704.169922 520.686035 0.0 0.0 0.0 0.0 0.0 0.0 0.0 0.891434
Person 0.0 0 0.0 1244.443359 210.937500 1339.306641 513.632812 0.0 0.0 0.0 0.0 0.0 0.0 0.0 0.899121
Person 0.0 0 0.0 752.446289 18.259277 797.241211 224.582520 0.0 0.0 0.0 0.0 0.0 0.0 0.0 0.905322
Person 0.0 0 0.0 1268.203125 640.590820 1551.796875 1073.276367 0.0 0.0 0.0 0.0 0.0 0.0 0.0 0.907967
Person 0.0 0 0.0 343.154297 147.128906 422.314453 422.402344 0.0 0.0 0.0 0.0 0.0 0.0 0.0 0.911180
Person 0.0 0 0.0 719.077148 47.460938 771.547852 246.005859 0.0 0.0 0.0 0.0 0.0 0.0 0.0 0.914291
Person 0.0 0 0.0 424.248047 113.972168 499.658203 352.727051 0.0 0.0 0.0 0.0 0.0 0.0 0.0 0.914596
Person 0.0 0 0.0 1346.220703 48.515625 1391.279297 185.229492 0.0 0.0 0.0 0.0 0.0 0.0 0.0 0.915507
Person 0.0 0 0.0 1103.466797 266.176758 1210.283203 586.010742 0.0 0.0 0.0 0.0 0.0 0.0 0.0 0.931960
Person 0.0 0 0.0 1751.689453 222.736816 1820.185547 393.200684 0.0 0.0 0.0 0.0 0.0 0.0 0.0 0.932944
Person 0.0 0 0.0 1358.027344 157.016602 1428.222656 362.944336 0.0 0.0 0.0 0.0 0.0 0.0 0.0 0.935346
Person 0.0 0 0.0 654.492188 115.949707 718.007812 368.679199 0.0 0.0 0.0 0.0 0.0 0.0 0.0 0.942082
Person 0.0 0 0.0 1785.527344 248.378906 1861.347656 408.164062 0.0 0.0 0.0 0.0 0.0 0.0 0.0 0.947769
Person 0.0 0 0.0 572.490234 134.670410 650.009766 396.628418 0.0 0.0 0.0 0.0 0.0 0.0 0.0 0.950778
Person 0.0 0 0.0 1444.335938 141.789551 1505.039062 307.507324 0.0 0.0 0.0 0.0 0.0 0.0 0.0 0.959001
Person 0.0 0 0.0 1496.953125 118.388672 1549.921875 274.746094 0.0 0.0 0.0 0.0 0.0 0.0 0.0 0.959307
