Person 0.0 0 0.0 989.326172 310.935059 1086.298828 493.264160 0.0 0.0 0.0 0.0 0.0 0.0 0.0 0.778649
Person 0.0 0 0.0 965.507812 230.910645 1070.742188 412.448730 0.0 0.0 0.0 0.0 0.0 0.0 0.0 0.838151
Person 0.0 0 0.0 648.808594 122.541504 712.441406 378.962402 0.0 0.0 0.0 0.0 0.0 0.0 0.0 0.874935
Person 0.0 0 0.0 747.055664 17.336426 797.944336 224.187012 0.0 0.0 0.0 0.0 0.0 0.0 0.0 0.876634
Person 0.0 0 0.0 1754.648438 223.132324 1820.976562 388.586426 0.0 0.0 0.0 0.0 0.0 0.0 0.0 0.877056
Person 0.0 0 0.0 246.181641 162.949219 331.318359 400.253906 0.0 0.0 0.0 0.0 0.0 0.0 0.0 0.911810
Person 0.0 0 0.0 317.490234 147.062988 406.728516 410.339355 0.0 0.0 0.0 0.0 0.0 0.0 0.0 0.912124
Person 0.0 0 0.0 1496.777344 118.454590 1559.472656 274.943848 0.0 0.0 0.0 0.0 0.0 0.0 0.0 0.916409
Person 0.0 0 0.0 1518.867188 796.025391 1768.007812 1072.880859 0.0 0.0 0.0 0.0 0.0 0.0 0.0 0.920504
Person 0.0 0 0.0 1351.406250 155.039062 1427.343750 361.230469 0.0 0.0 0.0 0.0 0.0 0.0 0.0 0.930205
Person 0.0 0 0.0 1256.777344 592.075195 1484.472656 1018.432617 0.0 0.0 0.0 0.0 0.0 0.0 0.0 0.931213
Person 0.0 0 0.0 1395.864258 39.484863 1439.135742 144.294434 0.0 0.0 0.0 0.0 0.0 0.0 0.0 0.931711
Person 0.0 0 0.0 1624.394531 307.507324 1737.480469 524.113770 0.0 0.0 0.0 0.0 0.0 0.0 0.0 0.932453
Person 0.0 0 0.0 1342.749023 31.080322 1385.375977 149.798584 0.0 0.0 0.0 0.0 0.0 0.0 0.0 0.939248
Person 0.0 0 0.0 1293.193359 176.857910 1358.056641 375.798340 0.0 0.0 0.0 0.0 0.0 0.0 0.0 0.944995
Person 0.0 0 0.0 1120.722656 320.493164 1253.027344 697.807617 0.0 0.0 0.0 0.0 0.0 0.0 0.0 0.946200
Person 0.0 0 0.0 1415.947266 139.284668 1475.302734 334.533691 0.0 0.0 0.0 0.0 0.0 0.0 0.0 0.954984
Person 0.0 0 0.0 1743.046875 296.301270 1832.578125 488.913574 0.0 0.0 0.0 0.0 0.0 0.0 0.0 0.963916
Person 0.0 0 0.0 1538.876953 175.144043 1626.123047 348.508301 0.0 0.0 0.0 0.0 0.0 0.0 0.0 0.968856
Person 0.0 0 0.0 1441.083984 148.579102 1523.291016 317.592773 0.0 0.0 0.0 0.0 0.0 0.0 0.0 0.975762
