Person 0.0 0 0.0 1426.464844 123.464355 1496.660156 301.047363 0.0 0.0 0.0 0.0 0.0 0.0 0.0 0.832781
Person 0.0 0 0.0 1304.648438 609.345703 1511.601562 929.443359 0.0 0.0 0.0 0.0 0.0 0.0 0.0 0.839734
Person 0.0 0 0.0 12.480469 148.645020 94.687500 348.640137 0.0 0.0 0.0 0.0 0.0 0.0 0.0 0.840783
Person 0.0 0 0.0 1118.056641 319.570312 1212.568359 600.117188 0.0 0.0 0.0 0.0 0.0 0.0 0.0 0.844922
Person 0.0 0 0.0 1406.162109 38.693848 1436.337891 143.107910 0.0 0.0 0.0 0.0 0.0 0.0 0.0 0.853913
Person 0.0 0 0.0 1545.703125 169.804688 1628.671875 368.876953 0.0 0.0 0.0 0.0 0.0 0.0 0.0 0.857291
Person 0.0 0 0.0 1753.564453 226.560059 1822.060547 392.541504 0.0 0.0 0.0 0.0 0.0 0.0 0.0 0.859192
Person 0.0 0 0.0 246.357422 158.466797 337.236328 392.607422 0.0 0.0 0.0 0.0 0.0 0.0 0.0 0.867036
Person 0.0 0 0.0 755.859375 20.764160 800.390625 219.045410 0.0 0.0 0.0 0.0 0.0 0.0 0.0 0.889912
Person 0.0 0 0.0 1367.460938 154.907227 1430.039062 363.999023 0.0 0.0 0.0 0.0 0.0 0.0 0.0 0.890675
Person 0.0 0 0.0 1654.628906 211.069336 1714.746094 366.372070 0.0 0.0 0.0 0.0 0.0 0.0 0.0 0.900179
Person 0.0 0 0.0 1268.906250 638.349609 1569.843750 1073.408203 0.0 0.0 0.0 0.0 0.0 0.0 0.0 0.900879
Person 0.0 0 0.0 1277.153320 86.813965 1336.596680 279.953613 0.0 0.0 0.0 0.0 0.0 0.0 0.0 0.902610
Person 0.0 0 0.0 653.408203 118.388672 721.904297 377.314453 0.0 0.0 0.0 0.0 0.0 0.0 0.0 0.915809
Person 0.0 0 0.0 576.416016 132.231445 647.958984 405.659180 0.0 0.0 0.0 0.0 0.0 0.0 0.0 0.921358
Person 0.0 0 0.0 1795.751953 248.247070 1864.248047 409.350586 0.0 0.0 0.0 0.0 0.0 0.0 0.0 0.930205
Person 0.0 0 0.0 683.261719 149.436035 783.925781 415.876465 0.0 0.0 0.0 0.0 0.0 0.0 0.0 0.949295
Person 0.0 0 0.0 1280.771484 233.217773 1370.478516 493.989258 0.0 0.0 0.0 0.0 0.0 0.0 0.0 0.950595
Person 0.0 0 0.0 1451.191406 141.394043 1522.558594 344.289551 0.0 0.0 0.0 0.0 0.0 0.0 0.0 0.956957
Person 0.0 0 0.0 1345.078125 77.849121 1413.046875 242.512207 0.0 0.0 0.0 0.0 0.0 0.0 0.0 0.966663
