Person 0.0 0 0.0 1439.824219 362.416992 1580.800781 706.508789 0.0 0.0 0.0 0.0 0.0 0.0 0.0 0.763484
Person 0.0 0 0.0 1428.793945 46.768799 1464.331055 148.480225 0.0 0.0 0.0 0.0 0.0 0.0 0.0 0.839208
Person 0.0 0 0.0 1746.225586 223.725586 1803.149414 377.446289 0.0 0.0 0.0 0.0 0.0 0.0 0.0 0.851459
Person 0.0 0 0.0 1576.289062 801.430664 1809.960938 1072.749023 0.0 0.0 0.0 0.0 0.0 0.0 0.0 0.857291
Person 0.0 0 0.0 1424.296875 117.004395 1487.578125 306.716309 0.0 0.0 0.0 0.0 0.0 0.0 0.0 0.864310
Person 0.0 0 0.0 1307.783203 168.156738 1356.591797 316.999512 0.0 0.0 0.0 0.0 0.0 0.0 0.0 0.887984
Person 0.0 0 0.0 1775.156250 236.250000 1852.968750 400.781250 0.0 0.0 0.0 0.0 0.0 0.0 0.0 0.901575
Person 0.0 0 0.0 1224.345703 302.431641 1329.404297 653.115234 0.0 0.0 0.0 0.0 0.0 0.0 0.0 0.903975
Person 0.0 0 0.0 244.423828 161.301270 331.201172 400.319824 0.0 0.0 0.0 0.0 0.0 0.0 0.0 0.919643
Person 0.0 0 0.0 659.721680 74.487305 712.778320 295.180664 0.0 0.0 0.0 0.0 0.0 0.0 0.0 0.920504
Person 0.0 0 0.0 1392.714844 37.045898 1436.660156 153.457031 0.0 0.0 0.0 0.0 0.0 0.0 0.0 0.928926
Person 0.0 0 0.0 1359.902344 430.444336 1536.972656 798.266602 0.0 0.0 0.0 0.0 0.0 0.0 0.0 0.937897
Person 0.0 0 0.0 1361.132812 158.071289 1438.242188 365.053711 0.0 0.0 0.0 0.0 0.0 0.0 0.0 0.950960
Person 0.0 0 0.0 592.265625 157.016602 677.109375 442.045898 0.0 0.0 0.0 0.0 0.0 0.0 0.0 0.954647
Person 0.0 0 0.0 708.837891 158.862305 807.099609 443.891602 0.0 0.0 0.0 0.0 0.0 0.0 0.0 0.955817
Person 0.0 0 0.0 1441.318359 150.490723 1545.556641 351.276855 0.0 0.0 0.0 0.0 0.0 0.0 0.0 0.958382
Person 0.0 0 0.0 1671.137695 199.863281 1726.362305 356.484375 0.0 0.0 0.0 0.0 0.0 0.0 0.0 0.959154
Person 0.0 0 0.0 1127.167969 356.748047 1270.957031 745.400391 0.0 0.0 0.0 0.0 0.0 0.0 0.0 0.959762
Person 0.0 0 0.0 1552.441406 160.378418 1612.558594 324.250488 0.0 0.0 0.0 0.0 0.0 0.0 0.0 0.971992
Person 0.0 0 0.0 1591.113281 183.779297 1654.511719 338.554688 0.0 0.0 0.0 0.0 0.0 0.0 0.0 0.973645
