Person 0.0 0 0.0 759.770508 20.764160 803.979492 228.405762 0.0 0.0 0.0 0.0 0.0 0.0 0.0 0.771843
Person 0.0 0 0.0 414.023438 370.195312 548.789062 760.429688 0.0 0.0 0.0 0.0 0.0 0.0 0.0 0.822760
Person 0.0 0 0.0 14.121094 146.271973 94.453125 349.167480 0.0 0.0 0.0 0.0 0.0 0.0 0.0 0.829492
Person 0.0 0 0.0 1380.996094 77.618408 1425.878906 211.893311 0.0 0.0 0.0 0.0 0.0 0.0 0.0 0.854399
Person 0.0 0 0.0 1753.330078 222.604980 1820.419922 369.074707 0.0 0.0 0.0 0.0 0.0 0.0 0.0 0.874077
Person 0.0 0 0.0 269.355469 145.415039 350.332031 375.336914 0.0 0.0 0.0 0.0 0.0 0.0 0.0 0.876211
Person 0.0 0 0.0 1259.296875 648.105469 1553.203125 1074.199219 0.0 0.0 0.0 0.0 0.0 0.0 0.0 0.876634
Person 0.0 0 0.0 784.306641 295.839844 881.630859 640.722656 0.0 0.0 0.0 0.0 0.0 0.0 0.0 0.891811
Person 0.0 0 0.0 881.367188 195.512695 972.070312 484.233398 0.0 0.0 0.0 0.0 0.0 0.0 0.0 0.903975
Person 0.0 0 0.0 1672.529297 240.402832 1760.595703 424.577637 0.0 0.0 0.0 0.0 0.0 0.0 0.0 0.915809
Person 0.0 0 0.0 1448.935547 113.312988 1528.564453 267.692871 0.0 0.0 0.0 0.0 0.0 0.0 0.0 0.917893
Person 0.0 0 0.0 323.173828 132.363281 423.076172 394.189453 0.0 0.0 0.0 0.0 0.0 0.0 0.0 0.918772
Person 0.0 0 0.0 1429.130859 230.119629 1529.619141 432.224121 0.0 0.0 0.0 0.0 0.0 0.0 0.0 0.922203
Person 0.0 0 0.0 1343.876953 63.281250 1389.873047 209.882812 0.0 0.0 0.0 0.0 0.0 0.0 0.0 0.930458
Person 0.0 0 0.0 1804.277344 263.144531 1876.347656 409.218750 0.0 0.0 0.0 0.0 0.0 0.0 0.0 0.933188
Person 0.0 0 0.0 1577.050781 203.027344 1696.699219 406.582031 0.0 0.0 0.0 0.0 0.0 0.0 0.0 0.933431
Person 0.0 0 0.0 1366.875000 169.013672 1453.125000 385.751953 0.0 0.0 0.0 0.0 0.0 0.0 0.0 0.936981
Person 0.0 0 0.0 1290.703125 76.530762 1347.421875 242.248535 0.0 0.0 0.0 0.0 0.0 0.0 0.0 0.946794
Person 0.0 0 0.0 1756.113281 244.819336 1840.136719 404.340820 0.0 0.0 0.0 0.0 0.0 0.0 0.0 0.951142
Person 0.0 0 0.0 692.431641 226.889648 803.818359 548.833008 0.0 0.0 0.0 0.0 0.0 0.0 0.0 0.957596
