Person 0.0 0 0.0 757.207031 21.555176 799.042969 168.288574 0.0 0.0 0.0 0.0 0.0 0.0 0.0 0.752740
Person 0.0 0 0.0 1443.574219 103.754883 1503.925781 264.331055 0.0 0.0 0.0 0.0 0.0 0.0 0.0 0.763484
Person 0.0 0 0.0 681.591797 49.504395 769.658203 251.872559 0.0 0.0 0.0 0.0 0.0 0.0 0.0 0.768386
Person 0.0 0 0.0 107.226562 168.684082 170.742188 309.353027 0.0 0.0 0.0 0.0 0.0 0.0 0.0 0.779993
Person 0.0 0 0.0 14.501953 146.403809 94.716797 349.035645 0.0 0.0 0.0 0.0 0.0 0.0 0.0 0.798815
Person 0.0 0 0.0 804.316406 292.543945 934.746094 641.909180 0.0 0.0 0.0 0.0 0.0 0.0 0.0 0.816406
Person 0.0 0 0.0 474.667969 304.541016 602.519531 634.130859 0.0 0.0 0.0 0.0 0.0 0.0 0.0 0.833866
Person 0.0 0 0.0 1171.464844 365.053711 1335.410156 698.071289 0.0 0.0 0.0 0.0 0.0 0.0 0.0 0.834946
Person 0.0 0 0.0 1754.326172 223.527832 1821.298828 370.788574 0.0 0.0 0.0 0.0 0.0 0.0 0.0 0.843895
Person 0.0 0 0.0 268.212891 145.876465 350.068359 376.193848 0.0 0.0 0.0 0.0 0.0 0.0 0.0 0.852445
Person 0.0 0 0.0 349.658203 130.649414 422.841797 395.903320 0.0 0.0 0.0 0.0 0.0 0.0 0.0 0.890294
Person 0.0 0 0.0 1260.117188 644.545898 1550.507812 1074.594727 0.0 0.0 0.0 0.0 0.0 0.0 0.0 0.903635
Person 0.0 0 0.0 1586.132812 201.643066 1695.117188 407.438965 0.0 0.0 0.0 0.0 0.0 0.0 0.0 0.904313
Person 0.0 0 0.0 1672.265625 244.753418 1755.234375 428.137207 0.0 0.0 0.0 0.0 0.0 0.0 0.0 0.909265
Person 0.0 0 0.0 1323.779297 160.114746 1411.845703 362.219238 0.0 0.0 0.0 0.0 0.0 0.0 0.0 0.920218
Person 0.0 0 0.0 734.179688 154.313965 806.132812 421.545410 0.0 0.0 0.0 0.0 0.0 0.0 0.0 0.921358
Person 0.0 0 0.0 628.857422 206.586914 745.517578 512.182617 0.0 0.0 0.0 0.0 0.0 0.0 0.0 0.930205
Person 0.0 0 0.0 1805.390625 261.101074 1873.359375 409.680176 0.0 0.0 0.0 0.0 0.0 0.0 0.0 0.932944
Person 0.0 0 0.0 1292.783203 113.576660 1365.966797 290.632324 0.0 0.0 0.0 0.0 0.0 0.0 0.0 0.950960
Person 0.0 0 0.0 1757.666016 246.005859 1842.333984 405.791016 0.0 0.0 0.0 0.0 0.0 0.0 0.0 0.953275
