Person 0.0 0 0.0 13.300781 141.921387 82.851562 345.607910 0.0 0.0 0.0 0.0 0.0 0.0 0.0 0.675765
Person 0.0 0 0.0 1739.882812 222.539062 1803.867188 379.160156 0.0 0.0 0.0 0.0 0.0 0.0 0.0 0.692642
Person 0.0 0 0.0 1225.576172 302.563477 1330.048828 652.983398 0.0 0.0 0.0 0.0 0.0 0.0 0.0 0.752740
Person 0.0 0 0.0 1356.503906 160.444336 1431.621094 367.690430 0.0 0.0 0.0 0.0 0.0 0.0 0.0 0.857291
Person 0.0 0 0.0 1366.640625 428.862305 1537.734375 797.739258 0.0 0.0 0.0 0.0 0.0 0.0 0.0 0.887984
Person 0.0 0 0.0 291.972656 160.971680 386.308594 439.672852 0.0 0.0 0.0 0.0 0.0 0.0 0.0 0.889529
Person 0.0 0 0.0 1417.880859 111.599121 1484.619141 305.002441 0.0 0.0 0.0 0.0 0.0 0.0 0.0 0.891055
Person 0.0 0 0.0 1669.042969 187.272949 1719.082031 345.607910 0.0 0.0 0.0 0.0 0.0 0.0 0.0 0.903294
Person 0.0 0 0.0 1774.833984 232.822266 1849.541016 400.517578 0.0 0.0 0.0 0.0 0.0 0.0 0.0 0.903975
Person 0.0 0 0.0 245.917969 163.344727 332.050781 400.913086 0.0 0.0 0.0 0.0 0.0 0.0 0.0 0.921358
Person 0.0 0 0.0 1391.777344 37.144775 1433.847656 154.017334 0.0 0.0 0.0 0.0 0.0 0.0 0.0 0.921922
Person 0.0 0 0.0 1430.463867 45.681152 1466.411133 140.734863 0.0 0.0 0.0 0.0 0.0 0.0 0.0 0.925230
Person 0.0 0 0.0 1175.976562 711.518555 1407.773438 1074.067383 0.0 0.0 0.0 0.0 0.0 0.0 0.0 0.926037
Person 0.0 0 0.0 1312.749023 182.131348 1366.625977 369.997559 0.0 0.0 0.0 0.0 0.0 0.0 0.0 0.929951
Person 0.0 0 0.0 608.144531 159.916992 696.855469 442.836914 0.0 0.0 0.0 0.0 0.0 0.0 0.0 0.950595
Person 0.0 0 0.0 1123.593750 359.384766 1270.781250 744.873047 0.0 0.0 0.0 0.0 0.0 0.0 0.0 0.956472
Person 0.0 0 0.0 1442.607422 149.238281 1536.767578 348.837891 0.0 0.0 0.0 0.0 0.0 0.0 0.0 0.961389
Person 0.0 0 0.0 710.859375 158.994141 804.140625 443.759766 0.0 0.0 0.0 0.0 0.0 0.0 0.0 0.962953
Person 0.0 0 0.0 1551.782227 162.224121 1611.342773 323.986816 0.0 0.0 0.0 0.0 0.0 0.0 0.0 0.971564
Person 0.0 0 0.0 1592.211914 181.406250 1649.663086 344.091797 0.0 0.0 0.0 0.0 0.0 0.0 0.0 0.974821
