Person 0.0 0 0.0 1406.015625 39.583740 1438.359375 132.462158 0.0 0.0 0.0 0.0 0.0 0.0 0.0 0.821044
Person 0.0 0 0.0 1375.078125 110.577393 1441.171875 220.858154 0.0 0.0 0.0 0.0 0.0 0.0 0.0 0.822760
Person 0.0 0 0.0 1418.437500 139.020996 1476.562500 335.852051 0.0 0.0 0.0 0.0 0.0 0.0 0.0 0.872782
Person 0.0 0 0.0 547.177734 122.739258 611.572266 369.008789 0.0 0.0 0.0 0.0 0.0 0.0 0.0 0.884039
Person 0.0 0 0.0 344.970703 145.019531 422.373047 423.457031 0.0 0.0 0.0 0.0 0.0 0.0 0.0 0.892937
Person 0.0 0 0.0 1601.542969 285.095215 1704.082031 520.686035 0.0 0.0 0.0 0.0 0.0 0.0 0.0 0.894789
Person 0.0 0 0.0 716.440430 48.779297 770.434570 245.478516 0.0 0.0 0.0 0.0 0.0 0.0 0.0 0.898767
Person 0.0 0 0.0 494.238281 103.623047 567.011719 261.035156 0.0 0.0 0.0 0.0 0.0 0.0 0.0 0.899121
Person 0.0 0 0.0 1257.890625 644.414062 1517.109375 1074.726562 0.0 0.0 0.0 0.0 0.0 0.0 0.0 0.912124
Person 0.0 0 0.0 1068.779297 289.379883 1181.220703 596.557617 0.0 0.0 0.0 0.0 0.0 0.0 0.0 0.912436
Person 0.0 0 0.0 1753.066406 222.407227 1820.683594 393.530273 0.0 0.0 0.0 0.0 0.0 0.0 0.0 0.916708
Person 0.0 0 0.0 1351.098633 63.281250 1408.901367 196.040039 0.0 0.0 0.0 0.0 0.0 0.0 0.0 0.924142
Person 0.0 0 0.0 751.289062 18.654785 796.523438 224.582520 0.0 0.0 0.0 0.0 0.0 0.0 0.0 0.927888
Person 0.0 0 0.0 502.792969 203.027344 597.832031 516.269531 0.0 0.0 0.0 0.0 0.0 0.0 0.0 0.933915
Person 0.0 0 0.0 1192.617188 268.154297 1353.632812 617.783203 0.0 0.0 0.0 0.0 0.0 0.0 0.0 0.936981
Person 0.0 0 0.0 1359.960938 161.828613 1431.914062 363.405762 0.0 0.0 0.0 0.0 0.0 0.0 0.0 0.940134
Person 0.0 0 0.0 1786.025391 248.115234 1860.849609 408.427734 0.0 0.0 0.0 0.0 0.0 0.0 0.0 0.943348
Person 0.0 0 0.0 1495.400391 118.322754 1549.599609 274.548340 0.0 0.0 0.0 0.0 0.0 0.0 0.0 0.955651
Person 0.0 0 0.0 658.740234 112.521973 725.947266 374.743652 0.0 0.0 0.0 0.0 0.0 0.0 0.0 0.961098
Person 0.0 0 0.0 1442.812500 142.646484 1514.062500 317.197266 0.0 0.0 0.0 0.0 0.0 0.0 0.0 0.966914
