Person 0.0 0 0.0 1560.556641 186.218262 1649.443359 382.785645 0.0 0.0 0.0 0.0 0.0 0.0 0.0 0.779322
Person 0.0 0 0.0 342.919922 138.559570 411.298828 401.440430 0.0 0.0 0.0 0.0 0.0 0.0 0.0 0.824462
Person 0.0 0 0.0 1360.151367 98.514404 1409.223633 199.171143 0.0 0.0 0.0 0.0 0.0 0.0 0.0 0.844922
Person 0.0 0 0.0 1250.039062 645.468750 1547.460938 1073.671875 0.0 0.0 0.0 0.0 0.0 0.0 0.0 0.855369
Person 0.0 0 0.0 707.827148 54.448242 757.485352 250.620117 0.0 0.0 0.0 0.0 0.0 0.0 0.0 0.857768
Person 0.0 0 0.0 1252.705078 242.116699 1347.919922 497.219238 0.0 0.0 0.0 0.0 0.0 0.0 0.0 0.874077
Person 0.0 0 0.0 1326.430664 34.771729 1362.319336 102.601318 0.0 0.0 0.0 0.0 0.0 0.0 0.0 0.879147
Person 0.0 0 0.0 266.806641 146.271973 350.537109 376.589355 0.0 0.0 0.0 0.0 0.0 0.0 0.0 0.887595
Person 0.0 0 0.0 1662.304688 210.014648 1720.195312 367.426758 0.0 0.0 0.0 0.0 0.0 0.0 0.0 0.902952
Person 0.0 0 0.0 16.992188 144.228516 92.812500 348.574219 0.0 0.0 0.0 0.0 0.0 0.0 0.0 0.905657
Person 0.0 0 0.0 1752.919922 224.384766 1822.705078 392.607422 0.0 0.0 0.0 0.0 0.0 0.0 0.0 0.906653
Person 0.0 0 0.0 756.108398 21.027832 803.891602 228.537598 0.0 0.0 0.0 0.0 0.0 0.0 0.0 0.906983
Person 0.0 0 0.0 1405.107422 39.287109 1435.517578 134.340820 0.0 0.0 0.0 0.0 0.0 0.0 0.0 0.912436
Person 0.0 0 0.0 1435.253906 115.817871 1506.621094 281.271973 0.0 0.0 0.0 0.0 0.0 0.0 0.0 0.914291
Person 0.0 0 0.0 1356.298828 152.072754 1428.076172 362.614746 0.0 0.0 0.0 0.0 0.0 0.0 0.0 0.920218
Person 0.0 0 0.0 573.486328 133.286133 644.326172 405.922852 0.0 0.0 0.0 0.0 0.0 0.0 0.0 0.928668
Person 0.0 0 0.0 1796.308594 249.895020 1863.691406 409.284668 0.0 0.0 0.0 0.0 0.0 0.0 0.0 0.943138
Person 0.0 0 0.0 1448.349609 156.423340 1534.775391 365.910645 0.0 0.0 0.0 0.0 0.0 0.0 0.0 0.944995
Person 0.0 0 0.0 1285.488281 96.701660 1363.886719 276.394043 0.0 0.0 0.0 0.0 0.0 0.0 0.0 0.951142
Person 0.0 0 0.0 633.486328 118.850098 720.263672 376.325684 0.0 0.0 0.0 0.0 0.0 0.0 0.0 0.954308
