Person 0.0 0 0.0 519.550781 145.678711 616.699219 414.887695 0.0 0.0 0.0 0.0 0.0 0.0 0.0 0.898767
Person 0.0 0 0.0 1317.436523 21.489258 1360.063477 137.109375 0.0 0.0 0.0 0.0 0.0 0.0 0.0 0.901575
Person 0.0 0 0.0 1443.427734 146.271973 1520.947266 317.790527 0.0 0.0 0.0 0.0 0.0 0.0 0.0 0.903635
Person 0.0 0 0.0 1662.539062 173.364258 1723.710938 329.458008 0.0 0.0 0.0 0.0 0.0 0.0 0.0 0.904313
Person 0.0 0 0.0 293.378906 155.302734 384.433594 425.302734 0.0 0.0 0.0 0.0 0.0 0.0 0.0 0.913058
Person 0.0 0 0.0 1787.490234 259.321289 1855.634766 407.768555 0.0 0.0 0.0 0.0 0.0 0.0 0.0 0.917598
Person 0.0 0 0.0 1396.186523 39.155273 1438.813477 143.964844 0.0 0.0 0.0 0.0 0.0 0.0 0.0 0.919063
Person 0.0 0 0.0 243.925781 168.024902 332.167969 399.396973 0.0 0.0 0.0 0.0 0.0 0.0 0.0 0.927100
Person 0.0 0 0.0 1345.283203 152.797852 1418.466797 359.252930 0.0 0.0 0.0 0.0 0.0 0.0 0.0 0.930711
Person 0.0 0 0.0 715.371094 38.693848 759.316406 225.109863 0.0 0.0 0.0 0.0 0.0 0.0 0.0 0.938124
Person 0.0 0 0.0 1647.832031 311.528320 1760.917969 534.331055 0.0 0.0 0.0 0.0 0.0 0.0 0.0 0.945399
Person 0.0 0 0.0 1253.144531 575.332031 1469.355469 984.550781 0.0 0.0 0.0 0.0 0.0 0.0 0.0 0.947962
Person 0.0 0 0.0 647.226562 138.823242 744.960938 395.375977 0.0 0.0 0.0 0.0 0.0 0.0 0.0 0.948346
Person 0.0 0 0.0 1293.530273 176.132812 1352.094727 374.414062 0.0 0.0 0.0 0.0 0.0 0.0 0.0 0.949106
Person 0.0 0 0.0 583.447266 109.819336 656.865234 357.934570 0.0 0.0 0.0 0.0 0.0 0.0 0.0 0.953966
Person 0.0 0 0.0 1554.257812 191.623535 1618.242188 354.177246 0.0 0.0 0.0 0.0 0.0 0.0 0.0 0.954647
Person 0.0 0 0.0 1378.300781 307.045898 1514.824219 585.219727 0.0 0.0 0.0 0.0 0.0 0.0 0.0 0.956309
Person 0.0 0 0.0 1401.884766 139.548340 1479.990234 332.687988 0.0 0.0 0.0 0.0 0.0 0.0 0.0 0.962533
Person 0.0 0 0.0 1770.585938 227.351074 1833.164062 384.367676 0.0 0.0 0.0 0.0 0.0 0.0 0.0 0.966156
Person 0.0 0 0.0 1597.294922 201.115723 1667.080078 359.450684 0.0 0.0 0.0 0.0 0.0 0.0 0.0 0.967410
