Person 0.0 0 0.0 106.933594 168.024902 169.394531 313.703613 0.0 0.0 0.0 0.0 0.0 0.0 0.0 0.777975
Person 0.0 0 0.0 14.472656 146.469727 93.925781 349.233398 0.0 0.0 0.0 0.0 0.0 0.0 0.0 0.812272
Person 0.0 0 0.0 1577.578125 189.250488 1660.546875 400.847168 0.0 0.0 0.0 0.0 0.0 0.0 0.0 0.840783
Person 0.0 0 0.0 758.627930 21.225586 803.247070 231.372070 0.0 0.0 0.0 0.0 0.0 0.0 0.0 0.842863
Person 0.0 0 0.0 494.619141 307.045898 609.755859 635.317383 0.0 0.0 0.0 0.0 0.0 0.0 0.0 0.848972
Person 0.0 0 0.0 351.005859 130.319824 423.369141 394.387207 0.0 0.0 0.0 0.0 0.0 0.0 0.0 0.859664
Person 0.0 0 0.0 1258.945312 643.886719 1553.554688 1074.199219 0.0 0.0 0.0 0.0 0.0 0.0 0.0 0.865679
Person 0.0 0 0.0 269.677734 145.480957 350.009766 376.589355 0.0 0.0 0.0 0.0 0.0 0.0 0.0 0.874507
Person 0.0 0 0.0 1123.681641 364.921875 1227.568359 698.203125 0.0 0.0 0.0 0.0 0.0 0.0 0.0 0.879147
Person 0.0 0 0.0 1675.781250 244.819336 1757.343750 428.071289 0.0 0.0 0.0 0.0 0.0 0.0 0.0 0.894789
Person 0.0 0 0.0 1341.767578 60.084229 1397.607422 191.195068 0.0 0.0 0.0 0.0 0.0 0.0 0.0 0.896614
Person 0.0 0 0.0 1373.627930 79.167480 1418.247070 191.623535 0.0 0.0 0.0 0.0 0.0 0.0 0.0 0.896976
Person 0.0 0 0.0 1410.292969 213.310547 1490.332031 413.173828 0.0 0.0 0.0 0.0 0.0 0.0 0.0 0.897336
Person 0.0 0 0.0 798.925781 295.971680 907.324219 640.590820 0.0 0.0 0.0 0.0 0.0 0.0 0.0 0.901575
Person 0.0 0 0.0 1279.687500 112.258301 1343.437500 290.632324 0.0 0.0 0.0 0.0 0.0 0.0 0.0 0.914291
Person 0.0 0 0.0 1471.962891 117.136230 1526.162109 258.332520 0.0 0.0 0.0 0.0 0.0 0.0 0.0 0.916110
Person 0.0 0 0.0 643.505859 214.365234 745.869141 544.482422 0.0 0.0 0.0 0.0 0.0 0.0 0.0 0.919353
Person 0.0 0 0.0 1327.939453 161.630859 1415.185547 365.449219 0.0 0.0 0.0 0.0 0.0 0.0 0.0 0.924959
Person 0.0 0 0.0 1804.541016 260.771484 1877.958984 408.955078 0.0 0.0 0.0 0.0 0.0 0.0 0.0 0.931463
Person 0.0 0 0.0 1756.347656 243.369141 1839.902344 405.791016 0.0 0.0 0.0 0.0 0.0 0.0 0.0 0.940790
