Person 0.0 0 0.0 506.835938 89.187012 582.539062 304.738770 0.0 0.0 0.0 0.0 0.0 0.0 0.0 0.822760
Person 0.0 0 0.0 375.175781 227.153320 479.824219 502.163086 0.0 0.0 0.0 0.0 0.0 0.0 0.0 0.844922
Person 0.0 0 0.0 721.450195 51.416016 768.237305 249.960938 0.0 0.0 0.0 0.0 0.0 0.0 0.0 0.846451
Person 0.0 0 0.0 102.539062 168.090820 171.445312 314.165039 0.0 0.0 0.0 0.0 0.0 0.0 0.0 0.847968
Person 0.0 0 0.0 2.871094 154.709473 87.246094 348.640137 0.0 0.0 0.0 0.0 0.0 0.0 0.0 0.848972
Person 0.0 0 0.0 1755.380859 223.725586 1823.994141 377.973633 0.0 0.0 0.0 0.0 0.0 0.0 0.0 0.858719
Person 0.0 0 0.0 326.660156 139.284668 389.121094 395.705566 0.0 0.0 0.0 0.0 0.0 0.0 0.0 0.862004
Person 0.0 0 0.0 1652.988281 373.161621 1783.886719 609.279785 0.0 0.0 0.0 0.0 0.0 0.0 0.0 0.862930
Person 0.0 0 0.0 756.752930 19.182129 810.747070 230.910645 0.0 0.0 0.0 0.0 0.0 0.0 0.0 0.886813
Person 0.0 0 0.0 236.162109 157.543945 331.025391 390.893555 0.0 0.0 0.0 0.0 0.0 0.0 0.0 0.887205
Person 0.0 0 0.0 1535.800781 228.801270 1632.949219 448.308105 0.0 0.0 0.0 0.0 0.0 0.0 0.0 0.888759
Person 0.0 0 0.0 468.427734 152.138672 558.134766 425.830078 0.0 0.0 0.0 0.0 0.0 0.0 0.0 0.893681
Person 0.0 0 0.0 1268.789062 639.667969 1553.085938 1073.144531 0.0 0.0 0.0 0.0 0.0 0.0 0.0 0.901227
Person 0.0 0 0.0 1416.503906 54.843750 1450.371094 153.720703 0.0 0.0 0.0 0.0 0.0 0.0 0.0 0.906322
Person 0.0 0 0.0 1385.771484 37.078857 1426.728516 147.359619 0.0 0.0 0.0 0.0 0.0 0.0 0.0 0.910545
Person 0.0 0 0.0 1797.832031 248.642578 1864.042969 408.955078 0.0 0.0 0.0 0.0 0.0 0.0 0.0 0.932207
Person 0.0 0 0.0 1296.123047 229.526367 1403.876953 516.137695 0.0 0.0 0.0 0.0 0.0 0.0 0.0 0.942718
Person 0.0 0 0.0 574.423828 130.122070 651.826172 405.131836 0.0 0.0 0.0 0.0 0.0 0.0 0.0 0.952574
Person 0.0 0 0.0 1286.015625 285.161133 1466.484375 621.870117 0.0 0.0 0.0 0.0 0.0 0.0 0.0 0.955152
Person 0.0 0 0.0 659.472656 113.642578 719.589844 369.667969 0.0 0.0 0.0 0.0 0.0 0.0 0.0 0.957754
