Person 0.0 0 0.0 0.439453 149.963379 79.892578 349.167480 0.0 0.0 0.0 0.0 0.0 0.0 0.0 0.717012
Person 0.0 0 0.0 1441.875000 363.603516 1586.250000 707.431641 0.0 0.0 0.0 0.0 0.0 0.0 0.0 0.751283
Person 0.0 0 0.0 1782.070312 242.314453 1849.804688 405.263672 0.0 0.0 0.0 0.0 0.0 0.0 0.0 0.773901
Person 0.0 0 0.0 1422.714844 117.927246 1483.535156 313.967285 0.0 0.0 0.0 0.0 0.0 0.0 0.0 0.801936
Person 0.0 0 0.0 309.433594 155.698242 387.128906 423.325195 0.0 0.0 0.0 0.0 0.0 0.0 0.0 0.845433
Person 0.0 0 0.0 595.195312 155.434570 675.117188 443.100586 0.0 0.0 0.0 0.0 0.0 0.0 0.0 0.858244
Person 0.0 0 0.0 1366.289062 155.764160 1440.585938 361.560059 0.0 0.0 0.0 0.0 0.0 0.0 0.0 0.871475
Person 0.0 0 0.0 1657.060547 196.699219 1714.189453 360.703125 0.0 0.0 0.0 0.0 0.0 0.0 0.0 0.872782
Person 0.0 0 0.0 341.718750 188.393555 436.406250 463.403320 0.0 0.0 0.0 0.0 0.0 0.0 0.0 0.873215
Person 0.0 0 0.0 1443.427734 267.231445 1552.822266 482.651367 0.0 0.0 0.0 0.0 0.0 0.0 0.0 0.876634
Person 0.0 0 0.0 1576.289062 813.757324 1819.335938 1073.078613 0.0 0.0 0.0 0.0 0.0 0.0 0.0 0.877477
Person 0.0 0 0.0 245.068359 165.585938 331.494141 400.253906 0.0 0.0 0.0 0.0 0.0 0.0 0.0 0.895888
Person 0.0 0 0.0 1243.857422 221.484375 1360.517578 555.820312 0.0 0.0 0.0 0.0 0.0 0.0 0.0 0.900530
Person 0.0 0 0.0 1390.927734 37.045898 1434.697266 154.116211 0.0 0.0 0.0 0.0 0.0 0.0 0.0 0.934395
Person 0.0 0 0.0 1360.722656 425.434570 1534.277344 798.002930 0.0 0.0 0.0 0.0 0.0 0.0 0.0 0.942507
Person 0.0 0 0.0 1469.106445 154.182129 1529.018555 324.382324 0.0 0.0 0.0 0.0 0.0 0.0 0.0 0.946200
Person 0.0 0 0.0 1427.783203 44.560547 1465.341797 149.370117 0.0 0.0 0.0 0.0 0.0 0.0 0.0 0.949856
Person 0.0 0 0.0 704.882812 158.334961 795.117188 442.836914 0.0 0.0 0.0 0.0 0.0 0.0 0.0 0.953794
Person 0.0 0 0.0 1551.328125 163.212891 1611.796875 326.689453 0.0 0.0 0.0 0.0 0.0 0.0 0.0 0.964855
Person 0.0 0 0.0 1591.406250 183.647461 1654.218750 337.631836 0.0 0.0 0.0 0.0 0.0 0.0 0.0 0.978385
