Person 0.0 0 0.0 1527.744141 330.974121 1631.630859 520.686035 0.0 0.0 0.0 0.0 0.0 0.0 0.0 0.832781
Person 0.0 0 0.0 90.878906 168.750000 153.808594 323.789062 0.0 0.0 0.0 0.0 0.0 0.0 0.0 0.850469
Person 0.0 0 0.0 1465.371094 152.336426 1523.378906 326.228027 0.0 0.0 0.0 0.0 0.0 0.0 0.0 0.857768
Person 0.0 0 0.0 579.726562 157.148438 654.023438 441.914062 0.0 0.0 0.0 0.0 0.0 0.0 0.0 0.859664
Person 0.0 0 0.0 1784.003906 276.591797 1845.996094 406.318359 0.0 0.0 0.0 0.0 0.0 0.0 0.0 0.877056
Person 0.0 0 0.0 1575.761719 822.919922 1812.363281 1073.408203 0.0 0.0 0.0 0.0 0.0 0.0 0.0 0.884439
Person 0.0 0 0.0 1425.454102 44.494629 1465.795898 138.361816 0.0 0.0 0.0 0.0 0.0 0.0 0.0 0.885235
Person 0.0 0 0.0 1488.281250 411.591797 1657.968750 765.439453 0.0 0.0 0.0 0.0 0.0 0.0 0.0 0.895888
Person 0.0 0 0.0 1370.742188 423.588867 1531.757812 797.739258 0.0 0.0 0.0 0.0 0.0 0.0 0.0 0.907312
Person 0.0 0 0.0 244.423828 164.860840 331.669922 399.924316 0.0 0.0 0.0 0.0 0.0 0.0 0.0 0.916110
Person 0.0 0 0.0 669.316406 358.066406 801.621094 738.808594 0.0 0.0 0.0 0.0 0.0 0.0 0.0 0.926037
Person 0.0 0 0.0 1659.829102 154.116211 1715.170898 315.219727 0.0 0.0 0.0 0.0 0.0 0.0 0.0 0.933673
Person 0.0 0 0.0 1220.683594 255.234375 1378.066406 573.750000 0.0 0.0 0.0 0.0 0.0 0.0 0.0 0.933915
Person 0.0 0 0.0 1551.621094 184.899902 1619.003906 348.508301 0.0 0.0 0.0 0.0 0.0 0.0 0.0 0.934872
Person 0.0 0 0.0 1391.572266 37.803955 1434.052734 151.644287 0.0 0.0 0.0 0.0 0.0 0.0 0.0 0.942718
Person 0.0 0 0.0 1603.066406 222.110596 1680.058594 343.729248 0.0 0.0 0.0 0.0 0.0 0.0 0.0 0.943556
Person 0.0 0 0.0 1325.566406 36.716309 1365.058594 172.902832 0.0 0.0 0.0 0.0 0.0 0.0 0.0 0.951142
Person 0.0 0 0.0 709.130859 150.029297 781.494141 411.591797 0.0 0.0 0.0 0.0 0.0 0.0 0.0 0.955319
Person 0.0 0 0.0 1460.800781 264.265137 1557.949219 474.016113 0.0 0.0 0.0 0.0 0.0 0.0 0.0 0.955651
Person 0.0 0 0.0 353.525391 181.142578 463.505859 472.236328 0.0 0.0 0.0 0.0 0.0 0.0 0.0 0.959307
