Person 0.0 0 0.0 48.486328 139.812012 120.849609 335.324707 0.0 0.0 0.0 0.0 0.0 0.0 0.0 0.763484
Person 0.0 0 0.0 1787.607422 336.445312 1885.517578 524.179688 0.0 0.0 0.0 0.0 0.0 0.0 0.0 0.809276
Person 0.0 0 0.0 1445.288086 105.007324 1502.211914 238.029785 0.0 0.0 0.0 0.0 0.0 0.0 0.0 0.820469
Person 0.0 0 0.0 717.392578 48.911133 766.669922 250.356445 0.0 0.0 0.0 0.0 0.0 0.0 0.0 0.857768
Person 0.0 0 0.0 759.301758 21.093750 802.573242 229.394531 0.0 0.0 0.0 0.0 0.0 0.0 0.0 0.878731
Person 0.0 0 0.0 324.580078 130.847168 423.544922 395.705566 0.0 0.0 0.0 0.0 0.0 0.0 0.0 0.891434
Person 0.0 0 0.0 1580.332031 202.500000 1693.417969 406.054688 0.0 0.0 0.0 0.0 0.0 0.0 0.0 0.910863
Person 0.0 0 0.0 1357.441406 78.739014 1423.183594 213.673096 0.0 0.0 0.0 0.0 0.0 0.0 0.0 0.911180
Person 0.0 0 0.0 1258.125000 668.540039 1595.625000 1072.749023 0.0 0.0 0.0 0.0 0.0 0.0 0.0 0.913984
Person 0.0 0 0.0 1488.574219 264.660645 1578.925781 478.366699 0.0 0.0 0.0 0.0 0.0 0.0 0.0 0.915205
Person 0.0 0 0.0 268.916016 145.744629 351.240234 375.534668 0.0 0.0 0.0 0.0 0.0 0.0 0.0 0.919931
Person 0.0 0 0.0 1804.951172 262.287598 1871.923828 409.020996 0.0 0.0 0.0 0.0 0.0 0.0 0.0 0.922203
Person 0.0 0 0.0 667.587891 258.398438 762.099609 578.496094 0.0 0.0 0.0 0.0 0.0 0.0 0.0 0.924142
Person 0.0 0 0.0 1672.031250 241.589355 1753.593750 426.027832 0.0 0.0 0.0 0.0 0.0 0.0 0.0 0.928409
Person 0.0 0 0.0 513.457031 613.828125 697.792969 1010.390625 0.0 0.0 0.0 0.0 0.0 0.0 0.0 0.930962
Person 0.0 0 0.0 1302.539062 611.455078 1509.960938 960.029297 0.0 0.0 0.0 0.0 0.0 0.0 0.0 0.941223
Person 0.0 0 0.0 1754.414062 236.909180 1828.710938 400.122070 0.0 0.0 0.0 0.0 0.0 0.0 0.0 0.943764
Person 0.0 0 0.0 1211.425781 253.916016 1316.074219 568.740234 0.0 0.0 0.0 0.0 0.0 0.0 0.0 0.947186
Person 0.0 0 0.0 1390.722656 90.439453 1474.277344 236.513672 0.0 0.0 0.0 0.0 0.0 0.0 0.0 0.953966
Person 0.0 0 0.0 1375.546875 210.212402 1489.453125 433.146973 0.0 0.0 0.0 0.0 0.0 0.0 0.0 0.961822
