Person 0.0 0 0.0 1304.472656 612.246094 1506.152344 929.707031 0.0 0.0 0.0 0.0 0.0 0.0 0.0 0.762070
Person 0.0 0 0.0 105.146484 166.574707 175.869141 311.989746 0.0 0.0 0.0 0.0 0.0 0.0 0.0 0.778649
Person 0.0 0 0.0 2.753906 155.764160 86.484375 347.849121 0.0 0.0 0.0 0.0 0.0 0.0 0.0 0.806243
Person 0.0 0 0.0 1458.281250 153.720703 1543.593750 363.339844 0.0 0.0 0.0 0.0 0.0 0.0 0.0 0.811676
Person 0.0 0 0.0 1645.561523 205.532227 1699.438477 329.458008 0.0 0.0 0.0 0.0 0.0 0.0 0.0 0.815233
Person 0.0 0 0.0 1314.448242 30.190430 1346.176758 162.290039 0.0 0.0 0.0 0.0 0.0 0.0 0.0 0.837088
Person 0.0 0 0.0 325.224609 140.800781 406.025391 411.328125 0.0 0.0 0.0 0.0 0.0 0.0 0.0 0.845433
Person 0.0 0 0.0 755.698242 21.555176 796.801758 230.646973 0.0 0.0 0.0 0.0 0.0 0.0 0.0 0.867934
Person 0.0 0 0.0 246.445312 159.389648 338.554688 392.739258 0.0 0.0 0.0 0.0 0.0 0.0 0.0 0.879974
Person 0.0 0 0.0 723.251953 49.636230 769.248047 241.193848 0.0 0.0 0.0 0.0 0.0 0.0 0.0 0.883638
Person 0.0 0 0.0 1268.554688 638.745117 1558.945312 1073.012695 0.0 0.0 0.0 0.0 0.0 0.0 0.0 0.891811
Person 0.0 0 0.0 684.843750 181.274414 766.406250 486.870117 0.0 0.0 0.0 0.0 0.0 0.0 0.0 0.912436
Person 0.0 0 0.0 582.568359 132.758789 647.431641 403.022461 0.0 0.0 0.0 0.0 0.0 0.0 0.0 0.913058
Person 0.0 0 0.0 1532.460938 316.999512 1668.164062 573.156738 0.0 0.0 0.0 0.0 0.0 0.0 0.0 0.927100
Person 0.0 0 0.0 1795.605469 247.521973 1864.394531 409.020996 0.0 0.0 0.0 0.0 0.0 0.0 0.0 0.933431
Person 0.0 0 0.0 654.521484 117.663574 736.728516 367.492676 0.0 0.0 0.0 0.0 0.0 0.0 0.0 0.938124
Person 0.0 0 0.0 1216.347656 322.338867 1343.027344 658.520508 0.0 0.0 0.0 0.0 0.0 0.0 0.0 0.938350
Person 0.0 0 0.0 1308.574219 190.437012 1372.675781 384.367676 0.0 0.0 0.0 0.0 0.0 0.0 0.0 0.942929
Person 0.0 0 0.0 1413.032227 127.880859 1472.592773 343.300781 0.0 0.0 0.0 0.0 0.0 0.0 0.0 0.959154
Person 0.0 0 0.0 1353.134766 152.929688 1423.740234 361.757812 0.0 0.0 0.0 0.0 0.0 0.0 0.0 0.970013
