Person 0.0 0 0.0 1304.472656 605.917969 1506.152344 928.652344 0.0 0.0 0.0 0.0 0.0 0.0 0.0 0.759939
Person 0.0 0 0.0 1458.750000 141.130371 1518.750000 245.412598 0.0 0.0 0.0 0.0 0.0 0.0 0.0 0.789234
Person 0.0 0 0.0 1297.822266 189.909668 1375.927734 366.437988 0.0 0.0 0.0 0.0 0.0 0.0 0.0 0.794385
Person 0.0 0 0.0 1396.186523 53.986816 1435.063477 159.323730 0.0 0.0 0.0 0.0 0.0 0.0 0.0 0.822189
Person 0.0 0 0.0 1652.167969 359.846191 1780.957031 608.356934 0.0 0.0 0.0 0.0 0.0 0.0 0.0 0.824462
Person 0.0 0 0.0 335.859375 137.834473 413.671875 404.274902 0.0 0.0 0.0 0.0 0.0 0.0 0.0 0.826712
Person 0.0 0 0.0 102.832031 168.222656 172.089844 314.033203 0.0 0.0 0.0 0.0 0.0 0.0 0.0 0.834407
Person 0.0 0 0.0 2.958984 155.500488 86.982422 348.640137 0.0 0.0 0.0 0.0 0.0 0.0 0.0 0.839208
Person 0.0 0 0.0 238.681641 155.500488 333.193359 391.354980 0.0 0.0 0.0 0.0 0.0 0.0 0.0 0.846958
Person 0.0 0 0.0 1759.804688 223.461914 1823.320312 376.127930 0.0 0.0 0.0 0.0 0.0 0.0 0.0 0.851459
Person 0.0 0 0.0 1436.484375 208.828125 1518.515625 437.695312 0.0 0.0 0.0 0.0 0.0 0.0 0.0 0.881615
Person 0.0 0 0.0 1369.599609 238.754883 1472.900391 504.272461 0.0 0.0 0.0 0.0 0.0 0.0 0.0 0.890675
Person 0.0 0 0.0 473.613281 170.727539 570.761719 455.756836 0.0 0.0 0.0 0.0 0.0 0.0 0.0 0.894421
Person 0.0 0 0.0 1269.257812 638.481445 1552.617188 1073.276367 0.0 0.0 0.0 0.0 0.0 0.0 0.0 0.899475
Person 0.0 0 0.0 1543.007812 243.698730 1633.242188 471.379395 0.0 0.0 0.0 0.0 0.0 0.0 0.0 0.909265
Person 0.0 0 0.0 454.189453 239.941406 551.748047 544.218750 0.0 0.0 0.0 0.0 0.0 0.0 0.0 0.910863
Person 0.0 0 0.0 1290.996094 254.311523 1420.253906 568.872070 0.0 0.0 0.0 0.0 0.0 0.0 0.0 0.923316
Person 0.0 0 0.0 1795.312500 248.906250 1862.812500 409.218750 0.0 0.0 0.0 0.0 0.0 0.0 0.0 0.932944
Person 0.0 0 0.0 575.566406 129.858398 650.683594 405.131836 0.0 0.0 0.0 0.0 0.0 0.0 0.0 0.944177
Person 0.0 0 0.0 659.179688 113.972168 719.882812 369.602051 0.0 0.0 0.0 0.0 0.0 0.0 0.0 0.946990
