Person 0.0 0 0.0 108.427734 166.179199 176.572266 312.385254 0.0 0.0 0.0 0.0 0.0 0.0 0.0 0.777300
Person 0.0 0 0.0 544.951172 96.767578 617.548828 331.699219 0.0 0.0 0.0 0.0 0.0 0.0 0.0 0.808672
Person 0.0 0 0.0 298.886719 155.236816 390.644531 423.259277 0.0 0.0 0.0 0.0 0.0 0.0 0.0 0.857291
Person 0.0 0 0.0 1417.851562 138.295898 1473.398438 334.995117 0.0 0.0 0.0 0.0 0.0 0.0 0.0 0.867485
Person 0.0 0 0.0 1032.949219 216.210938 1136.425781 448.242188 0.0 0.0 0.0 0.0 0.0 0.0 0.0 0.877896
Person 0.0 0 0.0 745.283203 18.786621 795.029297 223.659668 0.0 0.0 0.0 0.0 0.0 0.0 0.0 0.894421
Person 0.0 0 0.0 1601.923828 285.095215 1705.576172 520.686035 0.0 0.0 0.0 0.0 0.0 0.0 0.0 0.894789
Person 0.0 0 0.0 666.855469 261.562500 792.832031 608.554688 0.0 0.0 0.0 0.0 0.0 0.0 0.0 0.896614
Person 0.0 0 0.0 660.937500 113.576660 719.062500 376.325684 0.0 0.0 0.0 0.0 0.0 0.0 0.0 0.897336
Person 0.0 0 0.0 1256.660156 280.546875 1373.964844 632.812500 0.0 0.0 0.0 0.0 0.0 0.0 0.0 0.908293
Person 0.0 0 0.0 696.621094 45.153809 744.316406 240.930176 0.0 0.0 0.0 0.0 0.0 0.0 0.0 0.916110
Person 0.0 0 0.0 244.658203 161.367188 332.373047 399.199219 0.0 0.0 0.0 0.0 0.0 0.0 0.0 0.916409
Person 0.0 0 0.0 1751.308594 221.879883 1820.566406 393.002930 0.0 0.0 0.0 0.0 0.0 0.0 0.0 0.916708
Person 0.0 0 0.0 1396.669922 39.649658 1438.330078 140.306396 0.0 0.0 0.0 0.0 0.0 0.0 0.0 0.922761
Person 0.0 0 0.0 1296.972656 66.247559 1352.402344 226.164551 0.0 0.0 0.0 0.0 0.0 0.0 0.0 0.923039
Person 0.0 0 0.0 534.960938 130.056152 601.289062 387.795410 0.0 0.0 0.0 0.0 0.0 0.0 0.0 0.933915
Person 0.0 0 0.0 1362.626953 161.960449 1431.123047 363.537598 0.0 0.0 0.0 0.0 0.0 0.0 0.0 0.939913
Person 0.0 0 0.0 1492.587891 118.784180 1548.662109 274.086914 0.0 0.0 0.0 0.0 0.0 0.0 0.0 0.947186
Person 0.0 0 0.0 1786.171875 248.049316 1860.703125 408.493652 0.0 0.0 0.0 0.0 0.0 0.0 0.0 0.948346
Person 0.0 0 0.0 1442.314453 142.250977 1507.060547 316.538086 0.0 0.0 0.0 0.0 0.0 0.0 0.0 0.955817
