Person 0.0 0 0.0 656.865234 0.000000 734.384766 167.497559 0.0 0.0 0.0 0.0 0.0 0.0 0.0 0.745398
Person 0.0 0 0.0 1420.898438 145.744629 1481.601562 333.083496 0.0 0.0 0.0 0.0 0.0 0.0 0.0 0.757794
Person 0.0 0 0.0 1443.134766 266.638184 1553.115234 481.662598 0.0 0.0 0.0 0.0 0.0 0.0 0.0 0.815233
Person 0.0 0 0.0 1362.509766 156.423340 1440.615234 362.219238 0.0 0.0 0.0 0.0 0.0 0.0 0.0 0.827271
Person 0.0 0 0.0 1745.625000 223.989258 1803.750000 386.674805 0.0 0.0 0.0 0.0 0.0 0.0 0.0 0.836555
Person 0.0 0 0.0 305.507812 155.698242 381.210938 428.598633 0.0 0.0 0.0 0.0 0.0 0.0 0.0 0.844409
Person 0.0 0 0.0 1576.406250 812.702637 1819.218750 1073.078613 0.0 0.0 0.0 0.0 0.0 0.0 0.0 0.870157
Person 0.0 0 0.0 1243.652344 221.088867 1360.722656 555.688477 0.0 0.0 0.0 0.0 0.0 0.0 0.0 0.893681
Person 0.0 0 0.0 341.894531 189.448242 436.230469 463.930664 0.0 0.0 0.0 0.0 0.0 0.0 0.0 0.894421
Person 0.0 0 0.0 595.283203 155.698242 675.029297 443.364258 0.0 0.0 0.0 0.0 0.0 0.0 0.0 0.898053
Person 0.0 0 0.0 244.833984 165.454102 331.259766 400.385742 0.0 0.0 0.0 0.0 0.0 0.0 0.0 0.900179
Person 0.0 0 0.0 1659.814453 195.776367 1717.060547 360.571289 0.0 0.0 0.0 0.0 0.0 0.0 0.0 0.911810
Person 0.0 0 0.0 1471.376953 153.852539 1530.498047 323.657227 0.0 0.0 0.0 0.0 0.0 0.0 0.0 0.922482
Person 0.0 0 0.0 1391.044922 36.947021 1434.580078 154.215088 0.0 0.0 0.0 0.0 0.0 0.0 0.0 0.932453
Person 0.0 0 0.0 1360.839844 425.434570 1534.160156 798.002930 0.0 0.0 0.0 0.0 0.0 0.0 0.0 0.939248
Person 0.0 0 0.0 1427.636719 44.758301 1465.488281 149.567871 0.0 0.0 0.0 0.0 0.0 0.0 0.0 0.942295
Person 0.0 0 0.0 1782.626953 234.536133 1851.123047 405.659180 0.0 0.0 0.0 0.0 0.0 0.0 0.0 0.943348
Person 0.0 0 0.0 706.054688 158.466797 796.757812 443.232422 0.0 0.0 0.0 0.0 0.0 0.0 0.0 0.957596
Person 0.0 0 0.0 1552.543945 163.410645 1612.456055 326.491699 0.0 0.0 0.0 0.0 0.0 0.0 0.0 0.966156
Person 0.0 0 0.0 1591.757812 183.581543 1653.867188 337.697754 0.0 0.0 0.0 0.0 0.0 0.0 0.0 0.976311
