Person 0.0 0 0.0 184.130859 235.195312 302.900391 498.867188 0.0 0.0 0.0 0.0 0.0 0.0 0.0 0.847463
Person 0.0 0 0.0 1520.039062 844.804688 1793.085938 1073.671875 0.0 0.0 0.0 0.0 0.0 0.0 0.0 0.879147
Person 0.0 0 0.0 648.251953 123.068848 712.998047 378.698730 0.0 0.0 0.0 0.0 0.0 0.0 0.0 0.895157
Person 0.0 0 0.0 747.304688 18.588867 796.757812 223.857422 0.0 0.0 0.0 0.0 0.0 0.0 0.0 0.896976
Person 0.0 0 0.0 1340.932617 30.322266 1385.317383 149.238281 0.0 0.0 0.0 0.0 0.0 0.0 0.0 0.900179
Person 0.0 0 0.0 1395.937500 38.891602 1439.062500 146.865234 0.0 0.0 0.0 0.0 0.0 0.0 0.0 0.905657
Person 0.0 0 0.0 537.099609 128.737793 607.587891 396.760254 0.0 0.0 0.0 0.0 0.0 0.0 0.0 0.905990
Person 0.0 0 0.0 1341.796875 153.127441 1423.828125 359.714355 0.0 0.0 0.0 0.0 0.0 0.0 0.0 0.910545
Person 0.0 0 0.0 1157.988281 656.015625 1384.511719 1025.156250 0.0 0.0 0.0 0.0 0.0 0.0 0.0 0.911810
Person 0.0 0 0.0 1498.623047 119.707031 1567.001953 273.691406 0.0 0.0 0.0 0.0 0.0 0.0 0.0 0.914596
Person 0.0 0 0.0 1623.984375 307.507324 1736.015625 523.586426 0.0 0.0 0.0 0.0 0.0 0.0 0.0 0.927363
Person 0.0 0 0.0 1410.439453 138.427734 1475.185547 332.753906 0.0 0.0 0.0 0.0 0.0 0.0 0.0 0.927888
Person 0.0 0 0.0 244.746094 164.794922 330.878906 398.935547 0.0 0.0 0.0 0.0 0.0 0.0 0.0 0.930458
Person 0.0 0 0.0 304.423828 163.674316 391.669922 426.423340 0.0 0.0 0.0 0.0 0.0 0.0 0.0 0.930962
Person 0.0 0 0.0 1118.027344 320.361328 1248.222656 697.939453 0.0 0.0 0.0 0.0 0.0 0.0 0.0 0.939471
Person 0.0 0 0.0 1785.703125 250.751953 1859.296875 408.427734 0.0 0.0 0.0 0.0 0.0 0.0 0.0 0.939692
Person 0.0 0 0.0 1298.159180 176.923828 1356.840820 373.623047 0.0 0.0 0.0 0.0 0.0 0.0 0.0 0.951504
Person 0.0 0 0.0 1713.837891 276.789551 1798.037109 466.237793 0.0 0.0 0.0 0.0 0.0 0.0 0.0 0.963643
Person 0.0 0 0.0 1542.509766 180.219727 1607.490234 361.889648 0.0 0.0 0.0 0.0 0.0 0.0 0.0 0.964589
Person 0.0 0 0.0 1441.582031 147.458496 1524.667969 316.604004 0.0 0.0 0.0 0.0 0.0 0.0 0.0 0.968020
