Person 0.0 0 0.0 1757.343750 353.847656 1908.281250 652.851562 0.0 0.0 0.0 0.0 0.0 0.0 0.0 0.801315
Person 0.0 0 0.0 1746.972656 224.384766 1802.402344 379.423828 0.0 0.0 0.0 0.0 0.0 0.0 0.0 0.818737
Person 0.0 0 0.0 1537.148438 814.416504 1819.101562 1073.474121 0.0 0.0 0.0 0.0 0.0 0.0 0.0 0.852935
Person 0.0 0 0.0 1652.753906 143.503418 1686.621094 281.535645 0.0 0.0 0.0 0.0 0.0 0.0 0.0 0.861538
Person 0.0 0 0.0 1483.696289 152.863770 1529.428711 328.601074 0.0 0.0 0.0 0.0 0.0 0.0 0.0 0.875787
Person 0.0 0 0.0 1774.042969 226.625977 1835.332031 381.401367 0.0 0.0 0.0 0.0 0.0 0.0 0.0 0.877896
Person 0.0 0 0.0 1348.183594 392.475586 1522.441406 752.915039 0.0 0.0 0.0 0.0 0.0 0.0 0.0 0.879147
Person 0.0 0 0.0 1405.166016 134.274902 1474.833984 319.504395 0.0 0.0 0.0 0.0 0.0 0.0 0.0 0.896251
Person 0.0 0 0.0 375.205078 182.197266 474.169922 472.763672 0.0 0.0 0.0 0.0 0.0 0.0 0.0 0.905322
Person 0.0 0 0.0 307.968750 157.807617 389.062500 428.598633 0.0 0.0 0.0 0.0 0.0 0.0 0.0 0.910863
Person 0.0 0 0.0 1179.785156 242.709961 1323.339844 575.200195 0.0 0.0 0.0 0.0 0.0 0.0 0.0 0.920790
Person 0.0 0 0.0 1249.511719 363.999023 1433.613281 675.922852 0.0 0.0 0.0 0.0 0.0 0.0 0.0 0.921922
Person 0.0 0 0.0 571.494141 144.228516 648.193359 426.357422 0.0 0.0 0.0 0.0 0.0 0.0 0.0 0.929184
Person 0.0 0 0.0 251.660156 162.685547 330.996094 399.990234 0.0 0.0 0.0 0.0 0.0 0.0 0.0 0.931213
Person 0.0 0 0.0 1394.428711 36.584473 1436.821289 149.831543 0.0 0.0 0.0 0.0 0.0 0.0 0.0 0.935110
Person 0.0 0 0.0 1339.995117 41.791992 1391.879883 175.341797 0.0 0.0 0.0 0.0 0.0 0.0 0.0 0.936518
Person 0.0 0 0.0 1399.306641 241.655273 1488.193359 501.372070 0.0 0.0 0.0 0.0 0.0 0.0 0.0 0.948728
Person 0.0 0 0.0 676.611328 129.199219 764.326172 399.462891 0.0 0.0 0.0 0.0 0.0 0.0 0.0 0.957437
Person 0.0 0 0.0 1596.269531 198.017578 1662.480469 359.384766 0.0 0.0 0.0 0.0 0.0 0.0 0.0 0.968381
Person 0.0 0 0.0 1544.384766 183.383789 1614.990234 348.442383 0.0 0.0 0.0 0.0 0.0 0.0 0.0 0.968620
