Person 0.0 0 0.0 1303.886719 611.586914 1489.863281 928.256836 0.0 0.0 0.0 0.0 0.0 0.0 0.0 0.762070
Person 0.0 0 0.0 1349.941406 46.801758 1381.933594 125.244141 0.0 0.0 0.0 0.0 0.0 0.0 0.0 0.773901
Person 0.0 0 0.0 1753.623047 221.945801 1818.251953 367.097168 0.0 0.0 0.0 0.0 0.0 0.0 0.0 0.809276
Person 0.0 0 0.0 341.455078 135.329590 410.888672 400.451660 0.0 0.0 0.0 0.0 0.0 0.0 0.0 0.823328
Person 0.0 0 0.0 103.066406 167.431641 168.808594 303.486328 0.0 0.0 0.0 0.0 0.0 0.0 0.0 0.831143
Person 0.0 0 0.0 576.650391 176.923828 680.537109 480.673828 0.0 0.0 0.0 0.0 0.0 0.0 0.0 0.851459
Person 0.0 0 0.0 1249.570312 651.005859 1546.054688 1073.408203 0.0 0.0 0.0 0.0 0.0 0.0 0.0 0.860604
Person 0.0 0 0.0 282.421875 144.162598 350.390625 376.325684 0.0 0.0 0.0 0.0 0.0 0.0 0.0 0.879561
Person 0.0 0 0.0 1322.387695 34.870605 1355.112305 161.828613 0.0 0.0 0.0 0.0 0.0 0.0 0.0 0.887595
Person 0.0 0 0.0 14.619141 146.140137 93.955078 348.508301 0.0 0.0 0.0 0.0 0.0 0.0 0.0 0.891811
Person 0.0 0 0.0 1755.791016 239.150391 1829.208984 402.626953 0.0 0.0 0.0 0.0 0.0 0.0 0.0 0.896976
Person 0.0 0 0.0 758.422852 20.830078 800.639648 228.735352 0.0 0.0 0.0 0.0 0.0 0.0 0.0 0.905990
Person 0.0 0 0.0 1417.221680 85.297852 1470.278320 263.540039 0.0 0.0 0.0 0.0 0.0 0.0 0.0 0.909265
Person 0.0 0 0.0 718.564453 50.427246 766.435547 250.422363 0.0 0.0 0.0 0.0 0.0 0.0 0.0 0.922203
Person 0.0 0 0.0 1571.718750 182.592773 1657.031250 392.739258 0.0 0.0 0.0 0.0 0.0 0.0 0.0 0.926570
Person 0.0 0 0.0 1399.072266 38.825684 1435.927734 139.812012 0.0 0.0 0.0 0.0 0.0 0.0 0.0 0.938350
Person 0.0 0 0.0 1662.128906 203.620605 1724.121094 365.910645 0.0 0.0 0.0 0.0 0.0 0.0 0.0 0.946597
Person 0.0 0 0.0 634.306641 117.268066 731.630859 368.415527 0.0 0.0 0.0 0.0 0.0 0.0 0.0 0.952397
Person 0.0 0 0.0 1796.513672 248.708496 1863.486328 406.252441 0.0 0.0 0.0 0.0 0.0 0.0 0.0 0.953622
Person 0.0 0 0.0 1309.775391 224.582520 1408.974609 474.147949 0.0 0.0 0.0 0.0 0.0 0.0 0.0 0.955981
