Person 0.0 0 0.0 1345.283203 32.860107 1394.091797 151.578369 0.0 0.0 0.0 0.0 0.0 0.0 0.0 0.660172
Person 0.0 0 0.0 233.818359 176.660156 332.431641 400.781250 0.0 0.0 0.0 0.0 0.0 0.0 0.0 0.711431
Person 0.0 0 0.0 17.373047 146.271973 87.158203 348.112793 0.0 0.0 0.0 0.0 0.0 0.0 0.0 0.756358
Person 0.0 0 0.0 719.135742 47.460938 771.489258 243.369141 0.0 0.0 0.0 0.0 0.0 0.0 0.0 0.847968
Person 0.0 0 0.0 754.160156 18.391113 796.464844 224.846191 0.0 0.0 0.0 0.0 0.0 0.0 0.0 0.856332
Person 0.0 0 0.0 342.070312 144.755859 421.523438 422.666016 0.0 0.0 0.0 0.0 0.0 0.0 0.0 0.857291
Person 0.0 0 0.0 1602.304688 285.161133 1703.320312 520.620117 0.0 0.0 0.0 0.0 0.0 0.0 0.0 0.875361
Person 0.0 0 0.0 507.363281 95.646973 567.949219 338.884277 0.0 0.0 0.0 0.0 0.0 0.0 0.0 0.876634
Person 0.0 0 0.0 1753.125000 230.646973 1815.000000 392.673340 0.0 0.0 0.0 0.0 0.0 0.0 0.0 0.878731
Person 0.0 0 0.0 1095.468750 285.556641 1218.281250 597.216797 0.0 0.0 0.0 0.0 0.0 0.0 0.0 0.882833
Person 0.0 0 0.0 434.384766 156.093750 525.615234 426.093750 0.0 0.0 0.0 0.0 0.0 0.0 0.0 0.884039
Person 0.0 0 0.0 666.503906 113.510742 720.996094 377.182617 0.0 0.0 0.0 0.0 0.0 0.0 0.0 0.895157
Person 0.0 0 0.0 1415.390625 143.767090 1488.984375 340.598145 0.0 0.0 0.0 0.0 0.0 0.0 0.0 0.908293
Person 0.0 0 0.0 1244.472656 218.452148 1337.402344 514.555664 0.0 0.0 0.0 0.0 0.0 0.0 0.0 0.910545
Person 0.0 0 0.0 1353.017578 139.877930 1423.857422 361.889648 0.0 0.0 0.0 0.0 0.0 0.0 0.0 0.918187
Person 0.0 0 0.0 1786.230469 251.477051 1860.644531 408.229980 0.0 0.0 0.0 0.0 0.0 0.0 0.0 0.919353
Person 0.0 0 0.0 1267.265625 640.063477 1550.859375 1072.749023 0.0 0.0 0.0 0.0 0.0 0.0 0.0 0.919931
Person 0.0 0 0.0 1276.757812 299.926758 1473.867188 624.506836 0.0 0.0 0.0 0.0 0.0 0.0 0.0 0.927100
Person 0.0 0 0.0 1494.521484 118.059082 1550.478516 274.020996 0.0 0.0 0.0 0.0 0.0 0.0 0.0 0.928668
Person 0.0 0 0.0 549.609375 132.099609 635.390625 385.224609 0.0 0.0 0.0 0.0 0.0 0.0 0.0 0.940572
