Person 0.0 0 0.0 723.676758 49.306641 768.823242 250.488281 0.0 0.0 0.0 0.0 0.0 0.0 0.0 0.833866
Person 0.0 0 0.0 103.417969 167.893066 174.550781 309.616699 0.0 0.0 0.0 0.0 0.0 0.0 0.0 0.838680
Person 0.0 0 0.0 1652.402344 371.645508 1784.472656 609.213867 0.0 0.0 0.0 0.0 0.0 0.0 0.0 0.861538
Person 0.0 0 0.0 340.253906 149.831543 416.777344 409.152832 0.0 0.0 0.0 0.0 0.0 0.0 0.0 0.862004
Person 0.0 0 0.0 754.863281 18.852539 798.574219 229.921875 0.0 0.0 0.0 0.0 0.0 0.0 0.0 0.875361
Person 0.0 0 0.0 2.490234 154.643555 85.751953 347.915039 0.0 0.0 0.0 0.0 0.0 0.0 0.0 0.876211
Person 0.0 0 0.0 305.566406 220.693359 410.214844 502.294922 0.0 0.0 0.0 0.0 0.0 0.0 0.0 0.889144
Person 0.0 0 0.0 1348.564453 153.588867 1428.310547 367.163086 0.0 0.0 0.0 0.0 0.0 0.0 0.0 0.897336
Person 0.0 0 0.0 1297.236328 190.173340 1372.763672 383.576660 0.0 0.0 0.0 0.0 0.0 0.0 0.0 0.910863
Person 0.0 0 0.0 252.128906 160.642090 325.839844 402.033691 0.0 0.0 0.0 0.0 0.0 0.0 0.0 0.911180
Person 0.0 0 0.0 1267.617188 642.172852 1554.257812 1073.803711 0.0 0.0 0.0 0.0 0.0 0.0 0.0 0.916409
Person 0.0 0 0.0 1470.761719 142.448730 1536.738281 341.389160 0.0 0.0 0.0 0.0 0.0 0.0 0.0 0.923316
Person 0.0 0 0.0 1753.447266 223.857422 1824.052734 377.841797 0.0 0.0 0.0 0.0 0.0 0.0 0.0 0.929696
Person 0.0 0 0.0 1277.988281 295.971680 1472.636719 623.188477 0.0 0.0 0.0 0.0 0.0 0.0 0.0 0.945197
Person 0.0 0 0.0 659.179688 113.049316 719.882812 369.206543 0.0 0.0 0.0 0.0 0.0 0.0 0.0 0.946001
Person 0.0 0 0.0 1177.207031 225.834961 1303.417969 533.012695 0.0 0.0 0.0 0.0 0.0 0.0 0.0 0.947186
Person 0.0 0 0.0 1536.767578 209.355469 1631.982422 409.218750 0.0 0.0 0.0 0.0 0.0 0.0 0.0 0.950960
Person 0.0 0 0.0 1797.568359 247.785645 1864.306641 408.757324 0.0 0.0 0.0 0.0 0.0 0.0 0.0 0.954647
Person 0.0 0 0.0 470.800781 139.086914 565.136719 395.903320 0.0 0.0 0.0 0.0 0.0 0.0 0.0 0.957118
Person 0.0 0 0.0 580.429688 136.582031 651.445312 404.472656 0.0 0.0 0.0 0.0 0.0 0.0 0.0 0.959611
