Person 0.0 0 0.0 1363.125000 57.711182 1396.875000 156.785889 0.0 0.0 0.0 0.0 0.0 0.0 0.0 0.599251
Person 0.0 0 0.0 106.259766 168.552246 170.771484 304.211426 0.0 0.0 0.0 0.0 0.0 0.0 0.0 0.602997
Person 0.0 0 0.0 14.384766 146.337891 94.013672 349.101562 0.0 0.0 0.0 0.0 0.0 0.0 0.0 0.810479
Person 0.0 0 0.0 695.537109 49.108887 776.337891 223.000488 0.0 0.0 0.0 0.0 0.0 0.0 0.0 0.821044
Person 0.0 0 0.0 732.011719 185.361328 832.675781 409.482422 0.0 0.0 0.0 0.0 0.0 0.0 0.0 0.834946
Person 0.0 0 0.0 1754.355469 223.593750 1823.144531 369.667969 0.0 0.0 0.0 0.0 0.0 0.0 0.0 0.837620
Person 0.0 0 0.0 357.539062 132.692871 426.679688 392.541504 0.0 0.0 0.0 0.0 0.0 0.0 0.0 0.845942
Person 0.0 0 0.0 602.636719 274.877930 706.113281 607.895508 0.0 0.0 0.0 0.0 0.0 0.0 0.0 0.855851
Person 0.0 0 0.0 1404.814453 41.000977 1439.560547 151.479492 0.0 0.0 0.0 0.0 0.0 0.0 0.0 0.866585
Person 0.0 0 0.0 266.718750 147.854004 350.156250 376.853027 0.0 0.0 0.0 0.0 0.0 0.0 0.0 0.893309
Person 0.0 0 0.0 1286.308594 77.980957 1353.691406 240.534668 0.0 0.0 0.0 0.0 0.0 0.0 0.0 0.910863
Person 0.0 0 0.0 1260.000000 647.050781 1554.375000 1073.144531 0.0 0.0 0.0 0.0 0.0 0.0 0.0 0.914596
Person 0.0 0 0.0 1433.144531 101.711426 1503.105469 265.319824 0.0 0.0 0.0 0.0 0.0 0.0 0.0 0.916409
Person 0.0 0 0.0 1672.529297 247.390137 1760.595703 426.555176 0.0 0.0 0.0 0.0 0.0 0.0 0.0 0.917006
Person 0.0 0 0.0 669.697266 209.750977 762.802734 531.694336 0.0 0.0 0.0 0.0 0.0 0.0 0.0 0.922761
Person 0.0 0 0.0 1330.986328 163.542480 1432.763672 390.168457 0.0 0.0 0.0 0.0 0.0 0.0 0.0 0.930711
Person 0.0 0 0.0 1804.951172 262.155762 1871.923828 409.152832 0.0 0.0 0.0 0.0 0.0 0.0 0.0 0.938576
Person 0.0 0 0.0 1756.933594 243.698730 1837.441406 402.824707 0.0 0.0 0.0 0.0 0.0 0.0 0.0 0.942718
Person 0.0 0 0.0 1588.505859 201.115723 1696.494141 404.802246 0.0 0.0 0.0 0.0 0.0 0.0 0.0 0.946794
Person 0.0 0 0.0 1239.492188 370.458984 1378.007812 708.486328 0.0 0.0 0.0 0.0 0.0 0.0 0.0 0.957596
