Person 0.0 0 0.0 1760.332031 351.738281 1914.667969 653.906250 0.0 0.0 0.0 0.0 0.0 0.0 0.0 0.605799
Person 0.0 0 0.0 1846.918945 250.356445 1893.706055 376.655273 0.0 0.0 0.0 0.0 0.0 0.0 0.0 0.682574
Person 0.0 0 0.0 1284.565430 84.440918 1338.559570 246.467285 0.0 0.0 0.0 0.0 0.0 0.0 0.0 0.754192
Person 0.0 0 0.0 1753.388672 221.154785 1818.486328 366.306152 0.0 0.0 0.0 0.0 0.0 0.0 0.0 0.818156
Person 0.0 0 0.0 102.626953 167.629395 167.373047 303.552246 0.0 0.0 0.0 0.0 0.0 0.0 0.0 0.836020
Person 0.0 0 0.0 1302.773438 611.323242 1494.726562 928.520508 0.0 0.0 0.0 0.0 0.0 0.0 0.0 0.843895
Person 0.0 0 0.0 1248.867188 646.391602 1567.382812 1072.749023 0.0 0.0 0.0 0.0 0.0 0.0 0.0 0.861072
Person 0.0 0 0.0 1398.354492 38.726807 1436.645508 135.164795 0.0 0.0 0.0 0.0 0.0 0.0 0.0 0.875787
Person 0.0 0 0.0 1564.687500 182.922363 1667.812500 394.519043 0.0 0.0 0.0 0.0 0.0 0.0 0.0 0.886813
Person 0.0 0 0.0 325.839844 133.549805 412.441406 406.977539 0.0 0.0 0.0 0.0 0.0 0.0 0.0 0.887595
Person 0.0 0 0.0 1755.498047 241.062012 1829.501953 403.352051 0.0 0.0 0.0 0.0 0.0 0.0 0.0 0.889144
Person 0.0 0 0.0 758.540039 20.698242 802.397461 228.471680 0.0 0.0 0.0 0.0 0.0 0.0 0.0 0.896251
Person 0.0 0 0.0 597.333984 152.929688 688.916016 437.167969 0.0 0.0 0.0 0.0 0.0 0.0 0.0 0.912124
Person 0.0 0 0.0 14.414062 146.008301 94.160156 349.431152 0.0 0.0 0.0 0.0 0.0 0.0 0.0 0.914596
Person 0.0 0 0.0 1325.551758 35.496826 1363.198242 166.475830 0.0 0.0 0.0 0.0 0.0 0.0 0.0 0.915205
Person 0.0 0 0.0 1422.451172 94.921875 1493.173828 272.109375 0.0 0.0 0.0 0.0 0.0 0.0 0.0 0.918187
Person 0.0 0 0.0 1663.125000 211.728516 1726.875000 369.404297 0.0 0.0 0.0 0.0 0.0 0.0 0.0 0.924959
Person 0.0 0 0.0 654.404297 117.927246 731.220703 369.074707 0.0 0.0 0.0 0.0 0.0 0.0 0.0 0.927100
Person 0.0 0 0.0 1308.193359 231.701660 1408.681641 490.759277 0.0 0.0 0.0 0.0 0.0 0.0 0.0 0.934634
Person 0.0 0 0.0 1796.835938 249.433594 1863.164062 407.109375 0.0 0.0 0.0 0.0 0.0 0.0 0.0 0.936518
