Person 0.0 0 0.0 727.587891 49.108887 770.537109 240.402832 0.0 0.0 0.0 0.0 0.0 0.0 0.0 0.815820
Person 0.0 0 0.0 1350.102539 48.120117 1391.147461 163.344727 0.0 0.0 0.0 0.0 0.0 0.0 0.0 0.819316
Person 0.0 0 0.0 2.841797 155.632324 86.572266 347.980957 0.0 0.0 0.0 0.0 0.0 0.0 0.0 0.823328
Person 0.0 0 0.0 787.265625 274.746094 905.859375 599.589844 0.0 0.0 0.0 0.0 0.0 0.0 0.0 0.838151
Person 0.0 0 0.0 332.490234 138.955078 414.697266 410.009766 0.0 0.0 0.0 0.0 0.0 0.0 0.0 0.866585
Person 0.0 0 0.0 757.060547 21.027832 799.189453 231.174316 0.0 0.0 0.0 0.0 0.0 0.0 0.0 0.868827
Person 0.0 0 0.0 1310.229492 33.156738 1348.520508 159.719238 0.0 0.0 0.0 0.0 0.0 0.0 0.0 0.882428
Person 0.0 0 0.0 246.386719 157.609863 338.613281 392.937012 0.0 0.0 0.0 0.0 0.0 0.0 0.0 0.885235
Person 0.0 0 0.0 1269.140625 639.667969 1556.484375 1073.144531 0.0 0.0 0.0 0.0 0.0 0.0 0.0 0.885632
Person 0.0 0 0.0 1578.925781 343.828125 1728.574219 596.425781 0.0 0.0 0.0 0.0 0.0 0.0 0.0 0.899828
Person 0.0 0 0.0 1240.546875 328.271484 1416.328125 635.712891 0.0 0.0 0.0 0.0 0.0 0.0 0.0 0.906322
Person 0.0 0 0.0 1470.000000 158.137207 1552.500000 358.923340 0.0 0.0 0.0 0.0 0.0 0.0 0.0 0.910227
Person 0.0 0 0.0 1604.736328 197.226562 1680.263672 353.320312 0.0 0.0 0.0 0.0 0.0 0.0 0.0 0.915507
Person 0.0 0 0.0 1296.738281 191.689453 1373.261719 389.443359 0.0 0.0 0.0 0.0 0.0 0.0 0.0 0.919063
Person 0.0 0 0.0 1347.861328 151.479492 1425.263672 370.590820 0.0 0.0 0.0 0.0 0.0 0.0 0.0 0.927626
Person 0.0 0 0.0 1795.605469 247.983398 1864.394531 409.614258 0.0 0.0 0.0 0.0 0.0 0.0 0.0 0.931213
Person 0.0 0 0.0 569.736328 137.570801 634.013672 402.429199 0.0 0.0 0.0 0.0 0.0 0.0 0.0 0.936518
Person 0.0 0 0.0 683.818359 196.040039 759.931641 502.163086 0.0 0.0 0.0 0.0 0.0 0.0 0.0 0.937440
Person 0.0 0 0.0 650.332031 117.202148 733.417969 364.526367 0.0 0.0 0.0 0.0 0.0 0.0 0.0 0.945601
Person 0.0 0 0.0 1414.716797 144.294434 1502.783203 357.473145 0.0 0.0 0.0 0.0 0.0 0.0 0.0 0.954478
