Person 0.0 0 0.0 292.500000 160.773926 388.593750 426.687012 0.0 0.0 0.0 0.0 0.0 0.0 0.0 0.840259
Person 0.0 0 0.0 1576.406250 798.925781 1821.093750 1073.144531 0.0 0.0 0.0 0.0 0.0 0.0 0.0 0.842863
Person 0.0 0 0.0 251.455078 166.772461 331.669922 401.176758 0.0 0.0 0.0 0.0 0.0 0.0 0.0 0.846958
Person 0.0 0 0.0 576.416016 153.061523 649.833984 430.180664 0.0 0.0 0.0 0.0 0.0 0.0 0.0 0.854399
Person 0.0 0 0.0 1653.881836 143.503418 1687.368164 276.262207 0.0 0.0 0.0 0.0 0.0 0.0 0.0 0.865224
Person 0.0 0 0.0 1463.847656 153.061523 1524.902344 322.075195 0.0 0.0 0.0 0.0 0.0 0.0 0.0 0.896251
Person 0.0 0 0.0 1424.106445 46.274414 1467.143555 141.196289 0.0 0.0 0.0 0.0 0.0 0.0 0.0 0.898767
Person 0.0 0 0.0 353.437500 192.612305 452.812500 488.188477 0.0 0.0 0.0 0.0 0.0 0.0 0.0 0.899475
Person 0.0 0 0.0 667.177734 369.667969 760.634766 778.886719 0.0 0.0 0.0 0.0 0.0 0.0 0.0 0.908942
Person 0.0 0 0.0 675.058594 130.517578 764.941406 400.781250 0.0 0.0 0.0 0.0 0.0 0.0 0.0 0.919643
Person 0.0 0 0.0 1772.988281 226.362305 1834.511719 383.774414 0.0 0.0 0.0 0.0 0.0 0.0 0.0 0.920504
Person 0.0 0 0.0 1421.015625 608.554688 1682.109375 1009.335938 0.0 0.0 0.0 0.0 0.0 0.0 0.0 0.921358
Person 0.0 0 0.0 1457.958984 250.883789 1540.166016 445.209961 0.0 0.0 0.0 0.0 0.0 0.0 0.0 0.925500
Person 0.0 0 0.0 1393.491211 37.705078 1435.883789 151.743164 0.0 0.0 0.0 0.0 0.0 0.0 0.0 0.930711
Person 0.0 0 0.0 1402.207031 144.096680 1475.917969 330.512695 0.0 0.0 0.0 0.0 0.0 0.0 0.0 0.932944
Person 0.0 0 0.0 1338.999023 44.494629 1381.625977 171.057129 0.0 0.0 0.0 0.0 0.0 0.0 0.0 0.941223
Person 0.0 0 0.0 1367.871094 394.584961 1560.878906 751.860352 0.0 0.0 0.0 0.0 0.0 0.0 0.0 0.952220
Person 0.0 0 0.0 1221.796875 253.784180 1378.828125 574.145508 0.0 0.0 0.0 0.0 0.0 0.0 0.0 0.954478
Person 0.0 0 0.0 1596.328125 201.181641 1662.421875 359.384766 0.0 0.0 0.0 0.0 0.0 0.0 0.0 0.963231
Person 0.0 0 0.0 1545.322266 183.054199 1615.927734 348.771973 0.0 0.0 0.0 0.0 0.0 0.0 0.0 0.965641
