Person 0.0 0 0.0 1844.223633 247.192383 1896.401367 385.092773 0.0 0.0 0.0 0.0 0.0 0.0 0.0 0.713831
Person 0.0 0 0.0 1406.616211 39.122314 1435.883789 109.720459 0.0 0.0 0.0 0.0 0.0 0.0 0.0 0.756358
Person 0.0 0 0.0 1327.119141 35.628662 1357.880859 160.015869 0.0 0.0 0.0 0.0 0.0 0.0 0.0 0.777975
Person 0.0 0 0.0 102.363281 167.794189 168.105469 302.069092 0.0 0.0 0.0 0.0 0.0 0.0 0.0 0.785309
Person 0.0 0 0.0 1420.766602 98.876953 1476.108398 259.453125 0.0 0.0 0.0 0.0 0.0 0.0 0.0 0.802556
Person 0.0 0 0.0 1752.304688 220.957031 1813.945312 367.031250 0.0 0.0 0.0 0.0 0.0 0.0 0.0 0.847463
Person 0.0 0 0.0 341.572266 133.154297 411.240234 406.845703 0.0 0.0 0.0 0.0 0.0 0.0 0.0 0.864768
Person 0.0 0 0.0 1250.625000 655.224609 1541.250000 1073.408203 0.0 0.0 0.0 0.0 0.0 0.0 0.0 0.871475
Person 0.0 0 0.0 15.146484 145.415039 94.482422 348.442383 0.0 0.0 0.0 0.0 0.0 0.0 0.0 0.872782
Person 0.0 0 0.0 1569.931641 184.240723 1658.818359 393.200684 0.0 0.0 0.0 0.0 0.0 0.0 0.0 0.878314
Person 0.0 0 0.0 1292.006836 76.003418 1334.868164 244.357910 0.0 0.0 0.0 0.0 0.0 0.0 0.0 0.899121
Person 0.0 0 0.0 1755.322266 239.084473 1827.802734 402.165527 0.0 0.0 0.0 0.0 0.0 0.0 0.0 0.905322
Person 0.0 0 0.0 718.564453 51.284180 766.435547 250.356445 0.0 0.0 0.0 0.0 0.0 0.0 0.0 0.910227
Person 0.0 0 0.0 756.884766 20.698242 799.365234 227.680664 0.0 0.0 0.0 0.0 0.0 0.0 0.0 0.919643
Person 0.0 0 0.0 1666.860352 204.147949 1723.139648 367.492676 0.0 0.0 0.0 0.0 0.0 0.0 0.0 0.926037
Person 0.0 0 0.0 630.966797 117.202148 731.220703 369.008789 0.0 0.0 0.0 0.0 0.0 0.0 0.0 0.926570
Person 0.0 0 0.0 1796.689453 249.038086 1863.310547 406.450195 0.0 0.0 0.0 0.0 0.0 0.0 0.0 0.939248
Person 0.0 0 0.0 621.914062 180.351562 697.148438 495.703125 0.0 0.0 0.0 0.0 0.0 0.0 0.0 0.939471
Person 0.0 0 0.0 1309.892578 227.680664 1412.607422 474.213867 0.0 0.0 0.0 0.0 0.0 0.0 0.0 0.944177
Person 0.0 0 0.0 265.546875 139.680176 350.859375 369.206543 0.0 0.0 0.0 0.0 0.0 0.0 0.0 0.953101
