Person 0.0 0 0.0 747.055664 17.270508 799.819336 223.857422 0.0 0.0 0.0 0.0 0.0 0.0 0.0 0.759939
Person 0.0 0 0.0 1845.483398 239.908447 1895.141602 372.337646 0.0 0.0 0.0 0.0 0.0 0.0 0.0 0.798815
Person 0.0 0 0.0 1094.531250 860.361328 1386.093750 1071.826172 0.0 0.0 0.0 0.0 0.0 0.0 0.0 0.801315
Person 0.0 0 0.0 1324.379883 26.301270 1356.870117 130.583496 0.0 0.0 0.0 0.0 0.0 0.0 0.0 0.808067
Person 0.0 0 0.0 244.248047 161.103516 331.845703 399.462891 0.0 0.0 0.0 0.0 0.0 0.0 0.0 0.862930
Person 0.0 0 0.0 1407.802734 39.550781 1438.447266 129.990234 0.0 0.0 0.0 0.0 0.0 0.0 0.0 0.863852
Person 0.0 0 0.0 303.662109 150.688477 389.619141 423.588867 0.0 0.0 0.0 0.0 0.0 0.0 0.0 0.864310
Person 0.0 0 0.0 1147.089844 327.348633 1290.410156 698.862305 0.0 0.0 0.0 0.0 0.0 0.0 0.0 0.884439
Person 0.0 0 0.0 1418.159180 139.548340 1474.965820 335.324707 0.0 0.0 0.0 0.0 0.0 0.0 0.0 0.907640
Person 0.0 0 0.0 1602.949219 288.984375 1713.925781 520.488281 0.0 0.0 0.0 0.0 0.0 0.0 0.0 0.909907
Person 0.0 0 0.0 657.539062 121.684570 714.023438 378.237305 0.0 0.0 0.0 0.0 0.0 0.0 0.0 0.912124
Person 0.0 0 0.0 1752.626953 223.066406 1821.123047 392.871094 0.0 0.0 0.0 0.0 0.0 0.0 0.0 0.913984
Person 0.0 0 0.0 539.443359 127.551270 608.056641 396.892090 0.0 0.0 0.0 0.0 0.0 0.0 0.0 0.916708
Person 0.0 0 0.0 1496.909180 118.586426 1548.090820 273.229980 0.0 0.0 0.0 0.0 0.0 0.0 0.0 0.923592
Person 0.0 0 0.0 1329.667969 636.240234 1524.082031 987.978516 0.0 0.0 0.0 0.0 0.0 0.0 0.0 0.924688
Person 0.0 0 0.0 1344.829102 30.849609 1385.170898 149.765625 0.0 0.0 0.0 0.0 0.0 0.0 0.0 0.932699
Person 0.0 0 0.0 1296.665039 178.505859 1356.459961 375.205078 0.0 0.0 0.0 0.0 0.0 0.0 0.0 0.939471
Person 0.0 0 0.0 1787.314453 248.510742 1861.435547 408.032227 0.0 0.0 0.0 0.0 0.0 0.0 0.0 0.940134
Person 0.0 0 0.0 1355.771484 159.785156 1430.478516 364.658203 0.0 0.0 0.0 0.0 0.0 0.0 0.0 0.949856
Person 0.0 0 0.0 1443.281250 146.074219 1521.093750 316.933594 0.0 0.0 0.0 0.0 0.0 0.0 0.0 0.967899
