Person 0.0 0 0.0 1468.681641 254.904785 1563.193359 425.895996 0.0 0.0 0.0 0.0 0.0 0.0 0.0 0.690142
Person 0.0 0 0.0 657.070312 0.065918 734.179688 167.629395 0.0 0.0 0.0 0.0 0.0 0.0 0.0 0.738669
Person 0.0 0 0.0 1438.710938 363.999023 1583.789062 709.145508 0.0 0.0 0.0 0.0 0.0 0.0 0.0 0.814053
Person 0.0 0 0.0 1745.346680 222.604980 1802.153320 381.730957 0.0 0.0 0.0 0.0 0.0 0.0 0.0 0.821617
Person 0.0 0 0.0 1673.261719 195.908203 1737.363281 346.201172 0.0 0.0 0.0 0.0 0.0 0.0 0.0 0.858719
Person 0.0 0 0.0 1368.691406 156.818848 1443.808594 368.679199 0.0 0.0 0.0 0.0 0.0 0.0 0.0 0.867934
Person 0.0 0 0.0 303.808594 154.248047 381.503906 440.068359 0.0 0.0 0.0 0.0 0.0 0.0 0.0 0.869271
Person 0.0 0 0.0 595.898438 156.489258 675.351562 443.627930 0.0 0.0 0.0 0.0 0.0 0.0 0.0 0.873215
Person 0.0 0 0.0 1781.308594 236.184082 1848.691406 405.065918 0.0 0.0 0.0 0.0 0.0 0.0 0.0 0.894421
Person 0.0 0 0.0 1244.472656 235.722656 1369.277344 567.949219 0.0 0.0 0.0 0.0 0.0 0.0 0.0 0.898411
Person 0.0 0 0.0 1576.171875 797.343750 1823.203125 1072.617188 0.0 0.0 0.0 0.0 0.0 0.0 0.0 0.904313
Person 0.0 0 0.0 1425.966797 145.744629 1502.783203 335.192871 0.0 0.0 0.0 0.0 0.0 0.0 0.0 0.912124
Person 0.0 0 0.0 337.119141 178.110352 450.380859 452.592773 0.0 0.0 0.0 0.0 0.0 0.0 0.0 0.913368
Person 0.0 0 0.0 1391.000977 37.144775 1434.624023 154.412842 0.0 0.0 0.0 0.0 0.0 0.0 0.0 0.923592
Person 0.0 0 0.0 245.625000 165.520020 331.406250 401.901855 0.0 0.0 0.0 0.0 0.0 0.0 0.0 0.927100
Person 0.0 0 0.0 1559.868164 162.224121 1610.756836 324.250488 0.0 0.0 0.0 0.0 0.0 0.0 0.0 0.934155
Person 0.0 0 0.0 1462.060547 153.786621 1530.439453 323.986816 0.0 0.0 0.0 0.0 0.0 0.0 0.0 0.942507
Person 0.0 0 0.0 1425.102539 44.593506 1466.147461 153.555908 0.0 0.0 0.0 0.0 0.0 0.0 0.0 0.947575
Person 0.0 0 0.0 1361.015625 421.479492 1532.109375 797.739258 0.0 0.0 0.0 0.0 0.0 0.0 0.0 0.948155
Person 0.0 0 0.0 1591.171875 183.515625 1654.453125 338.818359 0.0 0.0 0.0 0.0 0.0 0.0 0.0 0.962813
