Person 0.0 0 0.0 292.792969 128.012695 402.363281 404.077148 0.0 0.0 0.0 0.0 0.0 0.0 0.0 0.840783
Person 0.0 0 0.0 18.984375 144.030762 95.097656 348.508301 0.0 0.0 0.0 0.0 0.0 0.0 0.0 0.845433
Person 0.0 0 0.0 245.595703 156.687012 337.529297 392.805176 0.0 0.0 0.0 0.0 0.0 0.0 0.0 0.860604
Person 0.0 0 0.0 1753.242188 225.966797 1822.382812 392.607422 0.0 0.0 0.0 0.0 0.0 0.0 0.0 0.862004
Person 0.0 0 0.0 1657.543945 212.453613 1717.456055 366.569824 0.0 0.0 0.0 0.0 0.0 0.0 0.0 0.884838
Person 0.0 0 0.0 1104.257812 320.229492 1209.492188 600.512695 0.0 0.0 0.0 0.0 0.0 0.0 0.0 0.893309
Person 0.0 0 0.0 1276.640625 88.395996 1344.609375 284.436035 0.0 0.0 0.0 0.0 0.0 0.0 0.0 0.893681
Person 0.0 0 0.0 1402.309570 38.726807 1436.440430 149.798584 0.0 0.0 0.0 0.0 0.0 0.0 0.0 0.897336
Person 0.0 0 0.0 1544.531250 171.914062 1639.218750 372.832031 0.0 0.0 0.0 0.0 0.0 0.0 0.0 0.898411
Person 0.0 0 0.0 1252.500000 642.436523 1573.125000 1072.485352 0.0 0.0 0.0 0.0 0.0 0.0 0.0 0.899828
Person 0.0 0 0.0 1253.144531 231.108398 1358.730469 496.625977 0.0 0.0 0.0 0.0 0.0 0.0 0.0 0.916409
Person 0.0 0 0.0 755.932617 20.830078 800.317383 193.666992 0.0 0.0 0.0 0.0 0.0 0.0 0.0 0.927888
Person 0.0 0 0.0 1359.228516 153.918457 1430.771484 364.724121 0.0 0.0 0.0 0.0 0.0 0.0 0.0 0.940353
Person 0.0 0 0.0 1429.804688 122.145996 1502.695312 298.674316 0.0 0.0 0.0 0.0 0.0 0.0 0.0 0.942082
Person 0.0 0 0.0 1795.927734 247.917480 1864.072266 409.152832 0.0 0.0 0.0 0.0 0.0 0.0 0.0 0.943348
Person 0.0 0 0.0 576.562500 131.044922 646.875000 405.527344 0.0 0.0 0.0 0.0 0.0 0.0 0.0 0.946200
Person 0.0 0 0.0 1451.455078 145.876465 1552.294922 346.662598 0.0 0.0 0.0 0.0 0.0 0.0 0.0 0.957437
Person 0.0 0 0.0 1337.343750 77.915039 1398.281250 244.819336 0.0 0.0 0.0 0.0 0.0 0.0 0.0 0.961534
Person 0.0 0 0.0 653.847656 118.718262 725.214844 375.139160 0.0 0.0 0.0 0.0 0.0 0.0 0.0 0.964987
Person 0.0 0 0.0 702.363281 144.492188 796.699219 415.546875 0.0 0.0 0.0 0.0 0.0 0.0 0.0 0.968620
