Person 0.0 0 0.0 1397.182617 38.199463 1432.192383 136.878662 0.0 0.0 0.0 0.0 0.0 0.0 0.0 0.816406
Person 0.0 0 0.0 9.814453 153.654785 86.337891 348.640137 0.0 0.0 0.0 0.0 0.0 0.0 0.0 0.836020
Person 0.0 0 0.0 238.095703 165.520020 330.498047 401.374512 0.0 0.0 0.0 0.0 0.0 0.0 0.0 0.870157
Person 0.0 0 0.0 445.136719 100.393066 506.425781 327.546387 0.0 0.0 0.0 0.0 0.0 0.0 0.0 0.880386
Person 0.0 0 0.0 342.363281 147.128906 421.699219 422.402344 0.0 0.0 0.0 0.0 0.0 0.0 0.0 0.897336
Person 0.0 0 0.0 749.633789 18.720703 795.366211 224.516602 0.0 0.0 0.0 0.0 0.0 0.0 0.0 0.898411
Person 0.0 0 0.0 1267.382812 640.590820 1554.492188 1073.276367 0.0 0.0 0.0 0.0 0.0 0.0 0.0 0.902266
Person 0.0 0 0.0 1353.896484 164.135742 1434.228516 367.163086 0.0 0.0 0.0 0.0 0.0 0.0 0.0 0.902952
Person 0.0 0 0.0 1115.830078 262.617188 1233.544922 582.187500 0.0 0.0 0.0 0.0 0.0 0.0 0.0 0.910227
Person 0.0 0 0.0 1602.626953 288.457031 1708.623047 518.378906 0.0 0.0 0.0 0.0 0.0 0.0 0.0 0.921358
Person 0.0 0 0.0 709.423828 50.559082 764.326172 247.126465 0.0 0.0 0.0 0.0 0.0 0.0 0.0 0.922203
Person 0.0 0 0.0 653.906250 119.904785 716.718750 369.470215 0.0 0.0 0.0 0.0 0.0 0.0 0.0 0.927363
Person 0.0 0 0.0 1244.677734 219.638672 1340.947266 513.896484 0.0 0.0 0.0 0.0 0.0 0.0 0.0 0.931960
Person 0.0 0 0.0 1493.876953 115.488281 1552.998047 272.373047 0.0 0.0 0.0 0.0 0.0 0.0 0.0 0.932944
Person 0.0 0 0.0 1277.167969 296.894531 1475.332031 622.792969 0.0 0.0 0.0 0.0 0.0 0.0 0.0 0.936749
Person 0.0 0 0.0 575.214844 127.287598 633.222656 395.837402 0.0 0.0 0.0 0.0 0.0 0.0 0.0 0.941439
Person 0.0 0 0.0 1753.183594 222.934570 1822.441406 393.002930 0.0 0.0 0.0 0.0 0.0 0.0 0.0 0.943764
Person 0.0 0 0.0 1444.335938 147.260742 1520.039062 304.145508 0.0 0.0 0.0 0.0 0.0 0.0 0.0 0.954308
Person 0.0 0 0.0 1305.585938 63.742676 1366.289062 206.784668 0.0 0.0 0.0 0.0 0.0 0.0 0.0 0.955319
Person 0.0 0 0.0 1794.814453 248.312988 1861.435547 409.284668 0.0 0.0 0.0 0.0 0.0 0.0 0.0 0.957118
