Person 0.0 0 0.0 644.062500 77.783203 704.062500 294.785156 0.0 0.0 0.0 0.0 0.0 0.0 0.0 0.740174
Person 0.0 0 0.0 1437.773438 363.867188 1584.726562 707.695312 0.0 0.0 0.0 0.0 0.0 0.0 0.0 0.783326
Person 0.0 0 0.0 706.538086 0.000000 753.149414 173.759766 0.0 0.0 0.0 0.0 0.0 0.0 0.0 0.791176
Person 0.0 0 0.0 479.472656 115.554199 541.464844 374.611816 0.0 0.0 0.0 0.0 0.0 0.0 0.0 0.826712
Person 0.0 0 0.0 1688.291016 193.205566 1759.833984 337.038574 0.0 0.0 0.0 0.0 0.0 0.0 0.0 0.861538
Person 0.0 0 0.0 1730.917969 223.461914 1799.707031 384.565430 0.0 0.0 0.0 0.0 0.0 0.0 0.0 0.884039
Person 0.0 0 0.0 1318.403320 184.108887 1377.846680 365.910645 0.0 0.0 0.0 0.0 0.0 0.0 0.0 0.885632
Person 0.0 0 0.0 1782.099609 234.272461 1855.400391 405.395508 0.0 0.0 0.0 0.0 0.0 0.0 0.0 0.919353
Person 0.0 0 0.0 305.566406 154.248047 382.089844 442.177734 0.0 0.0 0.0 0.0 0.0 0.0 0.0 0.919643
Person 0.0 0 0.0 1202.812500 269.077148 1347.187500 628.461914 0.0 0.0 0.0 0.0 0.0 0.0 0.0 0.927888
Person 0.0 0 0.0 1595.039062 184.504395 1658.085938 339.411621 0.0 0.0 0.0 0.0 0.0 0.0 0.0 0.928926
Person 0.0 0 0.0 1390.839844 36.815186 1434.785156 154.083252 0.0 0.0 0.0 0.0 0.0 0.0 0.0 0.929440
Person 0.0 0 0.0 1364.794922 163.081055 1440.205078 372.963867 0.0 0.0 0.0 0.0 0.0 0.0 0.0 0.930962
Person 0.0 0 0.0 1423.125000 46.472168 1466.250000 156.555176 0.0 0.0 0.0 0.0 0.0 0.0 0.0 0.943971
Person 0.0 0 0.0 244.423828 165.651855 331.669922 401.242676 0.0 0.0 0.0 0.0 0.0 0.0 0.0 0.944995
Person 0.0 0 0.0 597.714844 160.444336 679.160156 443.891602 0.0 0.0 0.0 0.0 0.0 0.0 0.0 0.946001
Person 0.0 0 0.0 708.896484 158.598633 805.166016 442.573242 0.0 0.0 0.0 0.0 0.0 0.0 0.0 0.946794
Person 0.0 0 0.0 1360.195312 428.730469 1542.304688 797.871094 0.0 0.0 0.0 0.0 0.0 0.0 0.0 0.954308
Person 0.0 0 0.0 1440.849609 147.458496 1521.650391 344.289551 0.0 0.0 0.0 0.0 0.0 0.0 0.0 0.958538
Person 0.0 0 0.0 1532.490234 192.678223 1610.009766 380.544434 0.0 0.0 0.0 0.0 0.0 0.0 0.0 0.968856
