Person 0.0 0 0.0 753.208008 17.072754 798.354492 224.055176 0.0 0.0 0.0 0.0 0.0 0.0 0.0 0.856812
Person 0.0 0 0.0 523.095703 108.039551 582.216797 342.575684 0.0 0.0 0.0 0.0 0.0 0.0 0.0 0.860134
Person 0.0 0 0.0 1267.617188 641.118164 1558.007812 1073.803711 0.0 0.0 0.0 0.0 0.0 0.0 0.0 0.867036
Person 0.0 0 0.0 150.615234 224.055176 259.775391 475.202637 0.0 0.0 0.0 0.0 0.0 0.0 0.0 0.871037
Person 0.0 0 0.0 1633.828125 331.765137 1752.421875 567.355957 0.0 0.0 0.0 0.0 0.0 0.0 0.0 0.873647
Person 0.0 0 0.0 341.542969 145.678711 421.582031 422.270508 0.0 0.0 0.0 0.0 0.0 0.0 0.0 0.889144
Person 0.0 0 0.0 1296.474609 189.118652 1369.775391 382.521973 0.0 0.0 0.0 0.0 0.0 0.0 0.0 0.892937
Person 0.0 0 0.0 3.339844 154.511719 85.078125 348.310547 0.0 0.0 0.0 0.0 0.0 0.0 0.0 0.899475
Person 0.0 0 0.0 102.055664 169.145508 161.616211 319.965820 0.0 0.0 0.0 0.0 0.0 0.0 0.0 0.907312
Person 0.0 0 0.0 1752.392578 223.593750 1823.232422 392.343750 0.0 0.0 0.0 0.0 0.0 0.0 0.0 0.908618
Person 0.0 0 0.0 1435.590820 135.725098 1495.034180 304.343262 0.0 0.0 0.0 0.0 0.0 0.0 0.0 0.924959
Person 0.0 0 0.0 1156.640625 296.367188 1308.984375 581.132812 0.0 0.0 0.0 0.0 0.0 0.0 0.0 0.926037
Person 0.0 0 0.0 1535.097656 157.939453 1598.027344 329.326172 0.0 0.0 0.0 0.0 0.0 0.0 0.0 0.931463
Person 0.0 0 0.0 1125.292969 204.741211 1225.957031 517.719727 0.0 0.0 0.0 0.0 0.0 0.0 0.0 0.931711
Person 0.0 0 0.0 1278.105469 299.003906 1476.269531 622.792969 0.0 0.0 0.0 0.0 0.0 0.0 0.0 0.942082
Person 0.0 0 0.0 1795.371094 248.510742 1862.753906 409.086914 0.0 0.0 0.0 0.0 0.0 0.0 0.0 0.943764
Person 0.0 0 0.0 566.044922 131.176758 637.705078 394.057617 0.0 0.0 0.0 0.0 0.0 0.0 0.0 0.944177
Person 0.0 0 0.0 1465.751953 139.877930 1530.498047 341.059570 0.0 0.0 0.0 0.0 0.0 0.0 0.0 0.945601
Person 0.0 0 0.0 1353.867188 150.556641 1426.757812 364.130859 0.0 0.0 0.0 0.0 0.0 0.0 0.0 0.946001
Person 0.0 0 0.0 658.652344 115.686035 720.410156 369.470215 0.0 0.0 0.0 0.0 0.0 0.0 0.0 0.947575
