Person 0.0 0 0.0 851.660156 796.420898 1030.839844 1072.485352 0.0 0.0 0.0 0.0 0.0 0.0 0.0 0.729520
Person 0.0 0 0.0 537.597656 105.534668 625.839844 344.816895 0.0 0.0 0.0 0.0 0.0 0.0 0.0 0.733356
Person 0.0 0 0.0 1497.275391 118.322754 1553.349609 272.702637 0.0 0.0 0.0 0.0 0.0 0.0 0.0 0.815233
Person 0.0 0 0.0 1341.328125 28.509521 1377.421875 147.227783 0.0 0.0 0.0 0.0 0.0 0.0 0.0 0.874507
Person 0.0 0 0.0 1297.587891 186.745605 1372.412109 384.895020 0.0 0.0 0.0 0.0 0.0 0.0 0.0 0.889912
Person 0.0 0 0.0 687.128906 43.110352 750.996094 237.436523 0.0 0.0 0.0 0.0 0.0 0.0 0.0 0.901921
Person 0.0 0 0.0 1692.919922 277.514648 1781.455078 469.731445 0.0 0.0 0.0 0.0 0.0 0.0 0.0 0.912124
Person 0.0 0 0.0 300.615234 150.161133 386.103516 424.643555 0.0 0.0 0.0 0.0 0.0 0.0 0.0 0.913368
Person 0.0 0 0.0 1786.640625 249.433594 1860.234375 408.691406 0.0 0.0 0.0 0.0 0.0 0.0 0.0 0.915809
Person 0.0 0 0.0 244.746094 167.233887 331.816406 399.660645 0.0 0.0 0.0 0.0 0.0 0.0 0.0 0.922482
Person 0.0 0 0.0 1396.860352 38.891602 1438.139648 145.942383 0.0 0.0 0.0 0.0 0.0 0.0 0.0 0.926037
Person 0.0 0 0.0 1114.511719 320.888672 1247.988281 697.412109 0.0 0.0 0.0 0.0 0.0 0.0 0.0 0.927888
Person 0.0 0 0.0 650.449219 119.509277 718.300781 378.039551 0.0 0.0 0.0 0.0 0.0 0.0 0.0 0.930458
Person 0.0 0 0.0 539.208984 127.946777 607.353516 397.287598 0.0 0.0 0.0 0.0 0.0 0.0 0.0 0.930711
Person 0.0 0 0.0 1624.599609 308.100586 1735.400391 522.993164 0.0 0.0 0.0 0.0 0.0 0.0 0.0 0.931711
Person 0.0 0 0.0 744.404297 15.622559 803.408203 220.100098 0.0 0.0 0.0 0.0 0.0 0.0 0.0 0.936285
Person 0.0 0 0.0 1348.593750 152.666016 1424.531250 359.648438 0.0 0.0 0.0 0.0 0.0 0.0 0.0 0.950595
Person 0.0 0 0.0 1496.777344 198.808594 1578.222656 397.089844 0.0 0.0 0.0 0.0 0.0 0.0 0.0 0.958538
Person 0.0 0 0.0 1413.427734 139.482422 1477.822266 334.599609 0.0 0.0 0.0 0.0 0.0 0.0 0.0 0.960212
Person 0.0 0 0.0 1441.962891 149.963379 1520.537109 316.735840 0.0 0.0 0.0 0.0 0.0 0.0 0.0 0.975577
