Person 0.0 0 0.0 618.046875 145.480957 699.140625 406.647949 0.0 0.0 0.0 0.0 0.0 0.0 0.0 0.798815
Person 0.0 0 0.0 1.640625 556.743164 240.703125 927.202148 0.0 0.0 0.0 0.0 0.0 0.0 0.0 0.821617
Person 0.0 0 0.0 1417.441406 139.812012 1485.058594 335.061035 0.0 0.0 0.0 0.0 0.0 0.0 0.0 0.866585
Person 0.0 0 0.0 534.140625 148.776855 652.734375 415.480957 0.0 0.0 0.0 0.0 0.0 0.0 0.0 0.872347
Person 0.0 0 0.0 1781.645508 227.153320 1835.229492 386.674805 0.0 0.0 0.0 0.0 0.0 0.0 0.0 0.881615
Person 0.0 0 0.0 1359.082031 155.632324 1429.042969 360.637207 0.0 0.0 0.0 0.0 0.0 0.0 0.0 0.891811
Person 0.0 0 0.0 1071.855469 320.888672 1204.394531 697.412109 0.0 0.0 0.0 0.0 0.0 0.0 0.0 0.896251
Person 0.0 0 0.0 1079.121094 757.792969 1298.378906 1072.089844 0.0 0.0 0.0 0.0 0.0 0.0 0.0 0.912748
Person 0.0 0 0.0 1663.271484 173.957520 1717.353516 331.501465 0.0 0.0 0.0 0.0 0.0 0.0 0.0 0.915507
Person 0.0 0 0.0 1385.888672 332.358398 1505.361328 620.024414 0.0 0.0 0.0 0.0 0.0 0.0 0.0 0.917303
Person 0.0 0 0.0 1786.962891 235.195312 1871.162109 407.109375 0.0 0.0 0.0 0.0 0.0 0.0 0.0 0.917893
Person 0.0 0 0.0 1395.981445 39.155273 1439.018555 144.360352 0.0 0.0 0.0 0.0 0.0 0.0 0.0 0.923316
Person 0.0 0 0.0 1298.818359 183.581543 1384.306641 379.621582 0.0 0.0 0.0 0.0 0.0 0.0 0.0 0.927888
Person 0.0 0 0.0 1316.572266 21.555176 1359.052734 136.779785 0.0 0.0 0.0 0.0 0.0 0.0 0.0 0.934155
Person 0.0 0 0.0 245.302734 166.179199 331.728516 399.133301 0.0 0.0 0.0 0.0 0.0 0.0 0.0 0.938124
Person 0.0 0 0.0 1645.107422 312.451172 1761.767578 537.099609 0.0 0.0 0.0 0.0 0.0 0.0 0.0 0.940353
Person 0.0 0 0.0 278.554688 152.666016 384.726562 424.775391 0.0 0.0 0.0 0.0 0.0 0.0 0.0 0.940790
Person 0.0 0 0.0 1553.525391 192.414551 1618.974609 354.440918 0.0 0.0 0.0 0.0 0.0 0.0 0.0 0.960063
Person 0.0 0 0.0 1441.728516 147.524414 1537.646484 318.120117 0.0 0.0 0.0 0.0 0.0 0.0 0.0 0.964722
Person 0.0 0 0.0 1596.708984 202.697754 1671.416016 359.978027 0.0 0.0 0.0 0.0 0.0 0.0 0.0 0.966028
