Person 0.0 0 0.0 44.912109 140.273438 121.025391 335.390625 0.0 0.0 0.0 0.0 0.0 0.0 0.0 0.720172
Person 0.0 0 0.0 1787.080078 340.729980 1889.794922 524.113770 0.0 0.0 0.0 0.0 0.0 0.0 0.0 0.806853
Person 0.0 0 0.0 716.176758 48.581543 765.073242 250.158691 0.0 0.0 0.0 0.0 0.0 0.0 0.0 0.875787
Person 0.0 0 0.0 1440.585938 104.941406 1503.164062 237.041016 0.0 0.0 0.0 0.0 0.0 0.0 0.0 0.894421
Person 0.0 0 0.0 1357.705078 78.145752 1422.919922 212.420654 0.0 0.0 0.0 0.0 0.0 0.0 0.0 0.895157
Person 0.0 0 0.0 758.276367 21.093750 801.723633 229.394531 0.0 0.0 0.0 0.0 0.0 0.0 0.0 0.895523
Person 0.0 0 0.0 317.548828 129.858398 423.544922 395.375977 0.0 0.0 0.0 0.0 0.0 0.0 0.0 0.900530
Person 0.0 0 0.0 1319.912109 32.167969 1355.712891 149.633789 0.0 0.0 0.0 0.0 0.0 0.0 0.0 0.900879
Person 0.0 0 0.0 1258.710938 668.671875 1596.914062 1072.617188 0.0 0.0 0.0 0.0 0.0 0.0 0.0 0.911495
Person 0.0 0 0.0 1671.474609 240.534668 1752.275391 424.973145 0.0 0.0 0.0 0.0 0.0 0.0 0.0 0.912124
Person 0.0 0 0.0 1804.951172 262.485352 1871.923828 410.405273 0.0 0.0 0.0 0.0 0.0 0.0 0.0 0.917006
Person 0.0 0 0.0 674.443359 259.057617 777.744141 590.493164 0.0 0.0 0.0 0.0 0.0 0.0 0.0 0.917303
Person 0.0 0 0.0 1580.976562 202.038574 1694.648438 405.461426 0.0 0.0 0.0 0.0 0.0 0.0 0.0 0.920218
Person 0.0 0 0.0 1488.720703 263.803711 1578.779297 478.168945 0.0 0.0 0.0 0.0 0.0 0.0 0.0 0.926037
Person 0.0 0 0.0 513.457031 612.246094 697.792969 1010.917969 0.0 0.0 0.0 0.0 0.0 0.0 0.0 0.930711
Person 0.0 0 0.0 1201.259766 254.047852 1311.240234 563.862305 0.0 0.0 0.0 0.0 0.0 0.0 0.0 0.937211
Person 0.0 0 0.0 269.296875 146.206055 352.734375 375.073242 0.0 0.0 0.0 0.0 0.0 0.0 0.0 0.942082
Person 0.0 0 0.0 1303.886719 609.213867 1512.363281 954.887695 0.0 0.0 0.0 0.0 0.0 0.0 0.0 0.942295
Person 0.0 0 0.0 1755.644531 237.370605 1829.355469 400.187988 0.0 0.0 0.0 0.0 0.0 0.0 0.0 0.950227
Person 0.0 0 0.0 1391.015625 90.373535 1473.984375 234.733887 0.0 0.0 0.0 0.0 0.0 0.0 0.0 0.956634
