Person 0.0 0 0.0 107.812500 167.365723 176.718750 308.298340 0.0 0.0 0.0 0.0 0.0 0.0 0.0 0.804406
Person 0.0 0 0.0 716.323242 48.054199 768.676758 250.949707 0.0 0.0 0.0 0.0 0.0 0.0 0.0 0.826151
Person 0.0 0 0.0 14.091797 146.206055 94.892578 349.233398 0.0 0.0 0.0 0.0 0.0 0.0 0.0 0.830044
Person 0.0 0 0.0 1441.611328 106.984863 1505.888672 268.220215 0.0 0.0 0.0 0.0 0.0 0.0 0.0 0.849971
Person 0.0 0 0.0 1753.945312 222.670898 1821.679688 369.008789 0.0 0.0 0.0 0.0 0.0 0.0 0.0 0.858719
Person 0.0 0 0.0 787.939453 291.489258 884.560547 640.854492 0.0 0.0 0.0 0.0 0.0 0.0 0.0 0.866132
Person 0.0 0 0.0 269.443359 145.415039 350.244141 375.336914 0.0 0.0 0.0 0.0 0.0 0.0 0.0 0.889144
Person 0.0 0 0.0 940.253906 200.852051 1022.871094 392.937012 0.0 0.0 0.0 0.0 0.0 0.0 0.0 0.895157
Person 0.0 0 0.0 1259.296875 647.841797 1555.078125 1073.408203 0.0 0.0 0.0 0.0 0.0 0.0 0.0 0.898767
Person 0.0 0 0.0 342.539062 404.472656 529.804688 776.777344 0.0 0.0 0.0 0.0 0.0 0.0 0.0 0.912436
Person 0.0 0 0.0 1372.441406 172.111816 1451.308594 391.618652 0.0 0.0 0.0 0.0 0.0 0.0 0.0 0.915507
Person 0.0 0 0.0 1672.382812 241.589355 1760.742188 423.918457 0.0 0.0 0.0 0.0 0.0 0.0 0.0 0.918480
Person 0.0 0 0.0 1451.484375 237.502441 1537.265625 452.263184 0.0 0.0 0.0 0.0 0.0 0.0 0.0 0.918772
Person 0.0 0 0.0 1805.595703 262.551270 1875.029297 409.284668 0.0 0.0 0.0 0.0 0.0 0.0 0.0 0.928409
Person 0.0 0 0.0 1379.648438 78.706055 1429.101562 207.641602 0.0 0.0 0.0 0.0 0.0 0.0 0.0 0.928668
Person 0.0 0 0.0 1578.750000 204.543457 1700.625000 408.229980 0.0 0.0 0.0 0.0 0.0 0.0 0.0 0.932207
Person 0.0 0 0.0 323.085938 133.681641 423.164062 393.662109 0.0 0.0 0.0 0.0 0.0 0.0 0.0 0.937440
Person 0.0 0 0.0 1339.599609 65.456543 1390.400391 214.299316 0.0 0.0 0.0 0.0 0.0 0.0 0.0 0.942295
Person 0.0 0 0.0 1756.025391 243.435059 1838.349609 404.143066 0.0 0.0 0.0 0.0 0.0 0.0 0.0 0.957754
Person 0.0 0 0.0 1293.588867 75.212402 1352.036133 242.248535 0.0 0.0 0.0 0.0 0.0 0.0 0.0 0.966028
