Person 0.0 0 0.0 104.033203 168.354492 169.482422 316.274414 0.0 0.0 0.0 0.0 0.0 0.0 0.0 0.772531
Person 0.0 0 0.0 1142.578125 827.270508 1420.546875 1072.221680 0.0 0.0 0.0 0.0 0.0 0.0 0.0 0.776623
Person 0.0 0 0.0 747.626953 18.786621 800.185547 223.659668 0.0 0.0 0.0 0.0 0.0 0.0 0.0 0.798815
Person 0.0 0 0.0 1845.205078 239.974365 1895.419922 371.744385 0.0 0.0 0.0 0.0 0.0 0.0 0.0 0.834407
Person 0.0 0 0.0 1323.559570 26.894531 1357.690430 131.176758 0.0 0.0 0.0 0.0 0.0 0.0 0.0 0.837620
Person 0.0 0 0.0 1360.429688 617.519531 1502.695312 917.050781 0.0 0.0 0.0 0.0 0.0 0.0 0.0 0.839734
Person 0.0 0 0.0 245.302734 160.642090 331.728516 399.924316 0.0 0.0 0.0 0.0 0.0 0.0 0.0 0.883638
Person 0.0 0 0.0 1161.035156 323.657227 1304.589844 698.862305 0.0 0.0 0.0 0.0 0.0 0.0 0.0 0.884039
Person 0.0 0 0.0 1751.894531 223.395996 1821.855469 392.541504 0.0 0.0 0.0 0.0 0.0 0.0 0.0 0.884439
Person 0.0 0 0.0 307.792969 149.501953 389.238281 423.720703 0.0 0.0 0.0 0.0 0.0 0.0 0.0 0.887984
Person 0.0 0 0.0 1417.426758 139.020996 1473.823242 335.588379 0.0 0.0 0.0 0.0 0.0 0.0 0.0 0.911180
Person 0.0 0 0.0 539.677734 127.353516 607.822266 396.562500 0.0 0.0 0.0 0.0 0.0 0.0 0.0 0.911810
Person 0.0 0 0.0 654.536133 124.255371 714.213867 378.039551 0.0 0.0 0.0 0.0 0.0 0.0 0.0 0.913368
Person 0.0 0 0.0 1602.802734 287.270508 1712.197266 520.620117 0.0 0.0 0.0 0.0 0.0 0.0 0.0 0.917303
Person 0.0 0 0.0 1345.107422 30.552979 1384.892578 145.579834 0.0 0.0 0.0 0.0 0.0 0.0 0.0 0.921074
Person 0.0 0 0.0 1496.557617 118.652344 1548.442383 273.427734 0.0 0.0 0.0 0.0 0.0 0.0 0.0 0.930458
Person 0.0 0 0.0 1299.023438 179.296875 1361.601562 380.742188 0.0 0.0 0.0 0.0 0.0 0.0 0.0 0.936285
Person 0.0 0 0.0 1787.460938 248.378906 1861.289062 408.164062 0.0 0.0 0.0 0.0 0.0 0.0 0.0 0.939025
Person 0.0 0 0.0 1350.205078 160.708008 1430.419922 364.526367 0.0 0.0 0.0 0.0 0.0 0.0 0.0 0.956145
Person 0.0 0 0.0 1443.398438 144.492188 1515.351562 316.669922 0.0 0.0 0.0 0.0 0.0 0.0 0.0 0.966789
