Person 0.0 0 0.0 718.579102 48.186035 772.045898 243.171387 0.0 0.0 0.0 0.0 0.0 0.0 0.0 0.826712
Person 0.0 0 0.0 1244.970703 219.243164 1336.904297 514.291992 0.0 0.0 0.0 0.0 0.0 0.0 0.0 0.845433
Person 0.0 0 0.0 1375.312500 111.005859 1442.812500 219.375000 0.0 0.0 0.0 0.0 0.0 0.0 0.0 0.862004
Person 0.0 0 0.0 754.057617 18.654785 797.504883 223.791504 0.0 0.0 0.0 0.0 0.0 0.0 0.0 0.874077
Person 0.0 0 0.0 1601.630859 285.688477 1703.994141 521.147461 0.0 0.0 0.0 0.0 0.0 0.0 0.0 0.881207
Person 0.0 0 0.0 1352.753906 162.026367 1431.621094 350.288086 0.0 0.0 0.0 0.0 0.0 0.0 0.0 0.884039
Person 0.0 0 0.0 1786.523438 249.499512 1860.351562 408.098145 0.0 0.0 0.0 0.0 0.0 0.0 0.0 0.884838
Person 0.0 0 0.0 1357.705078 32.332764 1400.419922 161.202393 0.0 0.0 0.0 0.0 0.0 0.0 0.0 0.889144
Person 0.0 0 0.0 1095.058594 285.292969 1214.941406 596.425781 0.0 0.0 0.0 0.0 0.0 0.0 0.0 0.891055
Person 0.0 0 0.0 473.847656 103.425293 558.339844 333.479004 0.0 0.0 0.0 0.0 0.0 0.0 0.0 0.893681
Person 0.0 0 0.0 429.960938 178.110352 530.976562 467.885742 0.0 0.0 0.0 0.0 0.0 0.0 0.0 0.894789
Person 0.0 0 0.0 341.689453 146.469727 421.435547 423.061523 0.0 0.0 0.0 0.0 0.0 0.0 0.0 0.899828
Person 0.0 0 0.0 663.676758 113.510742 720.073242 377.182617 0.0 0.0 0.0 0.0 0.0 0.0 0.0 0.912748
Person 0.0 0 0.0 1329.506836 42.648926 1372.368164 159.719238 0.0 0.0 0.0 0.0 0.0 0.0 0.0 0.916409
Person 0.0 0 0.0 1495.502930 118.059082 1549.497070 274.020996 0.0 0.0 0.0 0.0 0.0 0.0 0.0 0.917006
Person 0.0 0 0.0 1268.203125 640.590820 1561.171875 1073.276367 0.0 0.0 0.0 0.0 0.0 0.0 0.0 0.918187
Person 0.0 0 0.0 1753.769531 230.910645 1816.230469 392.409668 0.0 0.0 0.0 0.0 0.0 0.0 0.0 0.921922
Person 0.0 0 0.0 536.835938 129.133301 609.726562 383.972168 0.0 0.0 0.0 0.0 0.0 0.0 0.0 0.933431
Person 0.0 0 0.0 1247.636719 290.170898 1442.988281 622.133789 0.0 0.0 0.0 0.0 0.0 0.0 0.0 0.939248
Person 0.0 0 0.0 1450.092773 142.844238 1508.657227 316.735840 0.0 0.0 0.0 0.0 0.0 0.0 0.0 0.943764
