Person 0.0 0 0.0 145.107422 211.596680 248.408203 467.622070 0.0 0.0 0.0 0.0 0.0 0.0 0.0 0.774583
Person 0.0 0 0.0 1385.419922 36.979980 1425.205078 147.458496 0.0 0.0 0.0 0.0 0.0 0.0 0.0 0.801315
Person 0.0 0 0.0 252.773438 165.454102 328.007812 399.858398 0.0 0.0 0.0 0.0 0.0 0.0 0.0 0.826712
Person 0.0 0 0.0 442.792969 101.777344 511.582031 326.425781 0.0 0.0 0.0 0.0 0.0 0.0 0.0 0.863852
Person 0.0 0 0.0 340.458984 146.074219 421.259766 422.402344 0.0 0.0 0.0 0.0 0.0 0.0 0.0 0.884838
Person 0.0 0 0.0 4.628906 154.182129 85.136719 348.376465 0.0 0.0 0.0 0.0 0.0 0.0 0.0 0.888372
Person 0.0 0 0.0 1125.966797 204.609375 1227.158203 497.285156 0.0 0.0 0.0 0.0 0.0 0.0 0.0 0.889144
Person 0.0 0 0.0 558.691406 138.032227 630.058594 393.793945 0.0 0.0 0.0 0.0 0.0 0.0 0.0 0.892187
Person 0.0 0 0.0 1267.617188 638.349609 1554.257812 1073.408203 0.0 0.0 0.0 0.0 0.0 0.0 0.0 0.896976
Person 0.0 0 0.0 1752.128906 223.593750 1823.496094 392.343750 0.0 0.0 0.0 0.0 0.0 0.0 0.0 0.906983
Person 0.0 0 0.0 1634.560547 324.052734 1753.564453 567.158203 0.0 0.0 0.0 0.0 0.0 0.0 0.0 0.907312
Person 0.0 0 0.0 744.375000 18.786621 795.937500 223.659668 0.0 0.0 0.0 0.0 0.0 0.0 0.0 0.908293
Person 0.0 0 0.0 101.601562 169.343262 159.726562 316.076660 0.0 0.0 0.0 0.0 0.0 0.0 0.0 0.913677
Person 0.0 0 0.0 659.003906 114.631348 721.933594 368.942871 0.0 0.0 0.0 0.0 0.0 0.0 0.0 0.919063
Person 0.0 0 0.0 1297.441406 187.536621 1368.808594 381.994629 0.0 0.0 0.0 0.0 0.0 0.0 0.0 0.923316
Person 0.0 0 0.0 1513.125000 144.953613 1573.125000 311.989746 0.0 0.0 0.0 0.0 0.0 0.0 0.0 0.936981
Person 0.0 0 0.0 1277.753906 299.003906 1476.621094 622.792969 0.0 0.0 0.0 0.0 0.0 0.0 0.0 0.945399
Person 0.0 0 0.0 1795.576172 248.576660 1862.548828 409.020996 0.0 0.0 0.0 0.0 0.0 0.0 0.0 0.949856
Person 0.0 0 0.0 1126.464844 283.579102 1290.410156 581.264648 0.0 0.0 0.0 0.0 0.0 0.0 0.0 0.954137
Person 0.0 0 0.0 1347.275391 152.468262 1422.099609 364.064941 0.0 0.0 0.0 0.0 0.0 0.0 0.0 0.958226
