Person 0.0 0 0.0 1433.203125 46.801758 1465.546875 149.238281 0.0 0.0 0.0 0.0 0.0 0.0 0.0 0.811078
Person 0.0 0 0.0 1746.225586 223.527832 1803.149414 376.062012 0.0 0.0 0.0 0.0 0.0 0.0 0.0 0.825590
Person 0.0 0 0.0 1576.875000 814.086914 1807.500000 1072.749023 0.0 0.0 0.0 0.0 0.0 0.0 0.0 0.865224
Person 0.0 0 0.0 380.566406 193.007812 465.058594 479.882812 0.0 0.0 0.0 0.0 0.0 0.0 0.0 0.879561
Person 0.0 0 0.0 684.184570 67.961426 737.065430 281.667480 0.0 0.0 0.0 0.0 0.0 0.0 0.0 0.884439
Person 0.0 0 0.0 1774.335938 236.250000 1850.039062 400.781250 0.0 0.0 0.0 0.0 0.0 0.0 0.0 0.901921
Person 0.0 0 0.0 1145.683594 355.561523 1271.191406 742.368164 0.0 0.0 0.0 0.0 0.0 0.0 0.0 0.904987
Person 0.0 0 0.0 1225.253906 303.090820 1332.246094 653.510742 0.0 0.0 0.0 0.0 0.0 0.0 0.0 0.906983
Person 0.0 0 0.0 244.042969 161.103516 331.113281 400.517578 0.0 0.0 0.0 0.0 0.0 0.0 0.0 0.909265
Person 0.0 0 0.0 304.248047 155.039062 381.064453 440.859375 0.0 0.0 0.0 0.0 0.0 0.0 0.0 0.913677
Person 0.0 0 0.0 1360.078125 430.312500 1536.796875 798.398438 0.0 0.0 0.0 0.0 0.0 0.0 0.0 0.921358
Person 0.0 0 0.0 1392.114258 36.914062 1435.385742 153.588867 0.0 0.0 0.0 0.0 0.0 0.0 0.0 0.922482
Person 0.0 0 0.0 589.833984 157.939453 676.728516 442.705078 0.0 0.0 0.0 0.0 0.0 0.0 0.0 0.941223
Person 0.0 0 0.0 1305.292969 167.761230 1355.332031 318.713379 0.0 0.0 0.0 0.0 0.0 0.0 0.0 0.944791
Person 0.0 0 0.0 1360.693359 156.093750 1438.681641 364.658203 0.0 0.0 0.0 0.0 0.0 0.0 0.0 0.954478
Person 0.0 0 0.0 1664.824219 200.654297 1732.675781 358.330078 0.0 0.0 0.0 0.0 0.0 0.0 0.0 0.956472
Person 0.0 0 0.0 1441.347656 148.315430 1532.402344 351.342773 0.0 0.0 0.0 0.0 0.0 0.0 0.0 0.956957
Person 0.0 0 0.0 708.750000 158.994141 807.187500 443.759766 0.0 0.0 0.0 0.0 0.0 0.0 0.0 0.957912
Person 0.0 0 0.0 1552.177734 161.367188 1610.947266 324.316406 0.0 0.0 0.0 0.0 0.0 0.0 0.0 0.961098
Person 0.0 0 0.0 1591.230469 183.713379 1654.394531 338.620605 0.0 0.0 0.0 0.0 0.0 0.0 0.0 0.967899
