Person 0.0 0 0.0 1396.875000 36.947021 1428.750000 138.131104 0.0 0.0 0.0 0.0 0.0 0.0 0.0 0.803791
Person 0.0 0 0.0 10.166016 154.709473 85.986328 348.640137 0.0 0.0 0.0 0.0 0.0 0.0 0.0 0.830594
Person 0.0 0 0.0 1305.190430 69.016113 1359.184570 207.048340 0.0 0.0 0.0 0.0 0.0 0.0 0.0 0.869271
Person 0.0 0 0.0 239.062500 165.651855 330.468750 401.770020 0.0 0.0 0.0 0.0 0.0 0.0 0.0 0.870597
Person 0.0 0 0.0 712.060547 50.361328 765.439453 246.269531 0.0 0.0 0.0 0.0 0.0 0.0 0.0 0.872347
Person 0.0 0 0.0 445.312500 100.524902 506.250000 327.414551 0.0 0.0 0.0 0.0 0.0 0.0 0.0 0.874077
Person 0.0 0 0.0 1493.144531 116.345215 1553.730469 271.516113 0.0 0.0 0.0 0.0 0.0 0.0 0.0 0.893681
Person 0.0 0 0.0 1267.382812 640.590820 1554.492188 1073.276367 0.0 0.0 0.0 0.0 0.0 0.0 0.0 0.894421
Person 0.0 0 0.0 1601.748047 289.511719 1709.501953 514.160156 0.0 0.0 0.0 0.0 0.0 0.0 0.0 0.895157
Person 0.0 0 0.0 342.685547 146.206055 421.845703 422.270508 0.0 0.0 0.0 0.0 0.0 0.0 0.0 0.895888
Person 0.0 0 0.0 653.730469 119.707031 717.832031 369.667969 0.0 0.0 0.0 0.0 0.0 0.0 0.0 0.897336
Person 0.0 0 0.0 747.773438 18.786621 796.289062 224.055176 0.0 0.0 0.0 0.0 0.0 0.0 0.0 0.905990
Person 0.0 0 0.0 1115.800781 263.144531 1235.449219 581.660156 0.0 0.0 0.0 0.0 0.0 0.0 0.0 0.916110
Person 0.0 0 0.0 577.792969 126.562500 634.394531 395.771484 0.0 0.0 0.0 0.0 0.0 0.0 0.0 0.923592
Person 0.0 0 0.0 1752.832031 223.132324 1822.792969 392.805176 0.0 0.0 0.0 0.0 0.0 0.0 0.0 0.935346
Person 0.0 0 0.0 1244.589844 220.297852 1341.035156 513.764648 0.0 0.0 0.0 0.0 0.0 0.0 0.0 0.936285
Person 0.0 0 0.0 1356.884766 163.081055 1434.990234 367.954102 0.0 0.0 0.0 0.0 0.0 0.0 0.0 0.936518
Person 0.0 0 0.0 1277.343750 294.389648 1475.156250 623.188477 0.0 0.0 0.0 0.0 0.0 0.0 0.0 0.939471
Person 0.0 0 0.0 1794.814453 248.115234 1861.435547 409.482422 0.0 0.0 0.0 0.0 0.0 0.0 0.0 0.943138
Person 0.0 0 0.0 1447.822266 149.436035 1524.052734 304.079590 0.0 0.0 0.0 0.0 0.0 0.0 0.0 0.963231
