Person 0.0 0 0.0 1751.074219 230.383301 1817.050781 389.245605 0.0 0.0 0.0 0.0 0.0 0.0 0.0 0.870157
Person 0.0 0 0.0 304.453125 479.487305 461.484375 863.129883 0.0 0.0 0.0 0.0 0.0 0.0 0.0 0.883236
Person 0.0 0 0.0 667.441406 0.000000 725.683594 157.346191 0.0 0.0 0.0 0.0 0.0 0.0 0.0 0.884439
Person 0.0 0 0.0 1417.543945 138.098145 1471.831055 334.665527 0.0 0.0 0.0 0.0 0.0 0.0 0.0 0.898053
Person 0.0 0 0.0 1359.228516 158.862305 1430.771484 364.790039 0.0 0.0 0.0 0.0 0.0 0.0 0.0 0.899828
Person 0.0 0 0.0 955.810547 218.913574 1046.689453 401.242676 0.0 0.0 0.0 0.0 0.0 0.0 0.0 0.902952
Person 0.0 0 0.0 1317.187500 20.335693 1360.312500 136.549072 0.0 0.0 0.0 0.0 0.0 0.0 0.0 0.914291
Person 0.0 0 0.0 1395.820312 38.792725 1439.179688 144.327393 0.0 0.0 0.0 0.0 0.0 0.0 0.0 0.915809
Person 0.0 0 0.0 1573.710938 837.092285 1863.164062 1074.001465 0.0 0.0 0.0 0.0 0.0 0.0 0.0 0.919353
Person 0.0 0 0.0 292.207031 151.875000 385.136719 425.566406 0.0 0.0 0.0 0.0 0.0 0.0 0.0 0.922761
Person 0.0 0 0.0 1784.707031 250.817871 1858.417969 408.361816 0.0 0.0 0.0 0.0 0.0 0.0 0.0 0.927363
Person 0.0 0 0.0 245.068359 167.167969 331.962891 398.671875 0.0 0.0 0.0 0.0 0.0 0.0 0.0 0.927888
Person 0.0 0 0.0 1118.378906 320.756836 1245.996094 697.543945 0.0 0.0 0.0 0.0 0.0 0.0 0.0 0.935346
Person 0.0 0 0.0 1644.404297 311.660156 1756.845703 535.781250 0.0 0.0 0.0 0.0 0.0 0.0 0.0 0.937440
Person 0.0 0 0.0 661.113281 116.477051 722.636719 376.325684 0.0 0.0 0.0 0.0 0.0 0.0 0.0 0.942718
Person 0.0 0 0.0 549.140625 137.636719 622.734375 398.408203 0.0 0.0 0.0 0.0 0.0 0.0 0.0 0.945801
Person 0.0 0 0.0 1425.322266 250.488281 1535.302734 489.902344 0.0 0.0 0.0 0.0 0.0 0.0 0.0 0.948537
Person 0.0 0 0.0 1535.009766 134.538574 1599.990234 291.555176 0.0 0.0 0.0 0.0 0.0 0.0 0.0 0.952574
Person 0.0 0 0.0 1441.201172 148.315430 1528.798828 313.901367 0.0 0.0 0.0 0.0 0.0 0.0 0.0 0.957912
Person 0.0 0 0.0 1555.781250 183.120117 1626.093750 360.571289 0.0 0.0 0.0 0.0 0.0 0.0 0.0 0.963916
