Person 0.0 0 0.0 103.974609 122.937012 174.462891 328.732910 0.0 0.0 0.0 0.0 0.0 0.0 0.0 0.833866
Person 0.0 0 0.0 1788.574219 335.192871 1888.300781 529.650879 0.0 0.0 0.0 0.0 0.0 0.0 0.0 0.837620
Person 0.0 0 0.0 1580.566406 197.556152 1693.183594 405.197754 0.0 0.0 0.0 0.0 0.0 0.0 0.0 0.842345
Person 0.0 0 0.0 717.260742 48.911133 766.801758 250.356445 0.0 0.0 0.0 0.0 0.0 0.0 0.0 0.857768
Person 0.0 0 0.0 1805.449219 261.826172 1871.425781 410.009766 0.0 0.0 0.0 0.0 0.0 0.0 0.0 0.860604
Person 0.0 0 0.0 759.008789 21.027832 803.803711 229.460449 0.0 0.0 0.0 0.0 0.0 0.0 0.0 0.872347
Person 0.0 0 0.0 157.382812 504.667969 409.335938 884.355469 0.0 0.0 0.0 0.0 0.0 0.0 0.0 0.894789
Person 0.0 0 0.0 1152.773438 269.868164 1252.851562 590.756836 0.0 0.0 0.0 0.0 0.0 0.0 0.0 0.918480
Person 0.0 0 0.0 1490.068359 274.086914 1588.681641 478.959961 0.0 0.0 0.0 0.0 0.0 0.0 0.0 0.919931
Person 0.0 0 0.0 1259.765625 666.430664 1590.234375 1072.749023 0.0 0.0 0.0 0.0 0.0 0.0 0.0 0.920504
Person 0.0 0 0.0 313.623047 131.242676 422.783203 396.101074 0.0 0.0 0.0 0.0 0.0 0.0 0.0 0.925769
Person 0.0 0 0.0 1673.056641 241.457520 1758.193359 430.378418 0.0 0.0 0.0 0.0 0.0 0.0 0.0 0.926304
Person 0.0 0 0.0 257.021484 155.236816 350.478516 375.798340 0.0 0.0 0.0 0.0 0.0 0.0 0.0 0.938350
Person 0.0 0 0.0 1303.828125 611.191406 1508.671875 942.363281 0.0 0.0 0.0 0.0 0.0 0.0 0.0 0.943348
Person 0.0 0 0.0 1401.884766 217.792969 1494.990234 450.878906 0.0 0.0 0.0 0.0 0.0 0.0 0.0 0.946990
Person 0.0 0 0.0 593.027344 716.396484 771.035156 1074.462891 0.0 0.0 0.0 0.0 0.0 0.0 0.0 0.949106
Person 0.0 0 0.0 1755.117188 237.832031 1828.007812 400.781250 0.0 0.0 0.0 0.0 0.0 0.0 0.0 0.949669
Person 0.0 0 0.0 617.255859 239.282227 721.494141 574.409180 0.0 0.0 0.0 0.0 0.0 0.0 0.0 0.950595
Person 0.0 0 0.0 1440.175781 104.084473 1509.199219 264.792480 0.0 0.0 0.0 0.0 0.0 0.0 0.0 0.963092
Person 0.0 0 0.0 1390.356445 85.034180 1450.268555 237.436523 0.0 0.0 0.0 0.0 0.0 0.0 0.0 0.970013
