Person 0.0 0 0.0 1755.058594 365.976562 1912.441406 654.433594 0.0 0.0 0.0 0.0 0.0 0.0 0.0 0.650467
Person 0.0 0 0.0 1363.842773 57.216797 1388.657227 132.626953 0.0 0.0 0.0 0.0 0.0 0.0 0.0 0.686790
Person 0.0 0 0.0 1348.886719 126.035156 1399.863281 270.791016 0.0 0.0 0.0 0.0 0.0 0.0 0.0 0.750553
Person 0.0 0 0.0 726.079102 49.570312 766.420898 184.174805 0.0 0.0 0.0 0.0 0.0 0.0 0.0 0.811676
Person 0.0 0 0.0 15.234375 145.546875 94.394531 349.101562 0.0 0.0 0.0 0.0 0.0 0.0 0.0 0.850965
Person 0.0 0 0.0 1330.883789 67.763672 1369.116211 180.615234 0.0 0.0 0.0 0.0 0.0 0.0 0.0 0.869271
Person 0.0 0 0.0 714.257812 306.650391 819.492188 644.150391 0.0 0.0 0.0 0.0 0.0 0.0 0.0 0.879974
Person 0.0 0 0.0 711.005859 178.439941 811.494141 408.493652 0.0 0.0 0.0 0.0 0.0 0.0 0.0 0.886813
Person 0.0 0 0.0 337.207031 140.273438 410.917969 408.691406 0.0 0.0 0.0 0.0 0.0 0.0 0.0 0.902610
Person 0.0 0 0.0 1432.968750 102.172852 1503.281250 264.858398 0.0 0.0 0.0 0.0 0.0 0.0 0.0 0.908293
Person 0.0 0 0.0 1672.705078 248.312988 1760.419922 426.159668 0.0 0.0 0.0 0.0 0.0 0.0 0.0 0.908942
Person 0.0 0 0.0 1250.507812 656.015625 1526.367188 1073.671875 0.0 0.0 0.0 0.0 0.0 0.0 0.0 0.918772
Person 0.0 0 0.0 663.222656 147.854004 754.277344 405.329590 0.0 0.0 0.0 0.0 0.0 0.0 0.0 0.922203
Person 0.0 0 0.0 757.089844 20.830078 799.160156 214.892578 0.0 0.0 0.0 0.0 0.0 0.0 0.0 0.926037
Person 0.0 0 0.0 1803.515625 262.221680 1869.609375 409.086914 0.0 0.0 0.0 0.0 0.0 0.0 0.0 0.928926
Person 0.0 0 0.0 1400.903320 39.221191 1435.971680 144.558105 0.0 0.0 0.0 0.0 0.0 0.0 0.0 0.930205
Person 0.0 0 0.0 1587.773438 200.917969 1695.351562 405.000000 0.0 0.0 0.0 0.0 0.0 0.0 0.0 0.939913
Person 0.0 0 0.0 1751.835938 223.989258 1823.789062 386.147461 0.0 0.0 0.0 0.0 0.0 0.0 0.0 0.942082
Person 0.0 0 0.0 266.572266 147.062988 350.771484 376.062012 0.0 0.0 0.0 0.0 0.0 0.0 0.0 0.948728
Person 0.0 0 0.0 1271.953125 275.932617 1394.296875 550.415039 0.0 0.0 0.0 0.0 0.0 0.0 0.0 0.954478
