Person 0.0 0 0.0 1773.222656 351.342773 1911.152344 649.028320 0.0 0.0 0.0 0.0 0.0 0.0 0.0 0.704160
Person 0.0 0 0.0 2.636719 149.370117 81.972656 346.069336 0.0 0.0 0.0 0.0 0.0 0.0 0.0 0.725649
Person 0.0 0 0.0 1575.117188 797.343750 1814.882812 1072.617188 0.0 0.0 0.0 0.0 0.0 0.0 0.0 0.851953
Person 0.0 0 0.0 1746.123047 222.670898 1803.251953 379.028320 0.0 0.0 0.0 0.0 0.0 0.0 0.0 0.858244
Person 0.0 0 0.0 1223.144531 302.563477 1334.355469 652.983398 0.0 0.0 0.0 0.0 0.0 0.0 0.0 0.867036
Person 0.0 0 0.0 1774.423828 239.545898 1849.951172 400.649414 0.0 0.0 0.0 0.0 0.0 0.0 0.0 0.880386
Person 0.0 0 0.0 1424.780273 116.015625 1479.594727 307.705078 0.0 0.0 0.0 0.0 0.0 0.0 0.0 0.884439
Person 0.0 0 0.0 1653.867188 205.565186 1711.757812 332.325439 0.0 0.0 0.0 0.0 0.0 0.0 0.0 0.887984
Person 0.0 0 0.0 1433.510742 45.450439 1465.239258 145.711670 0.0 0.0 0.0 0.0 0.0 0.0 0.0 0.899828
Person 0.0 0 0.0 306.796875 155.302734 382.734375 441.123047 0.0 0.0 0.0 0.0 0.0 0.0 0.0 0.916110
Person 0.0 0 0.0 1307.592773 168.750000 1356.782227 319.306641 0.0 0.0 0.0 0.0 0.0 0.0 0.0 0.934155
Person 0.0 0 0.0 1393.007812 37.342529 1436.367188 154.215088 0.0 0.0 0.0 0.0 0.0 0.0 0.0 0.945197
Person 0.0 0 0.0 247.265625 163.344727 330.703125 400.385742 0.0 0.0 0.0 0.0 0.0 0.0 0.0 0.946200
Person 0.0 0 0.0 1359.140625 429.916992 1533.984375 797.739258 0.0 0.0 0.0 0.0 0.0 0.0 0.0 0.949669
Person 0.0 0 0.0 1123.828125 354.506836 1270.546875 744.477539 0.0 0.0 0.0 0.0 0.0 0.0 0.0 0.950411
Person 0.0 0 0.0 1359.580078 158.269043 1439.794922 364.855957 0.0 0.0 0.0 0.0 0.0 0.0 0.0 0.953275
Person 0.0 0 0.0 1440.908203 153.391113 1534.716797 351.540527 0.0 0.0 0.0 0.0 0.0 0.0 0.0 0.955152
Person 0.0 0 0.0 708.339844 159.389648 795.410156 443.364258 0.0 0.0 0.0 0.0 0.0 0.0 0.0 0.956472
Person 0.0 0 0.0 1552.382812 165.520020 1616.367188 324.382324 0.0 0.0 0.0 0.0 0.0 0.0 0.0 0.967163
Person 0.0 0 0.0 1592.636719 184.372559 1656.738281 339.279785 0.0 0.0 0.0 0.0 0.0 0.0 0.0 0.976129
