Person 0.0 0 0.0 1438.652344 364.790039 1602.597656 708.881836 0.0 0.0 0.0 0.0 0.0 0.0 0.0 0.865679
Person 0.0 0 0.0 1302.978516 183.284912 1376.396484 314.000244 0.0 0.0 0.0 0.0 0.0 0.0 0.0 0.873647
Person 0.0 0 0.0 381.943359 170.595703 480.556641 441.123047 0.0 0.0 0.0 0.0 0.0 0.0 0.0 0.877056
Person 0.0 0 0.0 1575.937500 795.498047 1821.562500 1073.408203 0.0 0.0 0.0 0.0 0.0 0.0 0.0 0.883236
Person 0.0 0 0.0 1745.346680 223.791504 1802.153320 386.345215 0.0 0.0 0.0 0.0 0.0 0.0 0.0 0.886027
Person 0.0 0 0.0 597.656250 157.412109 675.468750 443.232422 0.0 0.0 0.0 0.0 0.0 0.0 0.0 0.896251
Person 0.0 0 0.0 1363.740234 164.333496 1445.009766 369.338379 0.0 0.0 0.0 0.0 0.0 0.0 0.0 0.901227
Person 0.0 0 0.0 1690.605469 198.479004 1753.769531 347.849121 0.0 0.0 0.0 0.0 0.0 0.0 0.0 0.909907
Person 0.0 0 0.0 245.712891 165.256348 331.318359 401.638184 0.0 0.0 0.0 0.0 0.0 0.0 0.0 0.913677
Person 0.0 0 0.0 1391.176758 37.045898 1434.448242 154.116211 0.0 0.0 0.0 0.0 0.0 0.0 0.0 0.925500
Person 0.0 0 0.0 1782.128906 234.470215 1849.746094 405.725098 0.0 0.0 0.0 0.0 0.0 0.0 0.0 0.927888
Person 0.0 0 0.0 1565.302734 161.499023 1609.072266 285.424805 0.0 0.0 0.0 0.0 0.0 0.0 0.0 0.935582
Person 0.0 0 0.0 1423.183594 141.855469 1494.316406 335.917969 0.0 0.0 0.0 0.0 0.0 0.0 0.0 0.936518
Person 0.0 0 0.0 1496.748047 249.433594 1589.501953 421.875000 0.0 0.0 0.0 0.0 0.0 0.0 0.0 0.938801
Person 0.0 0 0.0 1423.623047 44.659424 1465.751953 157.313232 0.0 0.0 0.0 0.0 0.0 0.0 0.0 0.939248
Person 0.0 0 0.0 707.636719 158.862305 799.863281 442.836914 0.0 0.0 0.0 0.0 0.0 0.0 0.0 0.943556
Person 0.0 0 0.0 1192.910156 251.542969 1368.339844 569.003906 0.0 0.0 0.0 0.0 0.0 0.0 0.0 0.952926
Person 0.0 0 0.0 1594.277344 184.174805 1655.097656 338.686523 0.0 0.0 0.0 0.0 0.0 0.0 0.0 0.959001
Person 0.0 0 0.0 1361.484375 423.325195 1535.390625 798.002930 0.0 0.0 0.0 0.0 0.0 0.0 0.0 0.961098
Person 0.0 0 0.0 1462.089844 154.379883 1528.535156 323.657227 0.0 0.0 0.0 0.0 0.0 0.0 0.0 0.965771
