Person 0.0 0 0.0 1304.003906 617.519531 1508.496094 928.652344 0.0 0.0 0.0 0.0 0.0 0.0 0.0 0.704160
Person 0.0 0 0.0 1326.181641 35.084839 1356.943359 98.794556 0.0 0.0 0.0 0.0 0.0 0.0 0.0 0.740925
Person 0.0 0 0.0 343.417969 138.955078 411.269531 400.517578 0.0 0.0 0.0 0.0 0.0 0.0 0.0 0.783988
Person 0.0 0 0.0 97.236328 167.233887 166.904297 303.420410 0.0 0.0 0.0 0.0 0.0 0.0 0.0 0.847463
Person 0.0 0 0.0 1406.440430 39.023438 1436.059570 127.221680 0.0 0.0 0.0 0.0 0.0 0.0 0.0 0.859664
Person 0.0 0 0.0 267.041016 146.535645 350.302734 376.325684 0.0 0.0 0.0 0.0 0.0 0.0 0.0 0.871037
Person 0.0 0 0.0 1560.380859 185.361328 1649.619141 383.642578 0.0 0.0 0.0 0.0 0.0 0.0 0.0 0.878731
Person 0.0 0 0.0 756.459961 21.225586 803.540039 227.153320 0.0 0.0 0.0 0.0 0.0 0.0 0.0 0.881207
Person 0.0 0 0.0 1358.686523 103.359375 1414.438477 201.708984 0.0 0.0 0.0 0.0 0.0 0.0 0.0 0.894421
Person 0.0 0 0.0 710.156250 53.920898 761.718750 250.620117 0.0 0.0 0.0 0.0 0.0 0.0 0.0 0.895888
Person 0.0 0 0.0 16.787109 144.228516 93.017578 348.574219 0.0 0.0 0.0 0.0 0.0 0.0 0.0 0.900179
Person 0.0 0 0.0 1661.396484 210.937500 1717.353516 368.085938 0.0 0.0 0.0 0.0 0.0 0.0 0.0 0.900530
Person 0.0 0 0.0 1356.328125 151.611328 1429.921875 363.076172 0.0 0.0 0.0 0.0 0.0 0.0 0.0 0.915507
Person 0.0 0 0.0 1753.095703 224.384766 1822.529297 392.080078 0.0 0.0 0.0 0.0 0.0 0.0 0.0 0.917006
Person 0.0 0 0.0 1795.253906 249.697266 1862.871094 409.482422 0.0 0.0 0.0 0.0 0.0 0.0 0.0 0.939471
Person 0.0 0 0.0 574.628906 133.681641 662.871094 405.791016 0.0 0.0 0.0 0.0 0.0 0.0 0.0 0.944791
Person 0.0 0 0.0 1286.308594 94.987793 1366.816406 276.262207 0.0 0.0 0.0 0.0 0.0 0.0 0.0 0.947769
Person 0.0 0 0.0 1448.115234 162.355957 1544.384766 365.778809 0.0 0.0 0.0 0.0 0.0 0.0 0.0 0.948346
Person 0.0 0 0.0 629.824219 117.333984 728.613281 371.777344 0.0 0.0 0.0 0.0 0.0 0.0 0.0 0.955817
Person 0.0 0 0.0 1435.371094 114.565430 1504.628906 281.469727 0.0 0.0 0.0 0.0 0.0 0.0 0.0 0.965900
