Person 0.0 0 0.0 1303.198242 31.475830 1344.301758 152.698975 0.0 0.0 0.0 0.0 0.0 0.0 0.0 0.848471
Person 0.0 0 0.0 1385.830078 36.683350 1424.794922 147.755127 0.0 0.0 0.0 0.0 0.0 0.0 0.0 0.865679
Person 0.0 0 0.0 233.408203 161.103516 327.216797 399.462891 0.0 0.0 0.0 0.0 0.0 0.0 0.0 0.872347
Person 0.0 0 0.0 1634.589844 334.665527 1755.410156 568.674316 0.0 0.0 0.0 0.0 0.0 0.0 0.0 0.873215
Person 0.0 0 0.0 2.578125 154.445801 85.839844 348.376465 0.0 0.0 0.0 0.0 0.0 0.0 0.0 0.875361
Person 0.0 0 0.0 323.876953 153.720703 410.654297 423.720703 0.0 0.0 0.0 0.0 0.0 0.0 0.0 0.884439
Person 0.0 0 0.0 576.152344 134.077148 643.535156 410.668945 0.0 0.0 0.0 0.0 0.0 0.0 0.0 0.889529
Person 0.0 0 0.0 1267.617188 645.336914 1558.007812 1073.803711 0.0 0.0 0.0 0.0 0.0 0.0 0.0 0.895157
Person 0.0 0 0.0 754.262695 17.006836 809.487305 225.834961 0.0 0.0 0.0 0.0 0.0 0.0 0.0 0.902266
Person 0.0 0 0.0 407.402344 99.931641 510.878906 325.107422 0.0 0.0 0.0 0.0 0.0 0.0 0.0 0.903294
Person 0.0 0 0.0 1338.134766 31.805420 1376.865234 146.436768 0.0 0.0 0.0 0.0 0.0 0.0 0.0 0.906653
Person 0.0 0 0.0 1751.250000 223.593750 1822.500000 392.343750 0.0 0.0 0.0 0.0 0.0 0.0 0.0 0.918187
Person 0.0 0 0.0 1203.222656 287.929688 1346.777344 576.914062 0.0 0.0 0.0 0.0 0.0 0.0 0.0 0.925500
Person 0.0 0 0.0 1125.380859 208.959961 1229.619141 518.774414 0.0 0.0 0.0 0.0 0.0 0.0 0.0 0.929951
Person 0.0 0 0.0 1795.136719 247.851562 1862.988281 409.746094 0.0 0.0 0.0 0.0 0.0 0.0 0.0 0.930962
Person 0.0 0 0.0 1541.630859 170.991211 1608.369141 354.506836 0.0 0.0 0.0 0.0 0.0 0.0 0.0 0.933431
Person 0.0 0 0.0 1355.859375 151.875000 1430.390625 364.658203 0.0 0.0 0.0 0.0 0.0 0.0 0.0 0.933673
Person 0.0 0 0.0 659.003906 115.949707 721.933594 369.470215 0.0 0.0 0.0 0.0 0.0 0.0 0.0 0.935346
Person 0.0 0 0.0 1277.285156 298.476562 1473.339844 623.320312 0.0 0.0 0.0 0.0 0.0 0.0 0.0 0.937669
Person 0.0 0 0.0 1466.250000 139.482422 1530.000000 341.455078 0.0 0.0 0.0 0.0 0.0 0.0 0.0 0.938576
