Person 0.0 0 0.0 292.412109 124.716797 401.806641 400.517578 0.0 0.0 0.0 0.0 0.0 0.0 0.0 0.723309
Person 0.0 0 0.0 1752.978516 227.878418 1822.646484 392.805176 0.0 0.0 0.0 0.0 0.0 0.0 0.0 0.782662
Person 0.0 0 0.0 1326.166992 37.243652 1360.708008 128.342285 0.0 0.0 0.0 0.0 0.0 0.0 0.0 0.783326
Person 0.0 0 0.0 725.375977 49.339600 765.249023 181.900635 0.0 0.0 0.0 0.0 0.0 0.0 0.0 0.816406
Person 0.0 0 0.0 1303.652344 607.236328 1503.222656 929.443359 0.0 0.0 0.0 0.0 0.0 0.0 0.0 0.819893
Person 0.0 0 0.0 95.742188 169.804688 175.664062 316.406250 0.0 0.0 0.0 0.0 0.0 0.0 0.0 0.821617
Person 0.0 0 0.0 2.343750 154.973145 86.250000 348.376465 0.0 0.0 0.0 0.0 0.0 0.0 0.0 0.829492
Person 0.0 0 0.0 1794.931641 248.181152 1863.193359 409.416504 0.0 0.0 0.0 0.0 0.0 0.0 0.0 0.866132
Person 0.0 0 0.0 1507.148438 173.562012 1629.726562 374.348145 0.0 0.0 0.0 0.0 0.0 0.0 0.0 0.871037
Person 0.0 0 0.0 248.056641 156.818848 337.412109 392.145996 0.0 0.0 0.0 0.0 0.0 0.0 0.0 0.873215
Person 0.0 0 0.0 1403.950195 38.660889 1436.674805 150.128174 0.0 0.0 0.0 0.0 0.0 0.0 0.0 0.893681
Person 0.0 0 0.0 1305.937500 246.335449 1405.312500 500.383301 0.0 0.0 0.0 0.0 0.0 0.0 0.0 0.898767
Person 0.0 0 0.0 760.063477 21.027832 801.811523 206.652832 0.0 0.0 0.0 0.0 0.0 0.0 0.0 0.901575
Person 0.0 0 0.0 1268.320312 638.217773 1564.804688 1073.540039 0.0 0.0 0.0 0.0 0.0 0.0 0.0 0.901921
Person 0.0 0 0.0 1296.445312 176.198730 1351.054688 375.930176 0.0 0.0 0.0 0.0 0.0 0.0 0.0 0.906322
Person 0.0 0 0.0 1341.562500 68.488770 1401.562500 241.062012 0.0 0.0 0.0 0.0 0.0 0.0 0.0 0.940790
Person 0.0 0 0.0 1416.005859 126.232910 1497.744141 332.556152 0.0 0.0 0.0 0.0 0.0 0.0 0.0 0.946794
Person 0.0 0 0.0 574.335938 131.967773 648.164062 405.659180 0.0 0.0 0.0 0.0 0.0 0.0 0.0 0.952397
Person 0.0 0 0.0 695.214844 151.083984 801.035156 432.685547 0.0 0.0 0.0 0.0 0.0 0.0 0.0 0.962391
Person 0.0 0 0.0 654.697266 118.256836 732.802734 376.918945 0.0 0.0 0.0 0.0 0.0 0.0 0.0 0.967899
