Person 0.0 0 0.0 1753.359375 233.613281 1822.265625 391.816406 0.0 0.0 0.0 0.0 0.0 0.0 0.0 0.755637
Person 0.0 0 0.0 1304.648438 614.355469 1505.976562 929.707031 0.0 0.0 0.0 0.0 0.0 0.0 0.0 0.766992
Person 0.0 0 0.0 1366.596680 70.697021 1412.153320 190.601807 0.0 0.0 0.0 0.0 0.0 0.0 0.0 0.779993
Person 0.0 0 0.0 1419.096680 121.420898 1472.153320 264.594727 0.0 0.0 0.0 0.0 0.0 0.0 0.0 0.793746
Person 0.0 0 0.0 325.810547 137.966309 402.626953 406.252441 0.0 0.0 0.0 0.0 0.0 0.0 0.0 0.809276
Person 0.0 0 0.0 724.511719 48.911133 764.238281 172.836914 0.0 0.0 0.0 0.0 0.0 0.0 0.0 0.837088
Person 0.0 0 0.0 1024.101562 292.280273 1164.023438 498.735352 0.0 0.0 0.0 0.0 0.0 0.0 0.0 0.837620
Person 0.0 0 0.0 98.876953 167.365723 175.576172 316.999512 0.0 0.0 0.0 0.0 0.0 0.0 0.0 0.848471
Person 0.0 0 0.0 248.203125 156.752930 337.734375 392.211914 0.0 0.0 0.0 0.0 0.0 0.0 0.0 0.892937
Person 0.0 0 0.0 757.910156 20.104980 800.214844 212.321777 0.0 0.0 0.0 0.0 0.0 0.0 0.0 0.894052
Person 0.0 0 0.0 1268.320312 637.558594 1561.054688 1073.144531 0.0 0.0 0.0 0.0 0.0 0.0 0.0 0.904313
Person 0.0 0 0.0 1653.413086 203.950195 1710.336914 356.616211 0.0 0.0 0.0 0.0 0.0 0.0 0.0 0.909265
Person 0.0 0 0.0 1795.078125 248.840332 1863.046875 409.812012 0.0 0.0 0.0 0.0 0.0 0.0 0.0 0.930458
Person 0.0 0 0.0 1494.257812 159.389648 1573.242188 361.362305 0.0 0.0 0.0 0.0 0.0 0.0 0.0 0.938350
Person 0.0 0 0.0 1295.917969 177.253418 1349.707031 376.457520 0.0 0.0 0.0 0.0 0.0 0.0 0.0 0.943764
Person 0.0 0 0.0 693.837891 159.257812 802.412109 449.824219 0.0 0.0 0.0 0.0 0.0 0.0 0.0 0.946794
Person 0.0 0 0.0 573.720703 131.835938 646.904297 406.054688 0.0 0.0 0.0 0.0 0.0 0.0 0.0 0.951142
Person 0.0 0 0.0 1320.410156 256.354980 1458.339844 507.238770 0.0 0.0 0.0 0.0 0.0 0.0 0.0 0.952926
Person 0.0 0 0.0 653.496094 118.322754 731.191406 376.853027 0.0 0.0 0.0 0.0 0.0 0.0 0.0 0.961534
Person 0.0 0 0.0 1352.812500 150.424805 1424.062500 362.680664 0.0 0.0 0.0 0.0 0.0 0.0 0.0 0.966411
