Person 0.0 0 0.0 1755.996094 362.285156 1907.753906 653.906250 0.0 0.0 0.0 0.0 0.0 0.0 0.0 0.700075
Person 0.0 0 0.0 17.373047 146.535645 87.158203 348.112793 0.0 0.0 0.0 0.0 0.0 0.0 0.0 0.766992
Person 0.0 0 0.0 1350.571289 38.364258 1390.678711 161.894531 0.0 0.0 0.0 0.0 0.0 0.0 0.0 0.770465
Person 0.0 0 0.0 234.960938 169.013672 331.757812 400.517578 0.0 0.0 0.0 0.0 0.0 0.0 0.0 0.791821
Person 0.0 0 0.0 718.256836 48.186035 771.430664 243.698730 0.0 0.0 0.0 0.0 0.0 0.0 0.0 0.835484
Person 0.0 0 0.0 753.881836 18.588867 796.743164 224.252930 0.0 0.0 0.0 0.0 0.0 0.0 0.0 0.866585
Person 0.0 0 0.0 1096.406250 285.292969 1217.343750 597.480469 0.0 0.0 0.0 0.0 0.0 0.0 0.0 0.873215
Person 0.0 0 0.0 501.123047 97.558594 560.126953 340.136719 0.0 0.0 0.0 0.0 0.0 0.0 0.0 0.876634
Person 0.0 0 0.0 1354.189453 147.326660 1428.310547 361.560059 0.0 0.0 0.0 0.0 0.0 0.0 0.0 0.879147
Person 0.0 0 0.0 431.132812 163.476562 523.242188 452.460938 0.0 0.0 0.0 0.0 0.0 0.0 0.0 0.882022
Person 0.0 0 0.0 341.982422 145.546875 421.611328 422.929688 0.0 0.0 0.0 0.0 0.0 0.0 0.0 0.891434
Person 0.0 0 0.0 1753.535156 230.317383 1814.589844 392.475586 0.0 0.0 0.0 0.0 0.0 0.0 0.0 0.892937
Person 0.0 0 0.0 665.610352 113.247070 721.889648 376.918945 0.0 0.0 0.0 0.0 0.0 0.0 0.0 0.901921
Person 0.0 0 0.0 1786.523438 249.433594 1860.351562 408.164062 0.0 0.0 0.0 0.0 0.0 0.0 0.0 0.907640
Person 0.0 0 0.0 1244.472656 218.452148 1337.402344 514.555664 0.0 0.0 0.0 0.0 0.0 0.0 0.0 0.909586
Person 0.0 0 0.0 1416.210938 141.789551 1488.164062 343.630371 0.0 0.0 0.0 0.0 0.0 0.0 0.0 0.916708
Person 0.0 0 0.0 1268.320312 641.645508 1553.554688 1073.276367 0.0 0.0 0.0 0.0 0.0 0.0 0.0 0.926835
Person 0.0 0 0.0 540.058594 132.429199 631.816406 384.895020 0.0 0.0 0.0 0.0 0.0 0.0 0.0 0.932699
Person 0.0 0 0.0 1494.682617 117.861328 1550.317383 274.218750 0.0 0.0 0.0 0.0 0.0 0.0 0.0 0.932944
Person 0.0 0 0.0 1272.539062 299.003906 1472.460938 624.902344 0.0 0.0 0.0 0.0 0.0 0.0 0.0 0.933188
