Person 0.0 0 0.0 1378.623047 135.230713 1432.001953 246.302490 0.0 0.0 0.0 0.0 0.0 0.0 0.0 0.646014
Person 0.0 0 0.0 1845.703125 250.982666 1893.046875 377.083740 0.0 0.0 0.0 0.0 0.0 0.0 0.0 0.703346
Person 0.0 0 0.0 1753.447266 220.759277 1818.427734 366.174316 0.0 0.0 0.0 0.0 0.0 0.0 0.0 0.826712
Person 0.0 0 0.0 102.333984 167.761230 167.666016 304.475098 0.0 0.0 0.0 0.0 0.0 0.0 0.0 0.831143
Person 0.0 0 0.0 718.828125 50.625000 766.171875 250.751953 0.0 0.0 0.0 0.0 0.0 0.0 0.0 0.832781
Person 0.0 0 0.0 1249.101562 646.259766 1567.148438 1072.880859 0.0 0.0 0.0 0.0 0.0 0.0 0.0 0.863392
Person 0.0 0 0.0 1302.597656 610.268555 1494.902344 928.520508 0.0 0.0 0.0 0.0 0.0 0.0 0.0 0.872782
Person 0.0 0 0.0 758.159180 20.698242 802.778320 228.471680 0.0 0.0 0.0 0.0 0.0 0.0 0.0 0.881615
Person 0.0 0 0.0 1564.687500 182.856445 1667.812500 394.584961 0.0 0.0 0.0 0.0 0.0 0.0 0.0 0.889912
Person 0.0 0 0.0 1756.230469 240.930176 1830.644531 403.483887 0.0 0.0 0.0 0.0 0.0 0.0 0.0 0.903294
Person 0.0 0 0.0 1422.773438 94.987793 1496.601562 272.043457 0.0 0.0 0.0 0.0 0.0 0.0 0.0 0.905322
Person 0.0 0 0.0 319.804688 133.154297 411.914062 407.373047 0.0 0.0 0.0 0.0 0.0 0.0 0.0 0.906653
Person 0.0 0 0.0 1326.489258 35.925293 1364.135742 166.442871 0.0 0.0 0.0 0.0 0.0 0.0 0.0 0.911495
Person 0.0 0 0.0 269.062500 148.117676 350.625000 377.380371 0.0 0.0 0.0 0.0 0.0 0.0 0.0 0.919931
Person 0.0 0 0.0 1396.625977 38.726807 1436.499023 136.351318 0.0 0.0 0.0 0.0 0.0 0.0 0.0 0.929184
Person 0.0 0 0.0 1663.242188 210.871582 1726.757812 369.206543 0.0 0.0 0.0 0.0 0.0 0.0 0.0 0.929440
Person 0.0 0 0.0 1307.929688 231.833496 1408.945312 493.264160 0.0 0.0 0.0 0.0 0.0 0.0 0.0 0.933431
Person 0.0 0 0.0 597.246094 152.402344 689.003906 433.476562 0.0 0.0 0.0 0.0 0.0 0.0 0.0 0.934872
Person 0.0 0 0.0 654.609375 117.927246 731.015625 369.074707 0.0 0.0 0.0 0.0 0.0 0.0 0.0 0.936518
Person 0.0 0 0.0 1796.777344 250.026855 1863.222656 407.570801 0.0 0.0 0.0 0.0 0.0 0.0 0.0 0.946001
