Person 0.0 0 0.0 1.083984 147.788086 80.537109 347.651367 0.0 0.0 0.0 0.0 0.0 0.0 0.0 0.736401
Person 0.0 0 0.0 964.863281 231.701660 1069.511719 412.185059 0.0 0.0 0.0 0.0 0.0 0.0 0.0 0.764188
Person 0.0 0 0.0 512.871094 98.876953 574.628906 341.718750 0.0 0.0 0.0 0.0 0.0 0.0 0.0 0.824462
Person 0.0 0 0.0 187.353516 214.958496 281.865234 470.061035 0.0 0.0 0.0 0.0 0.0 0.0 0.0 0.826151
Person 0.0 0 0.0 649.658203 121.552734 741.591797 378.369141 0.0 0.0 0.0 0.0 0.0 0.0 0.0 0.858719
Person 0.0 0 0.0 747.202148 17.534180 796.860352 223.989258 0.0 0.0 0.0 0.0 0.0 0.0 0.0 0.871912
Person 0.0 0 0.0 247.353516 162.619629 330.615234 400.056152 0.0 0.0 0.0 0.0 0.0 0.0 0.0 0.894421
Person 0.0 0 0.0 536.718750 128.671875 607.968750 396.562500 0.0 0.0 0.0 0.0 0.0 0.0 0.0 0.896614
Person 0.0 0 0.0 1496.250000 118.916016 1561.875000 275.009766 0.0 0.0 0.0 0.0 0.0 0.0 0.0 0.901575
Person 0.0 0 0.0 1519.218750 828.457031 1782.656250 1073.144531 0.0 0.0 0.0 0.0 0.0 0.0 0.0 0.909586
Person 0.0 0 0.0 1340.258789 30.421143 1385.991211 149.139404 0.0 0.0 0.0 0.0 0.0 0.0 0.0 0.911810
Person 0.0 0 0.0 1786.933594 255.366211 1859.941406 408.559570 0.0 0.0 0.0 0.0 0.0 0.0 0.0 0.915507
Person 0.0 0 0.0 1396.025391 39.320068 1438.974609 144.854736 0.0 0.0 0.0 0.0 0.0 0.0 0.0 0.917006
Person 0.0 0 0.0 1293.427734 176.791992 1357.822266 375.336914 0.0 0.0 0.0 0.0 0.0 0.0 0.0 0.924688
Person 0.0 0 0.0 1233.750000 628.066406 1471.875000 1022.519531 0.0 0.0 0.0 0.0 0.0 0.0 0.0 0.925230
Person 0.0 0 0.0 1120.019531 319.833984 1249.980469 697.939453 0.0 0.0 0.0 0.0 0.0 0.0 0.0 0.936285
Person 0.0 0 0.0 1412.226562 138.757324 1475.273438 333.479004 0.0 0.0 0.0 0.0 0.0 0.0 0.0 0.942718
Person 0.0 0 0.0 1715.507812 282.919922 1809.492188 465.908203 0.0 0.0 0.0 0.0 0.0 0.0 0.0 0.953622
Person 0.0 0 0.0 1544.296875 180.483398 1622.578125 353.188477 0.0 0.0 0.0 0.0 0.0 0.0 0.0 0.959762
Person 0.0 0 0.0 1442.255859 148.315430 1523.994141 317.856445 0.0 0.0 0.0 0.0 0.0 0.0 0.0 0.968620
