Person 0.0 0 0.0 97.617188 164.201660 159.492188 322.272949 0.0 0.0 0.0 0.0 0.0 0.0 0.0 0.770465
Person 0.0 0 0.0 1753.710938 351.342773 1911.914062 654.829102 0.0 0.0 0.0 0.0 0.0 0.0 0.0 0.775945
Person 0.0 0 0.0 654.023438 0.000000 733.476562 169.606934 0.0 0.0 0.0 0.0 0.0 0.0 0.0 0.789883
Person 0.0 0 0.0 251.455078 167.036133 331.669922 400.913086 0.0 0.0 0.0 0.0 0.0 0.0 0.0 0.829492
Person 0.0 0 0.0 1423.417969 44.329834 1465.957031 140.108643 0.0 0.0 0.0 0.0 0.0 0.0 0.0 0.883236
Person 0.0 0 0.0 1775.302734 226.098633 1834.072266 384.038086 0.0 0.0 0.0 0.0 0.0 0.0 0.0 0.891811
Person 0.0 0 0.0 1499.648438 553.842773 1729.101562 948.032227 0.0 0.0 0.0 0.0 0.0 0.0 0.0 0.902610
Person 0.0 0 0.0 300.527344 158.532715 390.410156 427.873535 0.0 0.0 0.0 0.0 0.0 0.0 0.0 0.907967
Person 0.0 0 0.0 368.203125 185.625000 453.046875 484.101562 0.0 0.0 0.0 0.0 0.0 0.0 0.0 0.911180
Person 0.0 0 0.0 571.406250 422.270508 741.093750 802.221680 0.0 0.0 0.0 0.0 0.0 0.0 0.0 0.925500
Person 0.0 0 0.0 572.021484 152.006836 654.228516 439.145508 0.0 0.0 0.0 0.0 0.0 0.0 0.0 0.939248
Person 0.0 0 0.0 692.255859 143.041992 758.994141 405.395508 0.0 0.0 0.0 0.0 0.0 0.0 0.0 0.943764
Person 0.0 0 0.0 1464.199219 151.743164 1526.425781 326.821289 0.0 0.0 0.0 0.0 0.0 0.0 0.0 0.949106
Person 0.0 0 0.0 1221.621094 254.838867 1379.003906 574.145508 0.0 0.0 0.0 0.0 0.0 0.0 0.0 0.951142
Person 0.0 0 0.0 1459.130859 263.474121 1553.994141 441.057129 0.0 0.0 0.0 0.0 0.0 0.0 0.0 0.951323
Person 0.0 0 0.0 1367.226562 396.166992 1539.023438 752.387695 0.0 0.0 0.0 0.0 0.0 0.0 0.0 0.957596
Person 0.0 0 0.0 1327.500000 41.462402 1374.375000 171.452637 0.0 0.0 0.0 0.0 0.0 0.0 0.0 0.960361
Person 0.0 0 0.0 1402.968750 140.668945 1486.406250 331.303711 0.0 0.0 0.0 0.0 0.0 0.0 0.0 0.961678
Person 0.0 0 0.0 1547.578125 183.977051 1615.546875 348.903809 0.0 0.0 0.0 0.0 0.0 0.0 0.0 0.962391
Person 0.0 0 0.0 1597.353516 209.223633 1670.771484 359.780273 0.0 0.0 0.0 0.0 0.0 0.0 0.0 0.970013
