Person 0.0 0 0.0 16.347656 148.315430 85.253906 348.178711 0.0 0.0 0.0 0.0 0.0 0.0 0.0 0.783988
Person 0.0 0 0.0 233.115234 169.013672 329.384766 400.517578 0.0 0.0 0.0 0.0 0.0 0.0 0.0 0.833325
Person 0.0 0 0.0 720.688477 48.054199 772.749023 243.303223 0.0 0.0 0.0 0.0 0.0 0.0 0.0 0.841826
Person 0.0 0 0.0 1400.449219 39.287109 1438.300781 135.527344 0.0 0.0 0.0 0.0 0.0 0.0 0.0 0.845942
Person 0.0 0 0.0 1267.734375 640.722656 1552.265625 1073.144531 0.0 0.0 0.0 0.0 0.0 0.0 0.0 0.892187
Person 0.0 0 0.0 1601.455078 285.886230 1704.169922 520.949707 0.0 0.0 0.0 0.0 0.0 0.0 0.0 0.893309
Person 0.0 0 0.0 1406.455078 135.065918 1462.294922 335.852051 0.0 0.0 0.0 0.0 0.0 0.0 0.0 0.898053
Person 0.0 0 0.0 1104.697266 268.022461 1214.677734 592.075195 0.0 0.0 0.0 0.0 0.0 0.0 0.0 0.918480
Person 0.0 0 0.0 427.001953 119.377441 507.216797 361.560059 0.0 0.0 0.0 0.0 0.0 0.0 0.0 0.919643
Person 0.0 0 0.0 754.995117 17.929688 798.442383 224.912109 0.0 0.0 0.0 0.0 0.0 0.0 0.0 0.921074
Person 0.0 0 0.0 1244.414062 211.069336 1341.210938 513.500977 0.0 0.0 0.0 0.0 0.0 0.0 0.0 0.922482
Person 0.0 0 0.0 1276.699219 296.103516 1472.050781 623.583984 0.0 0.0 0.0 0.0 0.0 0.0 0.0 0.931213
Person 0.0 0 0.0 659.853516 112.983398 719.208984 369.799805 0.0 0.0 0.0 0.0 0.0 0.0 0.0 0.935817
Person 0.0 0 0.0 1752.744141 221.945801 1821.005859 392.937012 0.0 0.0 0.0 0.0 0.0 0.0 0.0 0.936749
Person 0.0 0 0.0 569.091797 138.427734 643.095703 396.562500 0.0 0.0 0.0 0.0 0.0 0.0 0.0 0.944382
Person 0.0 0 0.0 1349.765625 154.313965 1423.359375 362.219238 0.0 0.0 0.0 0.0 0.0 0.0 0.0 0.946597
Person 0.0 0 0.0 1444.218750 141.789551 1505.156250 307.770996 0.0 0.0 0.0 0.0 0.0 0.0 0.0 0.949669
Person 0.0 0 0.0 1785.585938 248.378906 1861.289062 408.164062 0.0 0.0 0.0 0.0 0.0 0.0 0.0 0.954308
Person 0.0 0 0.0 1496.235352 117.861328 1550.639648 275.009766 0.0 0.0 0.0 0.0 0.0 0.0 0.0 0.955651
Person 0.0 0 0.0 1347.231445 49.306641 1401.518555 186.416016 0.0 0.0 0.0 0.0 0.0 0.0 0.0 0.957912
