Person 0.0 0 0.0 743.203125 818.503418 978.046875 1074.660645 0.0 0.0 0.0 0.0 0.0 0.0 0.0 0.852935
Person 0.0 0 0.0 939.199219 204.345703 1020.175781 417.919922 0.0 0.0 0.0 0.0 0.0 0.0 0.0 0.867934
Person 0.0 0 0.0 1785.644531 252.004395 1855.605469 407.702637 0.0 0.0 0.0 0.0 0.0 0.0 0.0 0.888759
Person 0.0 0 0.0 149.707031 538.417969 349.980469 940.253906 0.0 0.0 0.0 0.0 0.0 0.0 0.0 0.899121
Person 0.0 0 0.0 296.484375 150.820312 385.546875 424.511719 0.0 0.0 0.0 0.0 0.0 0.0 0.0 0.918480
Person 0.0 0 0.0 1396.142578 39.089355 1438.857422 144.426270 0.0 0.0 0.0 0.0 0.0 0.0 0.0 0.923592
Person 0.0 0 0.0 1748.027344 230.251465 1820.097656 390.432129 0.0 0.0 0.0 0.0 0.0 0.0 0.0 0.923868
Person 0.0 0 0.0 1403.496094 138.757324 1474.628906 327.414551 0.0 0.0 0.0 0.0 0.0 0.0 0.0 0.929696
Person 0.0 0 0.0 1316.455078 20.928955 1359.169922 137.142334 0.0 0.0 0.0 0.0 0.0 0.0 0.0 0.932944
Person 0.0 0 0.0 245.830078 165.915527 332.607422 398.869629 0.0 0.0 0.0 0.0 0.0 0.0 0.0 0.933673
Person 0.0 0 0.0 1124.238281 317.460938 1255.136719 697.148438 0.0 0.0 0.0 0.0 0.0 0.0 0.0 0.937440
Person 0.0 0 0.0 1374.814453 283.710938 1488.310547 555.820312 0.0 0.0 0.0 0.0 0.0 0.0 0.0 0.939025
Person 0.0 0 0.0 1645.546875 313.044434 1757.578125 536.506348 0.0 0.0 0.0 0.0 0.0 0.0 0.0 0.941007
Person 0.0 0 0.0 546.035156 146.733398 628.652344 415.942383 0.0 0.0 0.0 0.0 0.0 0.0 0.0 0.942295
Person 0.0 0 0.0 1353.574219 151.611328 1417.675781 359.912109 0.0 0.0 0.0 0.0 0.0 0.0 0.0 0.943138
Person 0.0 0 0.0 580.078125 106.655273 643.359375 340.268555 0.0 0.0 0.0 0.0 0.0 0.0 0.0 0.944382
Person 0.0 0 0.0 657.626953 132.890625 738.310547 405.000000 0.0 0.0 0.0 0.0 0.0 0.0 0.0 0.948346
Person 0.0 0 0.0 1553.906250 193.337402 1624.218750 354.045410 0.0 0.0 0.0 0.0 0.0 0.0 0.0 0.951323
Person 0.0 0 0.0 1298.085938 181.208496 1377.539062 379.357910 0.0 0.0 0.0 0.0 0.0 0.0 0.0 0.952574
Person 0.0 0 0.0 1444.072266 148.908691 1529.677734 303.288574 0.0 0.0 0.0 0.0 0.0 0.0 0.0 0.954647
