Person 0.0 0 0.0 1652.636719 355.891113 1780.488281 608.093262 0.0 0.0 0.0 0.0 0.0 0.0 0.0 0.742422
Person 0.0 0 0.0 724.526367 51.086426 769.848633 250.026855 0.0 0.0 0.0 0.0 0.0 0.0 0.0 0.765593
Person 0.0 0 0.0 1380.483398 36.353760 1424.516602 156.522217 0.0 0.0 0.0 0.0 0.0 0.0 0.0 0.773901
Person 0.0 0 0.0 486.591797 179.165039 582.158203 456.284180 0.0 0.0 0.0 0.0 0.0 0.0 0.0 0.798187
Person 0.0 0 0.0 1761.679688 223.659668 1823.320312 379.621582 0.0 0.0 0.0 0.0 0.0 0.0 0.0 0.807461
Person 0.0 0 0.0 102.685547 168.222656 172.236328 312.714844 0.0 0.0 0.0 0.0 0.0 0.0 0.0 0.809276
Person 0.0 0 0.0 760.224609 20.500488 796.025391 231.306152 0.0 0.0 0.0 0.0 0.0 0.0 0.0 0.809878
Person 0.0 0 0.0 342.011719 139.548340 415.019531 406.252441 0.0 0.0 0.0 0.0 0.0 0.0 0.0 0.816991
Person 0.0 0 0.0 4.072266 155.170898 86.689453 348.442383 0.0 0.0 0.0 0.0 0.0 0.0 0.0 0.841305
Person 0.0 0 0.0 1389.931641 212.255859 1478.818359 480.146484 0.0 0.0 0.0 0.0 0.0 0.0 0.0 0.846958
Person 0.0 0 0.0 1452.070312 182.460938 1512.304688 409.218750 0.0 0.0 0.0 0.0 0.0 0.0 0.0 0.866585
Person 0.0 0 0.0 1542.656250 251.345215 1631.718750 491.154785 0.0 0.0 0.0 0.0 0.0 0.0 0.0 0.867934
Person 0.0 0 0.0 243.984375 156.687012 333.046875 391.750488 0.0 0.0 0.0 0.0 0.0 0.0 0.0 0.877896
Person 0.0 0 0.0 1297.382812 189.184570 1372.617188 382.456055 0.0 0.0 0.0 0.0 0.0 0.0 0.0 0.882022
Person 0.0 0 0.0 1267.500000 637.294922 1550.625000 1073.408203 0.0 0.0 0.0 0.0 0.0 0.0 0.0 0.892937
Person 0.0 0 0.0 476.748047 244.028320 589.189453 543.295898 0.0 0.0 0.0 0.0 0.0 0.0 0.0 0.918480
Person 0.0 0 0.0 1796.308594 248.840332 1863.691406 409.284668 0.0 0.0 0.0 0.0 0.0 0.0 0.0 0.936052
Person 0.0 0 0.0 1289.765625 250.488281 1434.609375 557.402344 0.0 0.0 0.0 0.0 0.0 0.0 0.0 0.938124
Person 0.0 0 0.0 658.300781 114.038086 718.886719 369.536133 0.0 0.0 0.0 0.0 0.0 0.0 0.0 0.945601
Person 0.0 0 0.0 574.716797 129.858398 651.533203 404.340820 0.0 0.0 0.0 0.0 0.0 0.0 0.0 0.946001
