Person 0.0 0 0.0 1845.615234 243.138428 1893.134766 377.545166 0.0 0.0 0.0 0.0 0.0 0.0 0.0 0.659295
Person 0.0 0 0.0 1302.832031 611.455078 1496.542969 929.443359 0.0 0.0 0.0 0.0 0.0 0.0 0.0 0.771155
Person 0.0 0 0.0 1753.828125 220.627441 1819.921875 366.306152 0.0 0.0 0.0 0.0 0.0 0.0 0.0 0.822760
Person 0.0 0 0.0 101.337891 168.684082 166.787109 304.606934 0.0 0.0 0.0 0.0 0.0 0.0 0.0 0.827828
Person 0.0 0 0.0 719.633789 50.954590 765.366211 250.158691 0.0 0.0 0.0 0.0 0.0 0.0 0.0 0.836555
Person 0.0 0 0.0 1249.804688 645.600586 1555.195312 1073.540039 0.0 0.0 0.0 0.0 0.0 0.0 0.0 0.872347
Person 0.0 0 0.0 342.773438 134.604492 411.914062 406.450195 0.0 0.0 0.0 0.0 0.0 0.0 0.0 0.877056
Person 0.0 0 0.0 1755.234375 240.139160 1831.640625 403.747559 0.0 0.0 0.0 0.0 0.0 0.0 0.0 0.879974
Person 0.0 0 0.0 14.912109 146.206055 94.072266 349.233398 0.0 0.0 0.0 0.0 0.0 0.0 0.0 0.897336
Person 0.0 0 0.0 757.895508 20.632324 802.104492 228.537598 0.0 0.0 0.0 0.0 0.0 0.0 0.0 0.900530
Person 0.0 0 0.0 1563.779297 179.428711 1659.345703 395.903320 0.0 0.0 0.0 0.0 0.0 0.0 0.0 0.901921
Person 0.0 0 0.0 1424.414062 96.306152 1504.335938 278.371582 0.0 0.0 0.0 0.0 0.0 0.0 0.0 0.902266
Person 0.0 0 0.0 268.828125 147.722168 349.921875 376.721191 0.0 0.0 0.0 0.0 0.0 0.0 0.0 0.910545
Person 0.0 0 0.0 1661.806641 208.828125 1726.318359 368.613281 0.0 0.0 0.0 0.0 0.0 0.0 0.0 0.935110
Person 0.0 0 0.0 1393.417969 38.759766 1435.957031 143.041992 0.0 0.0 0.0 0.0 0.0 0.0 0.0 0.942929
Person 0.0 0 0.0 1796.455078 254.443359 1863.544922 409.482422 0.0 0.0 0.0 0.0 0.0 0.0 0.0 0.945601
Person 0.0 0 0.0 636.503906 118.059082 732.246094 369.206543 0.0 0.0 0.0 0.0 0.0 0.0 0.0 0.947186
Person 0.0 0 0.0 1291.816406 251.081543 1425.058594 503.547363 0.0 0.0 0.0 0.0 0.0 0.0 0.0 0.951504
Person 0.0 0 0.0 575.185547 146.601562 663.251953 419.238281 0.0 0.0 0.0 0.0 0.0 0.0 0.0 0.954478
Person 0.0 0 0.0 1326.196289 35.167236 1362.553711 166.146240 0.0 0.0 0.0 0.0 0.0 0.0 0.0 0.958226
