Person 0.0 0 0.0 701.030273 45.549316 750.219727 238.161621 0.0 0.0 0.0 0.0 0.0 0.0 0.0 0.744656
Person 0.0 0 0.0 963.310547 231.372070 1071.064453 413.569336 0.0 0.0 0.0 0.0 0.0 0.0 0.0 0.762070
Person 0.0 0 0.0 1769.677734 328.798828 1879.072266 512.841797 0.0 0.0 0.0 0.0 0.0 0.0 0.0 0.806243
Person 0.0 0 0.0 1139.765625 675.791016 1320.234375 1076.044922 0.0 0.0 0.0 0.0 0.0 0.0 0.0 0.869271
Person 0.0 0 0.0 648.427734 123.464355 712.822266 378.303223 0.0 0.0 0.0 0.0 0.0 0.0 0.0 0.881207
Person 0.0 0 0.0 743.994141 16.875000 795.380859 223.857422 0.0 0.0 0.0 0.0 0.0 0.0 0.0 0.893681
Person 0.0 0 0.0 488.496094 107.380371 552.128906 350.617676 0.0 0.0 0.0 0.0 0.0 0.0 0.0 0.900530
Person 0.0 0 0.0 1340.859375 30.618896 1385.390625 149.337158 0.0 0.0 0.0 0.0 0.0 0.0 0.0 0.915809
Person 0.0 0 0.0 1348.007812 152.600098 1423.242188 362.087402 0.0 0.0 0.0 0.0 0.0 0.0 0.0 0.918187
Person 0.0 0 0.0 1707.480469 279.689941 1787.519531 454.372559 0.0 0.0 0.0 0.0 0.0 0.0 0.0 0.925500
Person 0.0 0 0.0 1396.098633 39.023438 1438.901367 146.074219 0.0 0.0 0.0 0.0 0.0 0.0 0.0 0.926037
Person 0.0 0 0.0 535.166016 129.792480 606.708984 396.496582 0.0 0.0 0.0 0.0 0.0 0.0 0.0 0.926570
Person 0.0 0 0.0 1407.949219 138.889160 1475.800781 333.874512 0.0 0.0 0.0 0.0 0.0 0.0 0.0 0.934634
Person 0.0 0 0.0 1518.515625 823.645020 1788.984375 1072.683105 0.0 0.0 0.0 0.0 0.0 0.0 0.0 0.936518
Person 0.0 0 0.0 1117.558594 321.679688 1248.691406 698.730469 0.0 0.0 0.0 0.0 0.0 0.0 0.0 0.938801
Person 0.0 0 0.0 1298.598633 176.857910 1356.401367 380.544434 0.0 0.0 0.0 0.0 0.0 0.0 0.0 0.939025
Person 0.0 0 0.0 1787.783203 249.038086 1860.966797 407.504883 0.0 0.0 0.0 0.0 0.0 0.0 0.0 0.941439
Person 0.0 0 0.0 1491.181641 122.014160 1574.443359 274.284668 0.0 0.0 0.0 0.0 0.0 0.0 0.0 0.942929
Person 0.0 0 0.0 1532.460938 187.272949 1606.289062 368.547363 0.0 0.0 0.0 0.0 0.0 0.0 0.0 0.959001
Person 0.0 0 0.0 1442.783203 147.458496 1523.466797 316.867676 0.0 0.0 0.0 0.0 0.0 0.0 0.0 0.960805
