Person 0.0 0 0.0 96.210938 165.454102 162.304688 313.374023 0.0 0.0 0.0 0.0 0.0 0.0 0.0 0.892937
Person 0.0 0 0.0 973.330078 229.724121 1068.544922 422.072754 0.0 0.0 0.0 0.0 0.0 0.0 0.0 0.895888
Person 0.0 0 0.0 679.790039 1.977539 727.397461 126.364746 0.0 0.0 0.0 0.0 0.0 0.0 0.0 0.898411
Person 0.0 0 0.0 1504.335938 122.475586 1565.039062 264.067383 0.0 0.0 0.0 0.0 0.0 0.0 0.0 0.906653
Person 0.0 0 0.0 298.271484 150.424805 385.166016 424.907227 0.0 0.0 0.0 0.0 0.0 0.0 0.0 0.915507
Person 0.0 0 0.0 577.910156 107.578125 639.902344 340.664062 0.0 0.0 0.0 0.0 0.0 0.0 0.0 0.915809
Person 0.0 0 0.0 244.746094 167.431641 331.816406 400.517578 0.0 0.0 0.0 0.0 0.0 0.0 0.0 0.922203
Person 0.0 0 0.0 1349.677734 157.807617 1427.197266 361.889648 0.0 0.0 0.0 0.0 0.0 0.0 0.0 0.924142
Person 0.0 0 0.0 1295.097656 173.891602 1350.527344 366.108398 0.0 0.0 0.0 0.0 0.0 0.0 0.0 0.927626
Person 0.0 0 0.0 1411.757812 138.625488 1473.867188 334.665527 0.0 0.0 0.0 0.0 0.0 0.0 0.0 0.930458
Person 0.0 0 0.0 1645.253906 311.660156 1757.871094 536.308594 0.0 0.0 0.0 0.0 0.0 0.0 0.0 0.931213
Person 0.0 0 0.0 1118.613281 323.789062 1251.386719 697.148438 0.0 0.0 0.0 0.0 0.0 0.0 0.0 0.931960
Person 0.0 0 0.0 1396.347656 39.122314 1438.652344 143.734131 0.0 0.0 0.0 0.0 0.0 0.0 0.0 0.933431
Person 0.0 0 0.0 537.158203 127.814941 605.654297 392.937012 0.0 0.0 0.0 0.0 0.0 0.0 0.0 0.937897
Person 0.0 0 0.0 1462.646484 233.942871 1548.603516 464.260254 0.0 0.0 0.0 0.0 0.0 0.0 0.0 0.942929
Person 0.0 0 0.0 1316.938477 21.588135 1360.561523 137.010498 0.0 0.0 0.0 0.0 0.0 0.0 0.0 0.945801
Person 0.0 0 0.0 667.968750 113.708496 749.531250 367.229004 0.0 0.0 0.0 0.0 0.0 0.0 0.0 0.955981
Person 0.0 0 0.0 1752.861328 275.800781 1830.263672 435.058594 0.0 0.0 0.0 0.0 0.0 0.0 0.0 0.962533
Person 0.0 0 0.0 1442.197266 148.908691 1527.802734 316.999512 0.0 0.0 0.0 0.0 0.0 0.0 0.0 0.967899
Person 0.0 0 0.0 1568.320312 205.861816 1656.679688 393.728027 0.0 0.0 0.0 0.0 0.0 0.0 0.0 0.971779
