Person 0.0 0 0.0 1341.240234 41.000977 1381.259766 154.248047 0.0 0.0 0.0 0.0 0.0 0.0 0.0 0.819893
Person 0.0 0 0.0 1406.733398 38.463135 1437.641602 109.061279 0.0 0.0 0.0 0.0 0.0 0.0 0.0 0.836555
Person 0.0 0 0.0 1252.236328 240.468750 1344.638672 497.812500 0.0 0.0 0.0 0.0 0.0 0.0 0.0 0.849971
Person 0.0 0 0.0 712.514648 52.338867 761.235352 247.456055 0.0 0.0 0.0 0.0 0.0 0.0 0.0 0.863392
Person 0.0 0 0.0 1666.376953 214.497070 1723.623047 366.635742 0.0 0.0 0.0 0.0 0.0 0.0 0.0 0.867036
Person 0.0 0 0.0 1250.273438 645.996094 1554.726562 1074.199219 0.0 0.0 0.0 0.0 0.0 0.0 0.0 0.871037
Person 0.0 0 0.0 1554.257812 175.737305 1644.492188 376.391602 0.0 0.0 0.0 0.0 0.0 0.0 0.0 0.872347
Person 0.0 0 0.0 1355.888672 151.413574 1426.611328 362.219238 0.0 0.0 0.0 0.0 0.0 0.0 0.0 0.897695
Person 0.0 0 0.0 756.401367 20.830078 797.973633 231.372070 0.0 0.0 0.0 0.0 0.0 0.0 0.0 0.898053
Person 0.0 0 0.0 1370.478516 93.339844 1442.021484 218.583984 0.0 0.0 0.0 0.0 0.0 0.0 0.0 0.902610
Person 0.0 0 0.0 1752.773438 225.109863 1822.851562 392.409668 0.0 0.0 0.0 0.0 0.0 0.0 0.0 0.903294
Person 0.0 0 0.0 334.218750 133.022461 408.750000 407.504883 0.0 0.0 0.0 0.0 0.0 0.0 0.0 0.910227
Person 0.0 0 0.0 17.138672 143.898926 93.544922 348.640137 0.0 0.0 0.0 0.0 0.0 0.0 0.0 0.912436
Person 0.0 0 0.0 1291.728516 91.625977 1365.146484 255.366211 0.0 0.0 0.0 0.0 0.0 0.0 0.0 0.920218
Person 0.0 0 0.0 1797.070312 249.763184 1864.804688 409.416504 0.0 0.0 0.0 0.0 0.0 0.0 0.0 0.937211
Person 0.0 0 0.0 277.353516 142.712402 350.771484 376.193848 0.0 0.0 0.0 0.0 0.0 0.0 0.0 0.941439
Person 0.0 0 0.0 571.025391 139.152832 645.849609 405.065918 0.0 0.0 0.0 0.0 0.0 0.0 0.0 0.944382
Person 0.0 0 0.0 1454.121094 155.104980 1547.753906 359.582520 0.0 0.0 0.0 0.0 0.0 0.0 0.0 0.952220
Person 0.0 0 0.0 651.972656 118.454590 734.589844 375.402832 0.0 0.0 0.0 0.0 0.0 0.0 0.0 0.960212
Person 0.0 0 0.0 1436.455078 115.949707 1503.544922 287.731934 0.0 0.0 0.0 0.0 0.0 0.0 0.0 0.964052
