Person 0.0 0 0.0 1056.093750 320.954590 1160.156250 575.002441 0.0 0.0 0.0 0.0 0.0 0.0 0.0 0.869715
Person 0.0 0 0.0 1417.807617 138.164062 1473.442383 334.863281 0.0 0.0 0.0 0.0 0.0 0.0 0.0 0.889144
Person 0.0 0 0.0 642.333984 256.684570 756.416016 586.538086 0.0 0.0 0.0 0.0 0.0 0.0 0.0 0.889529
Person 0.0 0 0.0 297.919922 158.796387 392.080078 422.863770 0.0 0.0 0.0 0.0 0.0 0.0 0.0 0.894052
Person 0.0 0 0.0 1257.890625 639.404297 1554.609375 1073.408203 0.0 0.0 0.0 0.0 0.0 0.0 0.0 0.894421
Person 0.0 0 0.0 244.658203 161.037598 332.373047 399.528809 0.0 0.0 0.0 0.0 0.0 0.0 0.0 0.902952
Person 0.0 0 0.0 1602.011719 285.161133 1705.488281 520.620117 0.0 0.0 0.0 0.0 0.0 0.0 0.0 0.906653
Person 0.0 0 0.0 702.333984 45.417480 746.103516 240.139160 0.0 0.0 0.0 0.0 0.0 0.0 0.0 0.907312
Person 0.0 0 0.0 745.195312 18.720703 795.117188 223.725586 0.0 0.0 0.0 0.0 0.0 0.0 0.0 0.914596
Person 0.0 0 0.0 1296.782227 63.281250 1348.842773 217.792969 0.0 0.0 0.0 0.0 0.0 0.0 0.0 0.915809
Person 0.0 0 0.0 665.522461 114.038086 723.852539 303.881836 0.0 0.0 0.0 0.0 0.0 0.0 0.0 0.916110
Person 0.0 0 0.0 1346.118164 28.542480 1380.131836 151.018066 0.0 0.0 0.0 0.0 0.0 0.0 0.0 0.918187
Person 0.0 0 0.0 1752.246094 221.879883 1821.503906 393.002930 0.0 0.0 0.0 0.0 0.0 0.0 0.0 0.919643
Person 0.0 0 0.0 533.759766 127.221680 598.740234 387.202148 0.0 0.0 0.0 0.0 0.0 0.0 0.0 0.921358
Person 0.0 0 0.0 1255.957031 268.022461 1370.917969 596.821289 0.0 0.0 0.0 0.0 0.0 0.0 0.0 0.929951
Person 0.0 0 0.0 1396.582031 39.517822 1438.417969 140.701904 0.0 0.0 0.0 0.0 0.0 0.0 0.0 0.930458
Person 0.0 0 0.0 1364.384766 161.235352 1431.240234 363.208008 0.0 0.0 0.0 0.0 0.0 0.0 0.0 0.933915
Person 0.0 0 0.0 1492.426758 118.784180 1548.823242 274.086914 0.0 0.0 0.0 0.0 0.0 0.0 0.0 0.941223
Person 0.0 0 0.0 1786.230469 248.115234 1860.644531 408.427734 0.0 0.0 0.0 0.0 0.0 0.0 0.0 0.950595
Person 0.0 0 0.0 1441.552734 141.196289 1505.947266 316.538086 0.0 0.0 0.0 0.0 0.0 0.0 0.0 0.952926
