Person 0.0 0 0.0 1357.558594 79.497070 1424.941406 210.805664 0.0 0.0 0.0 0.0 0.0 0.0 0.0 0.777975
Person 0.0 0 0.0 99.902344 123.925781 171.035156 325.371094 0.0 0.0 0.0 0.0 0.0 0.0 0.0 0.838151
Person 0.0 0 0.0 1805.449219 262.353516 1871.425781 410.009766 0.0 0.0 0.0 0.0 0.0 0.0 0.0 0.841305
Person 0.0 0 0.0 1787.636719 333.874512 1887.363281 528.859863 0.0 0.0 0.0 0.0 0.0 0.0 0.0 0.848471
Person 0.0 0 0.0 717.583008 48.713379 767.416992 250.554199 0.0 0.0 0.0 0.0 0.0 0.0 0.0 0.862930
Person 0.0 0 0.0 759.184570 20.961914 804.565430 229.526367 0.0 0.0 0.0 0.0 0.0 0.0 0.0 0.864310
Person 0.0 0 0.0 1580.419922 198.347168 1697.080078 405.461426 0.0 0.0 0.0 0.0 0.0 0.0 0.0 0.877896
Person 0.0 0 0.0 259.804688 153.786621 350.039062 375.666504 0.0 0.0 0.0 0.0 0.0 0.0 0.0 0.903294
Person 0.0 0 0.0 311.367188 131.308594 423.164062 395.771484 0.0 0.0 0.0 0.0 0.0 0.0 0.0 0.904313
Person 0.0 0 0.0 1259.765625 667.221680 1590.234375 1073.012695 0.0 0.0 0.0 0.0 0.0 0.0 0.0 0.910863
Person 0.0 0 0.0 1156.406250 269.077148 1260.468750 591.020508 0.0 0.0 0.0 0.0 0.0 0.0 0.0 0.912124
Person 0.0 0 0.0 619.980469 239.677734 722.519531 574.541016 0.0 0.0 0.0 0.0 0.0 0.0 0.0 0.915507
Person 0.0 0 0.0 1489.306641 273.625488 1587.568359 478.894043 0.0 0.0 0.0 0.0 0.0 0.0 0.0 0.919643
Person 0.0 0 0.0 1403.085938 216.870117 1495.664062 451.274414 0.0 0.0 0.0 0.0 0.0 0.0 0.0 0.923316
Person 0.0 0 0.0 580.664062 708.750000 760.898438 1074.726562 0.0 0.0 0.0 0.0 0.0 0.0 0.0 0.927626
Person 0.0 0 0.0 1302.773438 612.509766 1509.726562 947.373047 0.0 0.0 0.0 0.0 0.0 0.0 0.0 0.930205
Person 0.0 0 0.0 1672.558594 239.809570 1758.691406 427.280273 0.0 0.0 0.0 0.0 0.0 0.0 0.0 0.934634
Person 0.0 0 0.0 1440.058594 102.963867 1507.441406 267.495117 0.0 0.0 0.0 0.0 0.0 0.0 0.0 0.938576
Person 0.0 0 0.0 1754.970703 237.568359 1828.154297 401.044922 0.0 0.0 0.0 0.0 0.0 0.0 0.0 0.940134
Person 0.0 0 0.0 1390.312500 85.231934 1454.062500 237.502441 0.0 0.0 0.0 0.0 0.0 0.0 0.0 0.964187
