Person 0.0 0 0.0 488.173828 108.369141 559.013672 353.320312 0.0 0.0 0.0 0.0 0.0 0.0 0.0 0.882833
Person 0.0 0 0.0 1741.523438 223.857422 1804.101562 375.732422 0.0 0.0 0.0 0.0 0.0 0.0 0.0 0.885632
Person 0.0 0 0.0 640.502930 88.264160 694.497070 334.138184 0.0 0.0 0.0 0.0 0.0 0.0 0.0 0.887595
Person 0.0 0 0.0 1575.234375 800.771484 1816.640625 1073.408203 0.0 0.0 0.0 0.0 0.0 0.0 0.0 0.891055
Person 0.0 0 0.0 303.632812 155.039062 383.085938 441.386719 0.0 0.0 0.0 0.0 0.0 0.0 0.0 0.891434
Person 0.0 0 0.0 1691.542969 195.314941 1765.957031 334.401855 0.0 0.0 0.0 0.0 0.0 0.0 0.0 0.895523
Person 0.0 0 0.0 1424.868164 45.944824 1466.381836 153.918457 0.0 0.0 0.0 0.0 0.0 0.0 0.0 0.908942
Person 0.0 0 0.0 1207.031250 263.671875 1341.093750 633.867188 0.0 0.0 0.0 0.0 0.0 0.0 0.0 0.919931
Person 0.0 0 0.0 1783.183594 234.470215 1850.566406 405.197754 0.0 0.0 0.0 0.0 0.0 0.0 0.0 0.937897
Person 0.0 0 0.0 1317.246094 183.581543 1384.628906 376.984863 0.0 0.0 0.0 0.0 0.0 0.0 0.0 0.938350
Person 0.0 0 0.0 246.328125 166.047363 332.109375 401.374512 0.0 0.0 0.0 0.0 0.0 0.0 0.0 0.939913
Person 0.0 0 0.0 710.097656 158.598633 805.839844 442.573242 0.0 0.0 0.0 0.0 0.0 0.0 0.0 0.943348
Person 0.0 0 0.0 1364.531250 164.201660 1440.468750 372.634277 0.0 0.0 0.0 0.0 0.0 0.0 0.0 0.944995
Person 0.0 0 0.0 597.509766 163.344727 681.240234 443.627930 0.0 0.0 0.0 0.0 0.0 0.0 0.0 0.945801
Person 0.0 0 0.0 1391.088867 37.309570 1434.536133 155.170898 0.0 0.0 0.0 0.0 0.0 0.0 0.0 0.950041
Person 0.0 0 0.0 724.687500 0.000000 785.625000 183.581543 0.0 0.0 0.0 0.0 0.0 0.0 0.0 0.950227
Person 0.0 0 0.0 1359.902344 428.466797 1538.847656 798.134766 0.0 0.0 0.0 0.0 0.0 0.0 0.0 0.952926
Person 0.0 0 0.0 1590.820312 185.229492 1656.679688 338.686523 0.0 0.0 0.0 0.0 0.0 0.0 0.0 0.960361
Person 0.0 0 0.0 1441.318359 146.140137 1511.806641 345.080566 0.0 0.0 0.0 0.0 0.0 0.0 0.0 0.961389
Person 0.0 0 0.0 1535.859375 183.120117 1614.140625 379.555664 0.0 0.0 0.0 0.0 0.0 0.0 0.0 0.968620
