Person 0.0 0 0.0 1361.997070 74.981689 1398.002930 148.743896 0.0 0.0 0.0 0.0 0.0 0.0 0.0 0.501953
Person 0.0 0 0.0 632.431641 117.070312 717.568359 366.240234 0.0 0.0 0.0 0.0 0.0 0.0 0.0 0.519521
Person 0.0 0 0.0 1848.295898 248.016357 1894.204102 378.995361 0.0 0.0 0.0 0.0 0.0 0.0 0.0 0.579400
Person 0.0 0 0.0 1758.984375 357.407227 1916.015625 654.565430 0.0 0.0 0.0 0.0 0.0 0.0 0.0 0.651355
Person 0.0 0 0.0 1301.308594 612.377930 1490.566406 929.575195 0.0 0.0 0.0 0.0 0.0 0.0 0.0 0.737158
Person 0.0 0 0.0 1289.589844 72.443848 1337.285156 249.235840 0.0 0.0 0.0 0.0 0.0 0.0 0.0 0.742422
Person 0.0 0 0.0 724.130859 49.504395 765.556641 246.862793 0.0 0.0 0.0 0.0 0.0 0.0 0.0 0.793106
Person 0.0 0 0.0 101.806641 168.354492 166.787109 304.409180 0.0 0.0 0.0 0.0 0.0 0.0 0.0 0.794385
Person 0.0 0 0.0 313.535156 131.308594 410.683594 407.109375 0.0 0.0 0.0 0.0 0.0 0.0 0.0 0.816991
Person 0.0 0 0.0 1249.687500 647.709961 1549.687500 1073.540039 0.0 0.0 0.0 0.0 0.0 0.0 0.0 0.867934
Person 0.0 0 0.0 1590.468750 186.613770 1666.406250 356.550293 0.0 0.0 0.0 0.0 0.0 0.0 0.0 0.870157
Person 0.0 0 0.0 18.339844 146.206055 94.863281 348.442383 0.0 0.0 0.0 0.0 0.0 0.0 0.0 0.872782
Person 0.0 0 0.0 758.979492 20.961914 800.083008 228.603516 0.0 0.0 0.0 0.0 0.0 0.0 0.0 0.881207
Person 0.0 0 0.0 282.539062 141.789551 352.617188 375.270996 0.0 0.0 0.0 0.0 0.0 0.0 0.0 0.908618
Person 0.0 0 0.0 1748.671875 255.498047 1811.953125 423.720703 0.0 0.0 0.0 0.0 0.0 0.0 0.0 0.940353
Person 0.0 0 0.0 1400.361328 39.056396 1436.513672 142.745361 0.0 0.0 0.0 0.0 0.0 0.0 0.0 0.943764
Person 0.0 0 0.0 1310.361328 225.834961 1414.013672 474.477539 0.0 0.0 0.0 0.0 0.0 0.0 0.0 0.946990
Person 0.0 0 0.0 1592.607422 202.368164 1686.767578 411.459961 0.0 0.0 0.0 0.0 0.0 0.0 0.0 0.950960
Person 0.0 0 0.0 646.552734 157.675781 736.259766 442.441406 0.0 0.0 0.0 0.0 0.0 0.0 0.0 0.954478
Person 0.0 0 0.0 1794.550781 248.642578 1863.574219 408.427734 0.0 0.0 0.0 0.0 0.0 0.0 0.0 0.959913
