Person 0.0 0 0.0 378.457031 163.212891 483.105469 437.431641 0.0 0.0 0.0 0.0 0.0 0.0 0.0 0.832237
Person 0.0 0 0.0 659.003906 0.065918 730.371094 167.365723 0.0 0.0 0.0 0.0 0.0 0.0 0.0 0.851953
Person 0.0 0 0.0 304.746094 153.852539 381.972656 441.518555 0.0 0.0 0.0 0.0 0.0 0.0 0.0 0.868381
Person 0.0 0 0.0 713.115234 47.658691 764.384766 206.257324 0.0 0.0 0.0 0.0 0.0 0.0 0.0 0.874507
Person 0.0 0 0.0 1575.820312 797.871094 1819.804688 1073.144531 0.0 0.0 0.0 0.0 0.0 0.0 0.0 0.883236
Person 0.0 0 0.0 1782.568359 236.447754 1849.306641 404.802246 0.0 0.0 0.0 0.0 0.0 0.0 0.0 0.894789
Person 0.0 0 0.0 1570.283203 160.345459 1607.841797 282.623291 0.0 0.0 0.0 0.0 0.0 0.0 0.0 0.919643
Person 0.0 0 0.0 597.099609 159.653320 675.087891 443.100586 0.0 0.0 0.0 0.0 0.0 0.0 0.0 0.920790
Person 0.0 0 0.0 1187.402344 250.092773 1341.972656 582.583008 0.0 0.0 0.0 0.0 0.0 0.0 0.0 0.922482
Person 0.0 0 0.0 245.214844 163.740234 331.347656 401.572266 0.0 0.0 0.0 0.0 0.0 0.0 0.0 0.924142
Person 0.0 0 0.0 1438.828125 364.921875 1615.546875 709.804688 0.0 0.0 0.0 0.0 0.0 0.0 0.0 0.926570
Person 0.0 0 0.0 1421.308594 144.558105 1488.691406 336.115723 0.0 0.0 0.0 0.0 0.0 0.0 0.0 0.936749
Person 0.0 0 0.0 1361.337891 163.146973 1445.537109 370.261230 0.0 0.0 0.0 0.0 0.0 0.0 0.0 0.942082
Person 0.0 0 0.0 1391.132812 36.815186 1434.492188 153.687744 0.0 0.0 0.0 0.0 0.0 0.0 0.0 0.942507
Person 0.0 0 0.0 708.896484 159.653320 802.353516 443.100586 0.0 0.0 0.0 0.0 0.0 0.0 0.0 0.952574
Person 0.0 0 0.0 1591.582031 185.031738 1654.042969 338.884277 0.0 0.0 0.0 0.0 0.0 0.0 0.0 0.957596
Person 0.0 0 0.0 1361.660156 425.039062 1540.839844 797.343750 0.0 0.0 0.0 0.0 0.0 0.0 0.0 0.960063
Person 0.0 0 0.0 1502.197266 237.568359 1587.802734 421.083984 0.0 0.0 0.0 0.0 0.0 0.0 0.0 0.960510
Person 0.0 0 0.0 1461.445312 154.511719 1527.304688 323.525391 0.0 0.0 0.0 0.0 0.0 0.0 0.0 0.960805
Person 0.0 0 0.0 1422.509766 44.659424 1464.990234 157.708740 0.0 0.0 0.0 0.0 0.0 0.0 0.0 0.961534
