Person 0.0 0 0.0 233.818359 174.748535 332.431641 400.583496 0.0 0.0 0.0 0.0 0.0 0.0 0.0 0.742422
Person 0.0 0 0.0 17.343750 146.403809 87.011719 348.244629 0.0 0.0 0.0 0.0 0.0 0.0 0.0 0.748352
Person 0.0 0 0.0 754.467773 18.259277 797.094727 224.582520 0.0 0.0 0.0 0.0 0.0 0.0 0.0 0.830044
Person 0.0 0 0.0 719.033203 47.658691 771.591797 243.435059 0.0 0.0 0.0 0.0 0.0 0.0 0.0 0.839208
Person 0.0 0 0.0 1352.534180 32.860107 1398.090820 163.179932 0.0 0.0 0.0 0.0 0.0 0.0 0.0 0.857291
Person 0.0 0 0.0 1753.652344 230.515137 1814.472656 392.805176 0.0 0.0 0.0 0.0 0.0 0.0 0.0 0.869271
Person 0.0 0 0.0 1095.703125 285.292969 1218.046875 597.480469 0.0 0.0 0.0 0.0 0.0 0.0 0.0 0.870597
Person 0.0 0 0.0 507.597656 96.240234 565.839844 339.082031 0.0 0.0 0.0 0.0 0.0 0.0 0.0 0.871912
Person 0.0 0 0.0 341.982422 144.624023 421.611328 422.797852 0.0 0.0 0.0 0.0 0.0 0.0 0.0 0.882833
Person 0.0 0 0.0 1602.304688 285.227051 1703.320312 520.554199 0.0 0.0 0.0 0.0 0.0 0.0 0.0 0.885235
Person 0.0 0 0.0 666.503906 113.378906 720.996094 377.314453 0.0 0.0 0.0 0.0 0.0 0.0 0.0 0.888759
Person 0.0 0 0.0 433.740234 157.807617 525.322266 428.071289 0.0 0.0 0.0 0.0 0.0 0.0 0.0 0.891811
Person 0.0 0 0.0 1353.486328 141.196289 1425.263672 360.571289 0.0 0.0 0.0 0.0 0.0 0.0 0.0 0.906322
Person 0.0 0 0.0 1245.234375 218.188477 1338.515625 514.291992 0.0 0.0 0.0 0.0 0.0 0.0 0.0 0.908293
Person 0.0 0 0.0 1414.042969 142.976074 1488.457031 340.334473 0.0 0.0 0.0 0.0 0.0 0.0 0.0 0.912124
Person 0.0 0 0.0 1786.904297 250.949707 1861.845703 408.229980 0.0 0.0 0.0 0.0 0.0 0.0 0.0 0.921074
Person 0.0 0 0.0 1267.148438 639.799805 1550.976562 1073.012695 0.0 0.0 0.0 0.0 0.0 0.0 0.0 0.923316
Person 0.0 0 0.0 546.357422 131.770020 633.955078 385.554199 0.0 0.0 0.0 0.0 0.0 0.0 0.0 0.926835
Person 0.0 0 0.0 1276.406250 299.531250 1474.218750 624.375000 0.0 0.0 0.0 0.0 0.0 0.0 0.0 0.934634
Person 0.0 0 0.0 1494.418945 117.993164 1550.581055 274.086914 0.0 0.0 0.0 0.0 0.0 0.0 0.0 0.936518
