Person 0.0 0 0.0 753.222656 16.940918 800.214844 224.187012 0.0 0.0 0.0 0.0 0.0 0.0 0.0 0.841305
Person 0.0 0 0.0 1386.694336 36.749268 1425.805664 149.403076 0.0 0.0 0.0 0.0 0.0 0.0 0.0 0.842345
Person 0.0 0 0.0 1633.183594 334.599609 1753.066406 567.685547 0.0 0.0 0.0 0.0 0.0 0.0 0.0 0.854399
Person 0.0 0 0.0 339.755859 146.733398 421.494141 422.797852 0.0 0.0 0.0 0.0 0.0 0.0 0.0 0.867485
Person 0.0 0 0.0 419.267578 99.602051 506.513672 327.546387 0.0 0.0 0.0 0.0 0.0 0.0 0.0 0.876634
Person 0.0 0 0.0 1267.382812 641.777344 1558.242188 1073.144531 0.0 0.0 0.0 0.0 0.0 0.0 0.0 0.882022
Person 0.0 0 0.0 2.958984 154.511719 85.283203 348.310547 0.0 0.0 0.0 0.0 0.0 0.0 0.0 0.890675
Person 0.0 0 0.0 101.835938 169.277344 164.179688 328.798828 0.0 0.0 0.0 0.0 0.0 0.0 0.0 0.896976
Person 0.0 0 0.0 1752.568359 223.527832 1823.056641 392.409668 0.0 0.0 0.0 0.0 0.0 0.0 0.0 0.901575
Person 0.0 0 0.0 518.671875 107.709961 587.578125 345.541992 0.0 0.0 0.0 0.0 0.0 0.0 0.0 0.902610
Person 0.0 0 0.0 1168.183594 290.039062 1318.066406 574.804688 0.0 0.0 0.0 0.0 0.0 0.0 0.0 0.919063
Person 0.0 0 0.0 1278.046875 298.740234 1474.453125 623.056641 0.0 0.0 0.0 0.0 0.0 0.0 0.0 0.919931
Person 0.0 0 0.0 1295.419922 187.932129 1374.580078 382.653809 0.0 0.0 0.0 0.0 0.0 0.0 0.0 0.926570
Person 0.0 0 0.0 1537.558594 160.905762 1599.316406 335.588379 0.0 0.0 0.0 0.0 0.0 0.0 0.0 0.927363
Person 0.0 0 0.0 1125.498047 205.400391 1225.751953 518.115234 0.0 0.0 0.0 0.0 0.0 0.0 0.0 0.927888
Person 0.0 0 0.0 1436.088867 137.109375 1494.536133 303.222656 0.0 0.0 0.0 0.0 0.0 0.0 0.0 0.940353
Person 0.0 0 0.0 1795.253906 248.312988 1862.871094 409.284668 0.0 0.0 0.0 0.0 0.0 0.0 0.0 0.943348
Person 0.0 0 0.0 1355.947266 151.083984 1428.427734 363.867188 0.0 0.0 0.0 0.0 0.0 0.0 0.0 0.946794
Person 0.0 0 0.0 1466.894531 139.350586 1529.355469 341.586914 0.0 0.0 0.0 0.0 0.0 0.0 0.0 0.950960
Person 0.0 0 0.0 570.996094 132.561035 638.378906 394.782715 0.0 0.0 0.0 0.0 0.0 0.0 0.0 0.951863
