Person 0.0 0 0.0 861.386719 298.212891 942.363281 631.494141 0.0 0.0 0.0 0.0 0.0 0.0 0.0 0.648689
Person 0.0 0 0.0 666.386719 47.658691 769.863281 217.727051 0.0 0.0 0.0 0.0 0.0 0.0 0.0 0.679179
Person 0.0 0 0.0 756.269531 20.961914 799.980469 176.791992 0.0 0.0 0.0 0.0 0.0 0.0 0.0 0.734881
Person 0.0 0 0.0 14.238281 146.403809 94.570312 349.035645 0.0 0.0 0.0 0.0 0.0 0.0 0.0 0.784649
Person 0.0 0 0.0 345.000000 130.319824 422.812500 394.387207 0.0 0.0 0.0 0.0 0.0 0.0 0.0 0.809276
Person 0.0 0 0.0 510.439453 290.434570 616.435547 632.944336 0.0 0.0 0.0 0.0 0.0 0.0 0.0 0.840259
Person 0.0 0 0.0 268.125000 146.469727 350.156250 376.391602 0.0 0.0 0.0 0.0 0.0 0.0 0.0 0.843380
Person 0.0 0 0.0 1753.359375 223.527832 1822.265625 370.788574 0.0 0.0 0.0 0.0 0.0 0.0 0.0 0.879974
Person 0.0 0 0.0 1441.582031 102.172852 1504.042969 245.610352 0.0 0.0 0.0 0.0 0.0 0.0 0.0 0.891434
Person 0.0 0 0.0 1671.445312 243.830566 1759.804688 428.005371 0.0 0.0 0.0 0.0 0.0 0.0 0.0 0.897336
Person 0.0 0 0.0 1258.945312 641.777344 1549.804688 1073.144531 0.0 0.0 0.0 0.0 0.0 0.0 0.0 0.913677
Person 0.0 0 0.0 605.449219 207.377930 729.550781 511.918945 0.0 0.0 0.0 0.0 0.0 0.0 0.0 0.919353
Person 0.0 0 0.0 1588.798828 201.313477 1696.201172 405.659180 0.0 0.0 0.0 0.0 0.0 0.0 0.0 0.922203
Person 0.0 0 0.0 1805.625000 261.562500 1873.125000 409.218750 0.0 0.0 0.0 0.0 0.0 0.0 0.0 0.926304
Person 0.0 0 0.0 1373.583984 211.926270 1480.166016 411.921387 0.0 0.0 0.0 0.0 0.0 0.0 0.0 0.941223
Person 0.0 0 0.0 1329.433594 156.555176 1419.316406 359.978027 0.0 0.0 0.0 0.0 0.0 0.0 0.0 0.943556
Person 0.0 0 0.0 1757.490234 245.808105 1842.509766 405.988770 0.0 0.0 0.0 0.0 0.0 0.0 0.0 0.945801
Person 0.0 0 0.0 1237.265625 372.700195 1389.609375 708.354492 0.0 0.0 0.0 0.0 0.0 0.0 0.0 0.946200
Person 0.0 0 0.0 722.812500 151.545410 804.375000 414.294434 0.0 0.0 0.0 0.0 0.0 0.0 0.0 0.952397
Person 0.0 0 0.0 1291.025391 115.883789 1375.224609 288.852539 0.0 0.0 0.0 0.0 0.0 0.0 0.0 0.959154
