Person 0.0 0 0.0 1252.851562 237.304688 1349.648438 496.757812 0.0 0.0 0.0 0.0 0.0 0.0 0.0 0.821617
Person 0.0 0 0.0 1406.982422 39.122314 1437.392578 113.807373 0.0 0.0 0.0 0.0 0.0 0.0 0.0 0.828384
Person 0.0 0 0.0 1250.976562 659.311523 1527.773438 1073.540039 0.0 0.0 0.0 0.0 0.0 0.0 0.0 0.835484
Person 0.0 0 0.0 1350.791016 43.209229 1388.583984 141.888428 0.0 0.0 0.0 0.0 0.0 0.0 0.0 0.842863
Person 0.0 0 0.0 91.904297 169.936523 157.236328 305.727539 0.0 0.0 0.0 0.0 0.0 0.0 0.0 0.845942
Person 0.0 0 0.0 1658.012695 202.302246 1709.487305 365.646973 0.0 0.0 0.0 0.0 0.0 0.0 0.0 0.873647
Person 0.0 0 0.0 319.511719 139.482422 400.957031 406.318359 0.0 0.0 0.0 0.0 0.0 0.0 0.0 0.882833
Person 0.0 0 0.0 19.570312 141.855469 93.398438 348.837891 0.0 0.0 0.0 0.0 0.0 0.0 0.0 0.886813
Person 0.0 0 0.0 1354.804688 152.138672 1427.695312 362.548828 0.0 0.0 0.0 0.0 0.0 0.0 0.0 0.901227
Person 0.0 0 0.0 275.917969 148.381348 345.175781 383.444824 0.0 0.0 0.0 0.0 0.0 0.0 0.0 0.908618
Person 0.0 0 0.0 1430.800781 120.563965 1503.574219 295.246582 0.0 0.0 0.0 0.0 0.0 0.0 0.0 0.919353
Person 0.0 0 0.0 1795.810547 248.378906 1864.189453 409.218750 0.0 0.0 0.0 0.0 0.0 0.0 0.0 0.920790
Person 0.0 0 0.0 1752.978516 223.659668 1822.646484 392.277832 0.0 0.0 0.0 0.0 0.0 0.0 0.0 0.924142
Person 0.0 0 0.0 578.291016 131.704102 647.958984 404.868164 0.0 0.0 0.0 0.0 0.0 0.0 0.0 0.924415
Person 0.0 0 0.0 730.576172 103.820801 809.736328 355.231934 0.0 0.0 0.0 0.0 0.0 0.0 0.0 0.927100
Person 0.0 0 0.0 1544.941406 171.848145 1633.183594 373.952637 0.0 0.0 0.0 0.0 0.0 0.0 0.0 0.944791
Person 0.0 0 0.0 1360.253906 88.461914 1420.371094 192.348633 0.0 0.0 0.0 0.0 0.0 0.0 0.0 0.950227
Person 0.0 0 0.0 1281.943359 91.230469 1358.056641 284.238281 0.0 0.0 0.0 0.0 0.0 0.0 0.0 0.952926
Person 0.0 0 0.0 652.529297 119.509277 731.220703 375.666504 0.0 0.0 0.0 0.0 0.0 0.0 0.0 0.960657
Person 0.0 0 0.0 1447.529297 147.260742 1526.220703 350.815430 0.0 0.0 0.0 0.0 0.0 0.0 0.0 0.964187
