Person 0.0 0 0.0 798.603516 273.559570 908.583984 601.831055 0.0 0.0 0.0 0.0 0.0 0.0 0.0 0.817575
Person 0.0 0 0.0 1350.219727 47.922363 1391.030273 163.146973 0.0 0.0 0.0 0.0 0.0 0.0 0.0 0.818737
Person 0.0 0 0.0 726.489258 48.977051 769.760742 240.534668 0.0 0.0 0.0 0.0 0.0 0.0 0.0 0.827828
Person 0.0 0 0.0 2.841797 155.632324 86.572266 347.980957 0.0 0.0 0.0 0.0 0.0 0.0 0.0 0.839208
Person 0.0 0 0.0 331.347656 139.218750 414.433594 410.800781 0.0 0.0 0.0 0.0 0.0 0.0 0.0 0.874507
Person 0.0 0 0.0 1310.112305 32.958984 1348.637695 159.521484 0.0 0.0 0.0 0.0 0.0 0.0 0.0 0.876211
Person 0.0 0 0.0 246.386719 157.609863 338.613281 392.937012 0.0 0.0 0.0 0.0 0.0 0.0 0.0 0.881207
Person 0.0 0 0.0 1296.591797 191.821289 1373.408203 389.311523 0.0 0.0 0.0 0.0 0.0 0.0 0.0 0.882833
Person 0.0 0 0.0 756.855469 21.093750 799.394531 231.503906 0.0 0.0 0.0 0.0 0.0 0.0 0.0 0.886027
Person 0.0 0 0.0 1268.789062 639.667969 1556.835938 1073.144531 0.0 0.0 0.0 0.0 0.0 0.0 0.0 0.893309
Person 0.0 0 0.0 1346.484375 150.754395 1430.390625 367.888184 0.0 0.0 0.0 0.0 0.0 0.0 0.0 0.905322
Person 0.0 0 0.0 1463.964844 158.269043 1551.035156 357.209473 0.0 0.0 0.0 0.0 0.0 0.0 0.0 0.908293
Person 0.0 0 0.0 1230.937500 328.535156 1414.687500 635.449219 0.0 0.0 0.0 0.0 0.0 0.0 0.0 0.919643
Person 0.0 0 0.0 1579.160156 342.377930 1724.589844 596.293945 0.0 0.0 0.0 0.0 0.0 0.0 0.0 0.926037
Person 0.0 0 0.0 1604.589844 197.160645 1680.410156 353.386230 0.0 0.0 0.0 0.0 0.0 0.0 0.0 0.927100
Person 0.0 0 0.0 684.638672 194.985352 760.048828 502.163086 0.0 0.0 0.0 0.0 0.0 0.0 0.0 0.937440
Person 0.0 0 0.0 1795.488281 247.983398 1864.511719 409.614258 0.0 0.0 0.0 0.0 0.0 0.0 0.0 0.938124
Person 0.0 0 0.0 569.824219 137.570801 633.925781 402.429199 0.0 0.0 0.0 0.0 0.0 0.0 0.0 0.939913
Person 0.0 0 0.0 650.332031 116.938477 733.417969 364.790039 0.0 0.0 0.0 0.0 0.0 0.0 0.0 0.952042
Person 0.0 0 0.0 1413.574219 143.701172 1500.175781 358.066406 0.0 0.0 0.0 0.0 0.0 0.0 0.0 0.960657
