Person 0.0 0 0.0 1745.566406 223.461914 1803.808594 376.127930 0.0 0.0 0.0 0.0 0.0 0.0 0.0 0.786623
Person 0.0 0 0.0 397.675781 187.075195 485.917969 478.959961 0.0 0.0 0.0 0.0 0.0 0.0 0.0 0.800692
Person 0.0 0 0.0 1576.699219 805.385742 1809.550781 1073.012695 0.0 0.0 0.0 0.0 0.0 0.0 0.0 0.841826
Person 0.0 0 0.0 1427.416992 46.768799 1465.708008 149.534912 0.0 0.0 0.0 0.0 0.0 0.0 0.0 0.866585
Person 0.0 0 0.0 1774.716797 237.238770 1851.533203 400.847168 0.0 0.0 0.0 0.0 0.0 0.0 0.0 0.880386
Person 0.0 0 0.0 1307.592773 168.090820 1356.782227 317.592773 0.0 0.0 0.0 0.0 0.0 0.0 0.0 0.888759
Person 0.0 0 0.0 665.712891 73.037109 718.974609 294.785156 0.0 0.0 0.0 0.0 0.0 0.0 0.0 0.894052
Person 0.0 0 0.0 305.302734 155.302734 381.416016 441.123047 0.0 0.0 0.0 0.0 0.0 0.0 0.0 0.901227
Person 0.0 0 0.0 1223.964844 302.431641 1329.785156 653.115234 0.0 0.0 0.0 0.0 0.0 0.0 0.0 0.902952
Person 0.0 0 0.0 591.796875 156.357422 677.578125 442.177734 0.0 0.0 0.0 0.0 0.0 0.0 0.0 0.923592
Person 0.0 0 0.0 244.365234 160.839844 331.259766 400.253906 0.0 0.0 0.0 0.0 0.0 0.0 0.0 0.932944
Person 0.0 0 0.0 1359.785156 430.444336 1537.089844 798.266602 0.0 0.0 0.0 0.0 0.0 0.0 0.0 0.937211
Person 0.0 0 0.0 1392.626953 37.012939 1436.748047 153.885498 0.0 0.0 0.0 0.0 0.0 0.0 0.0 0.938801
Person 0.0 0 0.0 1441.142578 150.161133 1551.357422 351.342773 0.0 0.0 0.0 0.0 0.0 0.0 0.0 0.947575
Person 0.0 0 0.0 708.837891 158.862305 807.099609 443.891602 0.0 0.0 0.0 0.0 0.0 0.0 0.0 0.954308
Person 0.0 0 0.0 1360.986328 158.137207 1438.388672 364.987793 0.0 0.0 0.0 0.0 0.0 0.0 0.0 0.957118
Person 0.0 0 0.0 1125.937500 356.484375 1270.312500 746.718750 0.0 0.0 0.0 0.0 0.0 0.0 0.0 0.958070
Person 0.0 0 0.0 1671.650391 199.533691 1727.724609 353.649902 0.0 0.0 0.0 0.0 0.0 0.0 0.0 0.965641
Person 0.0 0 0.0 1552.939453 161.103516 1612.060547 324.316406 0.0 0.0 0.0 0.0 0.0 0.0 0.0 0.971564
Person 0.0 0 0.0 1592.050781 183.713379 1655.449219 338.620605 0.0 0.0 0.0 0.0 0.0 0.0 0.0 0.975202
