Person 0.0 0 0.0 1302.128906 607.631836 1500.996094 929.047852 0.0 0.0 0.0 0.0 0.0 0.0 0.0 0.801936
Person 0.0 0 0.0 1345.253906 152.534180 1429.746094 348.969727 0.0 0.0 0.0 0.0 0.0 0.0 0.0 0.821044
Person 0.0 0 0.0 1652.988281 369.733887 1783.886719 609.016113 0.0 0.0 0.0 0.0 0.0 0.0 0.0 0.830594
Person 0.0 0 0.0 725.859375 53.327637 773.203125 250.158691 0.0 0.0 0.0 0.0 0.0 0.0 0.0 0.834946
Person 0.0 0 0.0 2.519531 154.643555 86.074219 347.915039 0.0 0.0 0.0 0.0 0.0 0.0 0.0 0.859192
Person 0.0 0 0.0 1427.124023 130.781250 1475.375977 293.730469 0.0 0.0 0.0 0.0 0.0 0.0 0.0 0.878731
Person 0.0 0 0.0 338.349609 153.918457 419.150391 410.866699 0.0 0.0 0.0 0.0 0.0 0.0 0.0 0.880797
Person 0.0 0 0.0 1267.617188 644.018555 1554.257812 1074.067383 0.0 0.0 0.0 0.0 0.0 0.0 0.0 0.905657
Person 0.0 0 0.0 292.558594 219.770508 409.628906 501.635742 0.0 0.0 0.0 0.0 0.0 0.0 0.0 0.905990
Person 0.0 0 0.0 1753.769531 223.857422 1823.730469 377.314453 0.0 0.0 0.0 0.0 0.0 0.0 0.0 0.908618
Person 0.0 0 0.0 1297.470703 189.184570 1370.654297 382.456055 0.0 0.0 0.0 0.0 0.0 0.0 0.0 0.910227
Person 0.0 0 0.0 418.828125 98.217773 496.640625 326.557617 0.0 0.0 0.0 0.0 0.0 0.0 0.0 0.911180
Person 0.0 0 0.0 1176.826172 218.979492 1281.298828 529.848633 0.0 0.0 0.0 0.0 0.0 0.0 0.0 0.914901
Person 0.0 0 0.0 1470.820312 141.525879 1536.679688 341.257324 0.0 0.0 0.0 0.0 0.0 0.0 0.0 0.916409
Person 0.0 0 0.0 463.798828 136.450195 559.013672 396.430664 0.0 0.0 0.0 0.0 0.0 0.0 0.0 0.930205
Person 0.0 0 0.0 1552.089844 204.807129 1633.535156 401.638184 0.0 0.0 0.0 0.0 0.0 0.0 0.0 0.941007
Person 0.0 0 0.0 581.894531 135.922852 650.917969 405.131836 0.0 0.0 0.0 0.0 0.0 0.0 0.0 0.942082
Person 0.0 0 0.0 659.179688 112.521973 719.882812 369.733887 0.0 0.0 0.0 0.0 0.0 0.0 0.0 0.944382
Person 0.0 0 0.0 1277.343750 296.894531 1471.406250 622.792969 0.0 0.0 0.0 0.0 0.0 0.0 0.0 0.948728
Person 0.0 0 0.0 1797.392578 247.521973 1864.482422 409.020996 0.0 0.0 0.0 0.0 0.0 0.0 0.0 0.954137
