Person 0.0 0 0.0 1304.121094 608.686523 1500.878906 929.047852 0.0 0.0 0.0 0.0 0.0 0.0 0.0 0.789883
Person 0.0 0 0.0 726.357422 49.438477 766.142578 183.911133 0.0 0.0 0.0 0.0 0.0 0.0 0.0 0.797557
Person 0.0 0 0.0 2.343750 155.500488 86.074219 348.640137 0.0 0.0 0.0 0.0 0.0 0.0 0.0 0.839208
Person 0.0 0 0.0 96.064453 170.002441 175.810547 318.845215 0.0 0.0 0.0 0.0 0.0 0.0 0.0 0.840783
Person 0.0 0 0.0 1099.306641 300.454102 1197.568359 601.303711 0.0 0.0 0.0 0.0 0.0 0.0 0.0 0.848972
Person 0.0 0 0.0 1654.628906 204.345703 1709.121094 352.529297 0.0 0.0 0.0 0.0 0.0 0.0 0.0 0.851459
Person 0.0 0 0.0 1010.244141 283.315430 1114.130859 480.805664 0.0 0.0 0.0 0.0 0.0 0.0 0.0 0.860604
Person 0.0 0 0.0 1296.811523 174.155273 1352.563477 376.391602 0.0 0.0 0.0 0.0 0.0 0.0 0.0 0.887205
Person 0.0 0 0.0 248.437500 157.082520 337.500000 392.409668 0.0 0.0 0.0 0.0 0.0 0.0 0.0 0.901575
Person 0.0 0 0.0 1795.869141 248.181152 1864.130859 409.416504 0.0 0.0 0.0 0.0 0.0 0.0 0.0 0.901921
Person 0.0 0 0.0 1267.617188 638.613281 1563.632812 1073.144531 0.0 0.0 0.0 0.0 0.0 0.0 0.0 0.904651
Person 0.0 0 0.0 1276.669922 86.484375 1346.455078 276.855469 0.0 0.0 0.0 0.0 0.0 0.0 0.0 0.906983
Person 0.0 0 0.0 1402.441406 38.726807 1436.308594 151.380615 0.0 0.0 0.0 0.0 0.0 0.0 0.0 0.907967
Person 0.0 0 0.0 1497.480469 172.045898 1624.394531 374.809570 0.0 0.0 0.0 0.0 0.0 0.0 0.0 0.908942
Person 0.0 0 0.0 759.521484 20.632324 801.416016 206.257324 0.0 0.0 0.0 0.0 0.0 0.0 0.0 0.911495
Person 0.0 0 0.0 1305.820312 247.983398 1411.054688 501.372070 0.0 0.0 0.0 0.0 0.0 0.0 0.0 0.911810
Person 0.0 0 0.0 696.328125 151.347656 802.734375 432.949219 0.0 0.0 0.0 0.0 0.0 0.0 0.0 0.956472
Person 0.0 0 0.0 574.541016 131.967773 647.958984 405.659180 0.0 0.0 0.0 0.0 0.0 0.0 0.0 0.956796
Person 0.0 0 0.0 1413.457031 126.166992 1492.792969 332.622070 0.0 0.0 0.0 0.0 0.0 0.0 0.0 0.959001
Person 0.0 0 0.0 654.726562 118.256836 733.710938 376.918945 0.0 0.0 0.0 0.0 0.0 0.0 0.0 0.970240
