Person 0.0 0 0.0 1756.875000 357.539062 1916.250000 653.906250 0.0 0.0 0.0 0.0 0.0 0.0 0.0 0.604866
Person 0.0 0 0.0 105.732422 168.222656 170.126953 304.541016 0.0 0.0 0.0 0.0 0.0 0.0 0.0 0.694303
Person 0.0 0 0.0 705.849609 51.284180 772.587891 226.889648 0.0 0.0 0.0 0.0 0.0 0.0 0.0 0.749821
Person 0.0 0 0.0 747.656250 20.764160 799.218750 202.961426 0.0 0.0 0.0 0.0 0.0 0.0 0.0 0.778649
Person 0.0 0 0.0 1753.974609 223.593750 1823.525391 369.667969 0.0 0.0 0.0 0.0 0.0 0.0 0.0 0.814643
Person 0.0 0 0.0 353.847656 131.044922 426.621094 392.607422 0.0 0.0 0.0 0.0 0.0 0.0 0.0 0.821617
Person 0.0 0 0.0 14.267578 146.206055 93.896484 349.233398 0.0 0.0 0.0 0.0 0.0 0.0 0.0 0.836555
Person 0.0 0 0.0 673.447266 221.352539 744.990234 510.600586 0.0 0.0 0.0 0.0 0.0 0.0 0.0 0.876634
Person 0.0 0 0.0 267.041016 147.458496 350.302734 376.457520 0.0 0.0 0.0 0.0 0.0 0.0 0.0 0.890675
Person 0.0 0 0.0 720.849609 186.086426 831.650391 410.339355 0.0 0.0 0.0 0.0 0.0 0.0 0.0 0.904987
Person 0.0 0 0.0 1291.054688 77.387695 1354.570312 243.764648 0.0 0.0 0.0 0.0 0.0 0.0 0.0 0.913984
Person 0.0 0 0.0 1260.000000 647.050781 1556.250000 1073.144531 0.0 0.0 0.0 0.0 0.0 0.0 0.0 0.914291
Person 0.0 0 0.0 1672.763672 245.939941 1760.361328 426.423340 0.0 0.0 0.0 0.0 0.0 0.0 0.0 0.915205
Person 0.0 0 0.0 1431.210938 101.579590 1501.289062 265.187988 0.0 0.0 0.0 0.0 0.0 0.0 0.0 0.919063
Person 0.0 0 0.0 1805.390625 262.287598 1873.359375 409.020996 0.0 0.0 0.0 0.0 0.0 0.0 0.0 0.920218
Person 0.0 0 0.0 1755.585938 240.930176 1831.289062 401.374512 0.0 0.0 0.0 0.0 0.0 0.0 0.0 0.931213
Person 0.0 0 0.0 1588.505859 200.917969 1696.494141 405.000000 0.0 0.0 0.0 0.0 0.0 0.0 0.0 0.946597
Person 0.0 0 0.0 1239.667969 360.966797 1366.582031 711.650391 0.0 0.0 0.0 0.0 0.0 0.0 0.0 0.948155
Person 0.0 0 0.0 1403.789062 39.451904 1440.585938 143.009033 0.0 0.0 0.0 0.0 0.0 0.0 0.0 0.955817
Person 0.0 0 0.0 1330.605469 155.236816 1431.269531 385.290527 0.0 0.0 0.0 0.0 0.0 0.0 0.0 0.961822
