Person 0.0 0 0.0 757.412109 20.895996 798.837891 202.434082 0.0 0.0 0.0 0.0 0.0 0.0 0.0 0.642432
Person 0.0 0 0.0 1410.534668 40.539551 1439.465332 156.555176 0.0 0.0 0.0 0.0 0.0 0.0 0.0 0.750553
Person 0.0 0 0.0 740.361328 185.493164 832.763672 409.350586 0.0 0.0 0.0 0.0 0.0 0.0 0.0 0.761361
Person 0.0 0 0.0 13.974609 146.271973 94.013672 349.167480 0.0 0.0 0.0 0.0 0.0 0.0 0.0 0.822189
Person 0.0 0 0.0 591.123047 281.206055 710.126953 608.950195 0.0 0.0 0.0 0.0 0.0 0.0 0.0 0.833866
Person 0.0 0 0.0 1754.238281 223.593750 1823.261719 369.140625 0.0 0.0 0.0 0.0 0.0 0.0 0.0 0.841305
Person 0.0 0 0.0 703.505859 52.866211 775.869141 216.870117 0.0 0.0 0.0 0.0 0.0 0.0 0.0 0.842863
Person 0.0 0 0.0 355.751953 134.406738 426.591797 392.937012 0.0 0.0 0.0 0.0 0.0 0.0 0.0 0.853425
Person 0.0 0 0.0 266.484375 147.128906 350.390625 376.523438 0.0 0.0 0.0 0.0 0.0 0.0 0.0 0.901227
Person 0.0 0 0.0 1259.531250 645.468750 1552.968750 1073.671875 0.0 0.0 0.0 0.0 0.0 0.0 0.0 0.914596
Person 0.0 0 0.0 1311.005859 127.485352 1409.619141 302.563477 0.0 0.0 0.0 0.0 0.0 0.0 0.0 0.917303
Person 0.0 0 0.0 669.345703 208.564453 774.404297 515.478516 0.0 0.0 0.0 0.0 0.0 0.0 0.0 0.918772
Person 0.0 0 0.0 1437.070312 101.513672 1502.929688 265.517578 0.0 0.0 0.0 0.0 0.0 0.0 0.0 0.929440
Person 0.0 0 0.0 1672.294922 246.862793 1760.830078 426.555176 0.0 0.0 0.0 0.0 0.0 0.0 0.0 0.934634
Person 0.0 0 0.0 1287.246094 77.849121 1354.628906 240.666504 0.0 0.0 0.0 0.0 0.0 0.0 0.0 0.939692
Person 0.0 0 0.0 1239.667969 383.378906 1398.457031 707.167969 0.0 0.0 0.0 0.0 0.0 0.0 0.0 0.945801
Person 0.0 0 0.0 1805.126953 262.221680 1873.623047 409.086914 0.0 0.0 0.0 0.0 0.0 0.0 0.0 0.949106
Person 0.0 0 0.0 1325.097656 162.355957 1442.402344 389.772949 0.0 0.0 0.0 0.0 0.0 0.0 0.0 0.954137
Person 0.0 0 0.0 1756.406250 244.753418 1839.843750 403.352051 0.0 0.0 0.0 0.0 0.0 0.0 0.0 0.957912
Person 0.0 0 0.0 1588.505859 201.115723 1696.494141 404.802246 0.0 0.0 0.0 0.0 0.0 0.0 0.0 0.959611
