Person 0.0 0 0.0 716.630859 52.701416 758.056641 172.606201 0.0 0.0 0.0 0.0 0.0 0.0 0.0 0.776623
Person 0.0 0 0.0 1304.238281 611.323242 1510.136719 928.520508 0.0 0.0 0.0 0.0 0.0 0.0 0.0 0.836020
Person 0.0 0 0.0 20.419922 142.778320 94.951172 348.969727 0.0 0.0 0.0 0.0 0.0 0.0 0.0 0.856332
Person 0.0 0 0.0 1105.107422 316.801758 1199.267578 600.776367 0.0 0.0 0.0 0.0 0.0 0.0 0.0 0.867036
Person 0.0 0 0.0 1655.507812 208.498535 1715.742188 366.833496 0.0 0.0 0.0 0.0 0.0 0.0 0.0 0.876634
Person 0.0 0 0.0 1250.156250 644.414062 1571.718750 1073.671875 0.0 0.0 0.0 0.0 0.0 0.0 0.0 0.891434
Person 0.0 0 0.0 1253.173828 227.746582 1354.951172 497.351074 0.0 0.0 0.0 0.0 0.0 0.0 0.0 0.894789
Person 0.0 0 0.0 1753.857422 224.516602 1823.642578 393.002930 0.0 0.0 0.0 0.0 0.0 0.0 0.0 0.899121
Person 0.0 0 0.0 1402.045898 38.924561 1436.704102 149.205322 0.0 0.0 0.0 0.0 0.0 0.0 0.0 0.901575
Person 0.0 0 0.0 755.903320 20.698242 800.346680 176.660156 0.0 0.0 0.0 0.0 0.0 0.0 0.0 0.915507
Person 0.0 0 0.0 1796.074219 248.115234 1863.925781 409.482422 0.0 0.0 0.0 0.0 0.0 0.0 0.0 0.930962
Person 0.0 0 0.0 1432.880859 122.277832 1501.494141 295.905762 0.0 0.0 0.0 0.0 0.0 0.0 0.0 0.933673
Person 0.0 0 0.0 1277.197266 89.978027 1347.802734 289.709473 0.0 0.0 0.0 0.0 0.0 0.0 0.0 0.937440
Person 0.0 0 0.0 1550.595703 171.716309 1640.654297 373.557129 0.0 0.0 0.0 0.0 0.0 0.0 0.0 0.942082
Person 0.0 0 0.0 1355.712891 153.720703 1430.537109 362.812500 0.0 0.0 0.0 0.0 0.0 0.0 0.0 0.945197
Person 0.0 0 0.0 1451.074219 146.206055 1565.800781 346.596680 0.0 0.0 0.0 0.0 0.0 0.0 0.0 0.947962
Person 0.0 0 0.0 576.357422 131.044922 647.080078 405.527344 0.0 0.0 0.0 0.0 0.0 0.0 0.0 0.949669
Person 0.0 0 0.0 1341.621094 77.387695 1399.628906 242.709961 0.0 0.0 0.0 0.0 0.0 0.0 0.0 0.952220
Person 0.0 0 0.0 719.003906 141.064453 803.496094 414.755859 0.0 0.0 0.0 0.0 0.0 0.0 0.0 0.958847
Person 0.0 0 0.0 653.583984 118.916016 733.916016 375.732422 0.0 0.0 0.0 0.0 0.0 0.0 0.0 0.971779
