Person 0.0 0 0.0 1755.000000 224.516602 1820.625000 365.581055 0.0 0.0 0.0 0.0 0.0 0.0 0.0 0.680029
Person 0.0 0 0.0 908.496094 893.979492 1127.753906 1071.958008 0.0 0.0 0.0 0.0 0.0 0.0 0.0 0.707405
Person 0.0 0 0.0 1754.238281 354.770508 1913.261719 653.510742 0.0 0.0 0.0 0.0 0.0 0.0 0.0 0.727975
Person 0.0 0 0.0 752.915039 20.566406 803.334961 228.208008 0.0 0.0 0.0 0.0 0.0 0.0 0.0 0.728748
Person 0.0 0 0.0 465.234375 299.926758 629.765625 601.831055 0.0 0.0 0.0 0.0 0.0 0.0 0.0 0.729520
Person 0.0 0 0.0 551.308594 132.758789 638.378906 287.534180 0.0 0.0 0.0 0.0 0.0 0.0 0.0 0.810479
Person 0.0 0 0.0 681.152344 53.261719 774.785156 251.015625 0.0 0.0 0.0 0.0 0.0 0.0 0.0 0.870597
Person 0.0 0 0.0 477.480469 409.218750 630.644531 770.976562 0.0 0.0 0.0 0.0 0.0 0.0 0.0 0.888372
Person 0.0 0 0.0 1519.160156 284.501953 1610.214844 508.623047 0.0 0.0 0.0 0.0 0.0 0.0 0.0 0.900879
Person 0.0 0 0.0 1586.425781 241.655273 1683.574219 419.633789 0.0 0.0 0.0 0.0 0.0 0.0 0.0 0.908618
Person 0.0 0 0.0 1356.665039 73.103027 1416.459961 220.363770 0.0 0.0 0.0 0.0 0.0 0.0 0.0 0.912436
Person 0.0 0 0.0 1303.242188 607.763672 1507.382812 934.189453 0.0 0.0 0.0 0.0 0.0 0.0 0.0 0.917303
Person 0.0 0 0.0 1259.765625 665.639648 1588.359375 1072.485352 0.0 0.0 0.0 0.0 0.0 0.0 0.0 0.918480
Person 0.0 0 0.0 1810.209961 260.969238 1868.540039 410.339355 0.0 0.0 0.0 0.0 0.0 0.0 0.0 0.920504
Person 0.0 0 0.0 342.714844 131.110840 422.753906 394.387207 0.0 0.0 0.0 0.0 0.0 0.0 0.0 0.923592
Person 0.0 0 0.0 1686.005859 204.213867 1750.869141 365.317383 0.0 0.0 0.0 0.0 0.0 0.0 0.0 0.932699
Person 0.0 0 0.0 1718.349609 313.901367 1821.650391 512.973633 0.0 0.0 0.0 0.0 0.0 0.0 0.0 0.940134
Person 0.0 0 0.0 1403.320312 227.219238 1521.679688 454.108887 0.0 0.0 0.0 0.0 0.0 0.0 0.0 0.942718
Person 0.0 0 0.0 1479.726562 124.584961 1540.898438 254.575195 0.0 0.0 0.0 0.0 0.0 0.0 0.0 0.948917
Person 0.0 0 0.0 265.078125 152.270508 349.921875 375.600586 0.0 0.0 0.0 0.0 0.0 0.0 0.0 0.956472
