Person 0.0 0 0.0 740.625000 164.761963 818.437500 245.775146 0.0 0.0 0.0 0.0 0.0 0.0 0.0 0.565059
Person 0.0 0 0.0 102.890625 165.454102 168.984375 301.508789 0.0 0.0 0.0 0.0 0.0 0.0 0.0 0.680879
Person 0.0 0 0.0 1329.052734 67.895508 1369.072266 188.657227 0.0 0.0 0.0 0.0 0.0 0.0 0.0 0.727975
Person 0.0 0 0.0 750.615234 21.027832 798.134766 186.086426 0.0 0.0 0.0 0.0 0.0 0.0 0.0 0.741674
Person 0.0 0 0.0 1366.010742 57.381592 1397.739258 128.111572 0.0 0.0 0.0 0.0 0.0 0.0 0.0 0.762070
Person 0.0 0 0.0 15.087891 145.876465 94.541016 348.771973 0.0 0.0 0.0 0.0 0.0 0.0 0.0 0.834407
Person 0.0 0 0.0 315.498047 136.054688 411.064453 408.691406 0.0 0.0 0.0 0.0 0.0 0.0 0.0 0.845433
Person 0.0 0 0.0 699.316406 49.306641 776.308594 199.072266 0.0 0.0 0.0 0.0 0.0 0.0 0.0 0.851953
Person 0.0 0 0.0 1249.921875 659.179688 1525.078125 1073.671875 0.0 0.0 0.0 0.0 0.0 0.0 0.0 0.858244
Person 0.0 0 0.0 628.125000 292.675781 767.812500 637.558594 0.0 0.0 0.0 0.0 0.0 0.0 0.0 0.894052
Person 0.0 0 0.0 1804.072266 262.485352 1870.927734 408.823242 0.0 0.0 0.0 0.0 0.0 0.0 0.0 0.900179
Person 0.0 0 0.0 1672.939453 242.973633 1760.185547 426.225586 0.0 0.0 0.0 0.0 0.0 0.0 0.0 0.910227
Person 0.0 0 0.0 266.103516 147.590332 350.771484 375.534668 0.0 0.0 0.0 0.0 0.0 0.0 0.0 0.917006
Person 0.0 0 0.0 1432.558594 102.634277 1505.566406 265.451660 0.0 0.0 0.0 0.0 0.0 0.0 0.0 0.920790
Person 0.0 0 0.0 1264.218750 294.125977 1385.156250 591.811523 0.0 0.0 0.0 0.0 0.0 0.0 0.0 0.923868
Person 0.0 0 0.0 684.638672 199.731445 790.048828 485.815430 0.0 0.0 0.0 0.0 0.0 0.0 0.0 0.929184
Person 0.0 0 0.0 1401.020508 41.561279 1439.604492 142.218018 0.0 0.0 0.0 0.0 0.0 0.0 0.0 0.932207
Person 0.0 0 0.0 1367.050781 150.886230 1430.449219 361.955566 0.0 0.0 0.0 0.0 0.0 0.0 0.0 0.932699
Person 0.0 0 0.0 1757.255859 225.571289 1825.869141 393.002930 0.0 0.0 0.0 0.0 0.0 0.0 0.0 0.950041
Person 0.0 0 0.0 1588.505859 201.115723 1696.494141 404.802246 0.0 0.0 0.0 0.0 0.0 0.0 0.0 0.953622
