Person 0.0 0 0.0 1324.233398 35.299072 1355.141602 159.027100 0.0 0.0 0.0 0.0 0.0 0.0 0.0 0.695131
Person 0.0 0 0.0 1405.847168 38.941040 1434.777832 100.936890 0.0 0.0 0.0 0.0 0.0 0.0 0.0 0.731826
Person 0.0 0 0.0 1755.000000 354.770508 1918.000000 654.038086 0.0 0.0 0.0 0.0 0.0 0.0 0.0 0.743168
Person 0.0 0 0.0 102.539062 167.365723 168.867188 301.970215 0.0 0.0 0.0 0.0 0.0 0.0 0.0 0.801315
Person 0.0 0 0.0 1297.236328 120.827637 1397.138672 369.338379 0.0 0.0 0.0 0.0 0.0 0.0 0.0 0.809878
Person 0.0 0 0.0 342.421875 133.220215 409.921875 393.068848 0.0 0.0 0.0 0.0 0.0 0.0 0.0 0.848471
Person 0.0 0 0.0 1755.263672 238.557129 1827.861328 402.692871 0.0 0.0 0.0 0.0 0.0 0.0 0.0 0.862468
Person 0.0 0 0.0 1753.066406 219.968262 1815.058594 366.437988 0.0 0.0 0.0 0.0 0.0 0.0 0.0 0.870157
Person 0.0 0 0.0 1251.210938 655.488281 1542.539062 1073.144531 0.0 0.0 0.0 0.0 0.0 0.0 0.0 0.876211
Person 0.0 0 0.0 15.087891 145.546875 94.541016 348.310547 0.0 0.0 0.0 0.0 0.0 0.0 0.0 0.895888
Person 0.0 0 0.0 1662.597656 202.500000 1723.652344 365.449219 0.0 0.0 0.0 0.0 0.0 0.0 0.0 0.911810
Person 0.0 0 0.0 720.512695 51.679688 767.299805 250.224609 0.0 0.0 0.0 0.0 0.0 0.0 0.0 0.921640
Person 0.0 0 0.0 756.518555 20.830078 799.731445 227.944336 0.0 0.0 0.0 0.0 0.0 0.0 0.0 0.928668
Person 0.0 0 0.0 1569.697266 183.779297 1659.052734 393.662109 0.0 0.0 0.0 0.0 0.0 0.0 0.0 0.931213
Person 0.0 0 0.0 1289.707031 76.926270 1333.417969 243.698730 0.0 0.0 0.0 0.0 0.0 0.0 0.0 0.931960
Person 0.0 0 0.0 632.812500 117.004395 731.250000 368.679199 0.0 0.0 0.0 0.0 0.0 0.0 0.0 0.943556
Person 0.0 0 0.0 598.007812 183.251953 695.742188 484.892578 0.0 0.0 0.0 0.0 0.0 0.0 0.0 0.946794
Person 0.0 0 0.0 1309.980469 226.560059 1412.519531 474.279785 0.0 0.0 0.0 0.0 0.0 0.0 0.0 0.950960
Person 0.0 0 0.0 274.218750 141.921387 350.625000 370.393066 0.0 0.0 0.0 0.0 0.0 0.0 0.0 0.953966
Person 0.0 0 0.0 1797.011719 252.795410 1864.863281 406.384277 0.0 0.0 0.0 0.0 0.0 0.0 0.0 0.955981
