Person 0.0 0 0.0 790.078125 847.243652 970.546875 1073.342285 0.0 0.0 0.0 0.0 0.0 0.0 0.0 0.757794
Person 0.0 0 0.0 1434.375000 873.544922 1676.250000 1073.408203 0.0 0.0 0.0 0.0 0.0 0.0 0.0 0.759939
Person 0.0 0 0.0 403.886719 365.712891 553.769531 738.544922 0.0 0.0 0.0 0.0 0.0 0.0 0.0 0.855369
Person 0.0 0 0.0 1848.032227 241.787109 1894.467773 381.005859 0.0 0.0 0.0 0.0 0.0 0.0 0.0 0.857291
Person 0.0 0 0.0 1335.717773 33.881836 1373.657227 146.337891 0.0 0.0 0.0 0.0 0.0 0.0 0.0 0.865679
Person 0.0 0 0.0 1623.515625 308.364258 1742.109375 523.256836 0.0 0.0 0.0 0.0 0.0 0.0 0.0 0.917006
Person 0.0 0 0.0 1396.669922 38.693848 1438.330078 145.744629 0.0 0.0 0.0 0.0 0.0 0.0 0.0 0.919063
Person 0.0 0 0.0 1297.060547 182.988281 1365.439453 384.433594 0.0 0.0 0.0 0.0 0.0 0.0 0.0 0.921358
Person 0.0 0 0.0 722.109375 13.776855 778.828125 208.762207 0.0 0.0 0.0 0.0 0.0 0.0 0.0 0.922482
Person 0.0 0 0.0 1716.445312 281.206055 1806.679688 453.383789 0.0 0.0 0.0 0.0 0.0 0.0 0.0 0.926304
Person 0.0 0 0.0 1345.136719 153.325195 1422.363281 358.989258 0.0 0.0 0.0 0.0 0.0 0.0 0.0 0.928668
Person 0.0 0 0.0 245.947266 167.431641 331.552734 399.462891 0.0 0.0 0.0 0.0 0.0 0.0 0.0 0.933431
Person 0.0 0 0.0 1114.101562 320.493164 1248.398438 697.807617 0.0 0.0 0.0 0.0 0.0 0.0 0.0 0.935817
Person 0.0 0 0.0 670.986328 113.444824 735.263672 367.492676 0.0 0.0 0.0 0.0 0.0 0.0 0.0 0.937440
Person 0.0 0 0.0 584.091797 106.918945 641.220703 340.004883 0.0 0.0 0.0 0.0 0.0 0.0 0.0 0.939692
Person 0.0 0 0.0 295.839844 148.842773 385.722656 424.379883 0.0 0.0 0.0 0.0 0.0 0.0 0.0 0.941007
Person 0.0 0 0.0 1784.003906 250.224609 1859.121094 408.955078 0.0 0.0 0.0 0.0 0.0 0.0 0.0 0.945601
Person 0.0 0 0.0 1410.644531 139.284668 1476.855469 334.006348 0.0 0.0 0.0 0.0 0.0 0.0 0.0 0.950227
Person 0.0 0 0.0 1471.933594 201.181641 1565.566406 401.572266 0.0 0.0 0.0 0.0 0.0 0.0 0.0 0.950595
Person 0.0 0 0.0 1442.255859 150.556641 1523.994141 317.460938 0.0 0.0 0.0 0.0 0.0 0.0 0.0 0.963092
