Person 0.0 0 0.0 1253.027344 236.447754 1349.472656 497.087402 0.0 0.0 0.0 0.0 0.0 0.0 0.0 0.619701
Person 0.0 0 0.0 1755.644531 352.924805 1911.855469 653.774414 0.0 0.0 0.0 0.0 0.0 0.0 0.0 0.686790
Person 0.0 0 0.0 91.757812 169.541016 157.382812 306.123047 0.0 0.0 0.0 0.0 0.0 0.0 0.0 0.783326
Person 0.0 0 0.0 319.833984 139.086914 401.572266 405.131836 0.0 0.0 0.0 0.0 0.0 0.0 0.0 0.808067
Person 0.0 0 0.0 1350.937500 43.406982 1388.437500 143.668213 0.0 0.0 0.0 0.0 0.0 0.0 0.0 0.836555
Person 0.0 0 0.0 1250.976562 658.520508 1527.773438 1073.276367 0.0 0.0 0.0 0.0 0.0 0.0 0.0 0.841826
Person 0.0 0 0.0 1658.115234 202.368164 1709.384766 365.053711 0.0 0.0 0.0 0.0 0.0 0.0 0.0 0.852935
Person 0.0 0 0.0 1407.326660 39.188232 1437.048340 113.741455 0.0 0.0 0.0 0.0 0.0 0.0 0.0 0.858719
Person 0.0 0 0.0 20.332031 141.196289 93.750000 348.706055 0.0 0.0 0.0 0.0 0.0 0.0 0.0 0.871912
Person 0.0 0 0.0 273.339844 151.149902 344.472656 387.531738 0.0 0.0 0.0 0.0 0.0 0.0 0.0 0.885632
Person 0.0 0 0.0 1354.863281 152.270508 1427.636719 362.416992 0.0 0.0 0.0 0.0 0.0 0.0 0.0 0.893309
Person 0.0 0 0.0 1753.037109 223.857422 1822.587891 392.080078 0.0 0.0 0.0 0.0 0.0 0.0 0.0 0.917006
Person 0.0 0 0.0 1795.693359 248.181152 1864.306641 409.416504 0.0 0.0 0.0 0.0 0.0 0.0 0.0 0.920504
Person 0.0 0 0.0 732.539062 110.346680 812.460938 364.790039 0.0 0.0 0.0 0.0 0.0 0.0 0.0 0.931960
Person 0.0 0 0.0 1431.416016 120.629883 1501.083984 294.916992 0.0 0.0 0.0 0.0 0.0 0.0 0.0 0.944177
Person 0.0 0 0.0 1538.144531 172.177734 1632.480469 373.623047 0.0 0.0 0.0 0.0 0.0 0.0 0.0 0.950778
Person 0.0 0 0.0 1281.210938 91.823730 1356.914062 286.018066 0.0 0.0 0.0 0.0 0.0 0.0 0.0 0.955319
Person 0.0 0 0.0 1358.818359 88.527832 1425.556641 193.864746 0.0 0.0 0.0 0.0 0.0 0.0 0.0 0.956634
Person 0.0 0 0.0 653.291016 119.377441 731.396484 375.798340 0.0 0.0 0.0 0.0 0.0 0.0 0.0 0.957278
Person 0.0 0 0.0 1448.964844 146.601562 1526.660156 346.992188 0.0 0.0 0.0 0.0 0.0 0.0 0.0 0.966411
