Person 0.0 0 0.0 1028.203125 765.703125 1233.046875 1072.617188 0.0 0.0 0.0 0.0 0.0 0.0 0.0 0.835484
Person 0.0 0 0.0 986.894531 310.671387 1084.980469 505.656738 0.0 0.0 0.0 0.0 0.0 0.0 0.0 0.842345
Person 0.0 0 0.0 300.615234 155.961914 371.103516 400.913086 0.0 0.0 0.0 0.0 0.0 0.0 0.0 0.855851
Person 0.0 0 0.0 345.527344 266.572266 477.597656 563.994141 0.0 0.0 0.0 0.0 0.0 0.0 0.0 0.868827
Person 0.0 0 0.0 1511.894531 121.157227 1574.355469 265.122070 0.0 0.0 0.0 0.0 0.0 0.0 0.0 0.870597
Person 0.0 0 0.0 744.873047 14.765625 798.251953 217.661133 0.0 0.0 0.0 0.0 0.0 0.0 0.0 0.883236
Person 0.0 0 0.0 1340.888672 30.322266 1387.236328 148.579102 0.0 0.0 0.0 0.0 0.0 0.0 0.0 0.893309
Person 0.0 0 0.0 641.250000 125.375977 708.750000 377.973633 0.0 0.0 0.0 0.0 0.0 0.0 0.0 0.901921
Person 0.0 0 0.0 1344.873047 153.984375 1424.501953 360.439453 0.0 0.0 0.0 0.0 0.0 0.0 0.0 0.914596
Person 0.0 0 0.0 243.896484 165.454102 330.322266 399.858398 0.0 0.0 0.0 0.0 0.0 0.0 0.0 0.918187
Person 0.0 0 0.0 536.367188 128.342285 607.382812 396.892090 0.0 0.0 0.0 0.0 0.0 0.0 0.0 0.928149
Person 0.0 0 0.0 1396.464844 39.023438 1438.535156 146.074219 0.0 0.0 0.0 0.0 0.0 0.0 0.0 0.930711
Person 0.0 0 0.0 1115.800781 320.493164 1248.574219 697.807617 0.0 0.0 0.0 0.0 0.0 0.0 0.0 0.935817
Person 0.0 0 0.0 1623.779297 305.859375 1738.095703 524.179688 0.0 0.0 0.0 0.0 0.0 0.0 0.0 0.944177
Person 0.0 0 0.0 1291.406250 181.538086 1367.343750 383.774414 0.0 0.0 0.0 0.0 0.0 0.0 0.0 0.950960
Person 0.0 0 0.0 1520.566406 758.847656 1753.183594 1073.144531 0.0 0.0 0.0 0.0 0.0 0.0 0.0 0.951142
Person 0.0 0 0.0 1411.376953 138.955078 1476.123047 333.808594 0.0 0.0 0.0 0.0 0.0 0.0 0.0 0.953275
Person 0.0 0 0.0 1505.625000 190.305176 1588.125000 375.534668 0.0 0.0 0.0 0.0 0.0 0.0 0.0 0.955486
Person 0.0 0 0.0 1724.707031 296.433105 1835.917969 503.020020 0.0 0.0 0.0 0.0 0.0 0.0 0.0 0.964456
Person 0.0 0 0.0 1441.171875 149.238281 1523.203125 316.669922 0.0 0.0 0.0 0.0 0.0 0.0 0.0 0.973645
