Person 0.0 0 0.0 1753.740234 223.593750 1821.884766 368.613281 0.0 0.0 0.0 0.0 0.0 0.0 0.0 0.798815
Person 0.0 0 0.0 1456.567383 104.545898 1505.932617 265.913086 0.0 0.0 0.0 0.0 0.0 0.0 0.0 0.816406
Person 0.0 0 0.0 206.601562 473.554688 405.117188 864.843750 0.0 0.0 0.0 0.0 0.0 0.0 0.0 0.837620
Person 0.0 0 0.0 759.521484 21.291504 803.291016 228.801270 0.0 0.0 0.0 0.0 0.0 0.0 0.0 0.838680
Person 0.0 0 0.0 717.290039 49.108887 767.709961 250.686035 0.0 0.0 0.0 0.0 0.0 0.0 0.0 0.846451
Person 0.0 0 0.0 13.974609 146.403809 95.244141 349.299316 0.0 0.0 0.0 0.0 0.0 0.0 0.0 0.851459
Person 0.0 0 0.0 1259.179688 655.488281 1540.195312 1073.144531 0.0 0.0 0.0 0.0 0.0 0.0 0.0 0.865224
Person 0.0 0 0.0 1019.824219 228.076172 1112.050781 454.833984 0.0 0.0 0.0 0.0 0.0 0.0 0.0 0.871475
Person 0.0 0 0.0 743.144531 419.106445 862.792969 754.760742 0.0 0.0 0.0 0.0 0.0 0.0 0.0 0.877896
Person 0.0 0 0.0 1388.071289 79.365234 1426.303711 212.255859 0.0 0.0 0.0 0.0 0.0 0.0 0.0 0.886420
Person 0.0 0 0.0 317.343750 127.683105 423.750000 394.387207 0.0 0.0 0.0 0.0 0.0 0.0 0.0 0.891055
Person 0.0 0 0.0 1340.361328 68.884277 1389.638672 214.562988 0.0 0.0 0.0 0.0 0.0 0.0 0.0 0.900530
Person 0.0 0 0.0 269.121094 145.349121 350.566406 376.721191 0.0 0.0 0.0 0.0 0.0 0.0 0.0 0.905990
Person 0.0 0 0.0 1673.789062 248.181152 1761.210938 426.291504 0.0 0.0 0.0 0.0 0.0 0.0 0.0 0.907640
Person 0.0 0 0.0 1462.617188 251.015625 1550.507812 459.316406 0.0 0.0 0.0 0.0 0.0 0.0 0.0 0.915507
Person 0.0 0 0.0 1356.855469 185.888672 1465.019531 395.771484 0.0 0.0 0.0 0.0 0.0 0.0 0.0 0.917893
Person 0.0 0 0.0 1579.775391 201.840820 1697.724609 407.768555 0.0 0.0 0.0 0.0 0.0 0.0 0.0 0.927363
Person 0.0 0 0.0 1805.009766 263.737793 1875.615234 410.207520 0.0 0.0 0.0 0.0 0.0 0.0 0.0 0.930205
Person 0.0 0 0.0 1757.109375 239.875488 1833.515625 401.374512 0.0 0.0 0.0 0.0 0.0 0.0 0.0 0.942718
Person 0.0 0 0.0 1291.933594 76.069336 1349.941406 243.237305 0.0 0.0 0.0 0.0 0.0 0.0 0.0 0.954137
