Person 0.0 0 0.0 237.246094 170.068359 330.878906 401.572266 0.0 0.0 0.0 0.0 0.0 0.0 0.0 0.811676
Person 0.0 0 0.0 1302.685547 22.049561 1344.814453 137.471924 0.0 0.0 0.0 0.0 0.0 0.0 0.0 0.825027
Person 0.0 0 0.0 715.502930 49.306641 762.934570 245.742188 0.0 0.0 0.0 0.0 0.0 0.0 0.0 0.862930
Person 0.0 0 0.0 447.333984 100.393066 506.572266 327.810059 0.0 0.0 0.0 0.0 0.0 0.0 0.0 0.871037
Person 0.0 0 0.0 342.158203 145.810547 421.904297 422.666016 0.0 0.0 0.0 0.0 0.0 0.0 0.0 0.877477
Person 0.0 0 0.0 1602.099609 285.754395 1703.525391 521.081543 0.0 0.0 0.0 0.0 0.0 0.0 0.0 0.889529
Person 0.0 0 0.0 1268.320312 640.590820 1553.554688 1073.276367 0.0 0.0 0.0 0.0 0.0 0.0 0.0 0.891811
Person 0.0 0 0.0 1115.126953 262.617188 1228.623047 581.132812 0.0 0.0 0.0 0.0 0.0 0.0 0.0 0.898053
Person 0.0 0 0.0 530.668945 100.590820 586.831055 337.631836 0.0 0.0 0.0 0.0 0.0 0.0 0.0 0.903294
Person 0.0 0 0.0 652.060547 120.102539 716.689453 369.272461 0.0 0.0 0.0 0.0 0.0 0.0 0.0 0.910863
Person 0.0 0 0.0 1354.335938 161.037598 1433.789062 374.743652 0.0 0.0 0.0 0.0 0.0 0.0 0.0 0.915507
Person 0.0 0 0.0 750.307617 18.918457 795.629883 224.714355 0.0 0.0 0.0 0.0 0.0 0.0 0.0 0.917598
Person 0.0 0 0.0 1753.125000 223.395996 1820.625000 392.541504 0.0 0.0 0.0 0.0 0.0 0.0 0.0 0.924142
Person 0.0 0 0.0 1277.109375 296.630859 1473.515625 623.056641 0.0 0.0 0.0 0.0 0.0 0.0 0.0 0.929951
Person 0.0 0 0.0 1485.820312 112.719727 1542.304688 272.241211 0.0 0.0 0.0 0.0 0.0 0.0 0.0 0.939025
Person 0.0 0 0.0 1790.537109 249.104004 1860.087891 409.020996 0.0 0.0 0.0 0.0 0.0 0.0 0.0 0.939248
Person 0.0 0 0.0 1244.619141 218.188477 1339.130859 513.764648 0.0 0.0 0.0 0.0 0.0 0.0 0.0 0.943348
Person 0.0 0 0.0 572.841797 126.958008 641.220703 396.958008 0.0 0.0 0.0 0.0 0.0 0.0 0.0 0.947186
Person 0.0 0 0.0 1324.130859 56.755371 1372.119141 202.038574 0.0 0.0 0.0 0.0 0.0 0.0 0.0 0.950778
Person 0.0 0 0.0 1444.248047 142.053223 1508.876953 304.870605 0.0 0.0 0.0 0.0 0.0 0.0 0.0 0.961098
