Person 0.0 0 0.0 1785.703125 246.203613 1859.296875 407.702637 0.0 0.0 0.0 0.0 0.0 0.0 0.0 0.830594
Person 0.0 0 0.0 658.330078 0.000000 730.107422 168.354492 0.0 0.0 0.0 0.0 0.0 0.0 0.0 0.863392
Person 0.0 0 0.0 1751.806641 228.999023 1820.068359 389.575195 0.0 0.0 0.0 0.0 0.0 0.0 0.0 0.881207
Person 0.0 0 0.0 169.980469 528.925781 368.144531 911.777344 0.0 0.0 0.0 0.0 0.0 0.0 0.0 0.890675
Person 0.0 0 0.0 543.720703 144.228516 600.966797 416.337891 0.0 0.0 0.0 0.0 0.0 0.0 0.0 0.897336
Person 0.0 0 0.0 576.796875 106.984863 640.078125 340.993652 0.0 0.0 0.0 0.0 0.0 0.0 0.0 0.901921
Person 0.0 0 0.0 298.564453 150.820312 385.341797 424.511719 0.0 0.0 0.0 0.0 0.0 0.0 0.0 0.902610
Person 0.0 0 0.0 246.708984 165.717773 332.666016 399.067383 0.0 0.0 0.0 0.0 0.0 0.0 0.0 0.906653
Person 0.0 0 0.0 1347.480469 149.238281 1416.269531 359.384766 0.0 0.0 0.0 0.0 0.0 0.0 0.0 0.927626
Person 0.0 0 0.0 659.707031 130.781250 739.042969 402.626953 0.0 0.0 0.0 0.0 0.0 0.0 0.0 0.930711
Person 0.0 0 0.0 1395.688477 39.023438 1439.311523 144.755859 0.0 0.0 0.0 0.0 0.0 0.0 0.0 0.931960
Person 0.0 0 0.0 1125.410156 319.174805 1255.839844 697.543945 0.0 0.0 0.0 0.0 0.0 0.0 0.0 0.933673
Person 0.0 0 0.0 1316.176758 21.027832 1359.448242 137.043457 0.0 0.0 0.0 0.0 0.0 0.0 0.0 0.934155
Person 0.0 0 0.0 1372.910156 280.942383 1490.214844 555.424805 0.0 0.0 0.0 0.0 0.0 0.0 0.0 0.935582
Person 0.0 0 0.0 1646.074219 311.923828 1760.800781 536.044922 0.0 0.0 0.0 0.0 0.0 0.0 0.0 0.936749
Person 0.0 0 0.0 1623.251953 228.240967 1710.498047 355.001221 0.0 0.0 0.0 0.0 0.0 0.0 0.0 0.949106
Person 0.0 0 0.0 1404.902344 138.361816 1475.097656 324.645996 0.0 0.0 0.0 0.0 0.0 0.0 0.0 0.949295
Person 0.0 0 0.0 1554.843750 192.546387 1627.031250 354.836426 0.0 0.0 0.0 0.0 0.0 0.0 0.0 0.949856
Person 0.0 0 0.0 1443.574219 148.842773 1530.175781 302.299805 0.0 0.0 0.0 0.0 0.0 0.0 0.0 0.961098
Person 0.0 0 0.0 1297.265625 177.648926 1370.859375 379.753418 0.0 0.0 0.0 0.0 0.0 0.0 0.0 0.966411
