Person 0.0 0 0.0 1761.210938 352.133789 1911.914062 652.983398 0.0 0.0 0.0 0.0 0.0 0.0 0.0 0.690142
Person 0.0 0 0.0 1367.373047 154.313965 1432.001953 363.537598 0.0 0.0 0.0 0.0 0.0 0.0 0.0 0.712232
Person 0.0 0 0.0 1391.660156 36.979980 1433.964844 156.291504 0.0 0.0 0.0 0.0 0.0 0.0 0.0 0.721743
Person 0.0 0 0.0 0.673828 149.172363 80.009766 348.903809 0.0 0.0 0.0 0.0 0.0 0.0 0.0 0.723309
Person 0.0 0 0.0 655.810547 0.000000 732.626953 168.354492 0.0 0.0 0.0 0.0 0.0 0.0 0.0 0.768386
Person 0.0 0 0.0 1440.585938 363.076172 1587.539062 706.376953 0.0 0.0 0.0 0.0 0.0 0.0 0.0 0.807461
Person 0.0 0 0.0 244.658203 165.585938 331.904297 400.253906 0.0 0.0 0.0 0.0 0.0 0.0 0.0 0.855851
Person 0.0 0 0.0 1575.820312 810.131836 1819.804688 1072.485352 0.0 0.0 0.0 0.0 0.0 0.0 0.0 0.865224
Person 0.0 0 0.0 1400.083008 60.183105 1444.291992 178.044434 0.0 0.0 0.0 0.0 0.0 0.0 0.0 0.868827
Person 0.0 0 0.0 1409.179688 136.186523 1482.070312 334.731445 0.0 0.0 0.0 0.0 0.0 0.0 0.0 0.900879
Person 0.0 0 0.0 346.289062 188.525391 436.523438 463.271484 0.0 0.0 0.0 0.0 0.0 0.0 0.0 0.905322
Person 0.0 0 0.0 1442.841797 266.770020 1555.283203 487.858887 0.0 0.0 0.0 0.0 0.0 0.0 0.0 0.910545
Person 0.0 0 0.0 1470.937500 153.127441 1532.812500 324.909668 0.0 0.0 0.0 0.0 0.0 0.0 0.0 0.913677
Person 0.0 0 0.0 595.576172 155.698242 674.736328 443.364258 0.0 0.0 0.0 0.0 0.0 0.0 0.0 0.913984
Person 0.0 0 0.0 1244.003906 241.787109 1373.496094 573.486328 0.0 0.0 0.0 0.0 0.0 0.0 0.0 0.932207
Person 0.0 0 0.0 711.123047 159.916992 790.751953 443.891602 0.0 0.0 0.0 0.0 0.0 0.0 0.0 0.937211
Person 0.0 0 0.0 1780.371094 235.261230 1851.503906 405.988770 0.0 0.0 0.0 0.0 0.0 0.0 0.0 0.941223
Person 0.0 0 0.0 1361.953125 424.643555 1534.921875 797.739258 0.0 0.0 0.0 0.0 0.0 0.0 0.0 0.941439
Person 0.0 0 0.0 1551.972656 163.542480 1613.027344 327.414551 0.0 0.0 0.0 0.0 0.0 0.0 0.0 0.952750
Person 0.0 0 0.0 1578.310547 195.380859 1657.939453 367.822266 0.0 0.0 0.0 0.0 0.0 0.0 0.0 0.954816
