Person 0.0 0 0.0 1405.913086 133.022461 1459.086914 333.676758 0.0 0.0 0.0 0.0 0.0 0.0 0.0 0.819316
Person 0.0 0 0.0 1749.023438 223.527832 1822.851562 392.409668 0.0 0.0 0.0 0.0 0.0 0.0 0.0 0.857768
Person 0.0 0 0.0 702.539062 50.822754 756.210938 247.653809 0.0 0.0 0.0 0.0 0.0 0.0 0.0 0.869715
Person 0.0 0 0.0 3.193359 154.445801 85.224609 348.903809 0.0 0.0 0.0 0.0 0.0 0.0 0.0 0.870157
Person 0.0 0 0.0 1128.281250 217.661133 1226.718750 509.545898 0.0 0.0 0.0 0.0 0.0 0.0 0.0 0.873215
Person 0.0 0 0.0 231.298828 171.452637 331.201172 402.824707 0.0 0.0 0.0 0.0 0.0 0.0 0.0 0.877056
Person 0.0 0 0.0 442.998047 100.195312 511.376953 326.953125 0.0 0.0 0.0 0.0 0.0 0.0 0.0 0.880386
Person 0.0 0 0.0 749.252930 18.984375 796.684570 224.252930 0.0 0.0 0.0 0.0 0.0 0.0 0.0 0.885235
Person 0.0 0 0.0 1267.734375 638.481445 1552.265625 1073.276367 0.0 0.0 0.0 0.0 0.0 0.0 0.0 0.895157
Person 0.0 0 0.0 340.371094 145.942383 421.347656 422.534180 0.0 0.0 0.0 0.0 0.0 0.0 0.0 0.906653
Person 0.0 0 0.0 1297.822266 189.118652 1370.302734 382.521973 0.0 0.0 0.0 0.0 0.0 0.0 0.0 0.919931
Person 0.0 0 0.0 1507.910156 128.737793 1563.339844 298.410645 0.0 0.0 0.0 0.0 0.0 0.0 0.0 0.924959
Person 0.0 0 0.0 659.912109 113.181152 719.150391 369.602051 0.0 0.0 0.0 0.0 0.0 0.0 0.0 0.930711
Person 0.0 0 0.0 1373.437500 47.362061 1416.562500 160.806885 0.0 0.0 0.0 0.0 0.0 0.0 0.0 0.931711
Person 0.0 0 0.0 1126.992188 283.974609 1293.632812 580.869141 0.0 0.0 0.0 0.0 0.0 0.0 0.0 0.938576
Person 0.0 0 0.0 565.722656 132.429199 626.777344 394.650879 0.0 0.0 0.0 0.0 0.0 0.0 0.0 0.939248
Person 0.0 0 0.0 1277.753906 296.367188 1476.621094 623.320312 0.0 0.0 0.0 0.0 0.0 0.0 0.0 0.941868
Person 0.0 0 0.0 1795.371094 248.312988 1862.753906 409.812012 0.0 0.0 0.0 0.0 0.0 0.0 0.0 0.952750
Person 0.0 0 0.0 1606.699219 309.682617 1732.675781 544.614258 0.0 0.0 0.0 0.0 0.0 0.0 0.0 0.953101
Person 0.0 0 0.0 1354.277344 152.072754 1426.347656 364.196777 0.0 0.0 0.0 0.0 0.0 0.0 0.0 0.962813
