Person 0.0 0 0.0 657.509766 0.000000 733.740234 167.497559 0.0 0.0 0.0 0.0 0.0 0.0 0.0 0.727975
Person 0.0 0 0.0 1745.288086 221.945801 1802.211914 381.862793 0.0 0.0 0.0 0.0 0.0 0.0 0.0 0.774583
Person 0.0 0 0.0 1439.355469 364.921875 1585.019531 709.804688 0.0 0.0 0.0 0.0 0.0 0.0 0.0 0.848471
Person 0.0 0 0.0 1369.658203 159.257812 1442.841797 368.876953 0.0 0.0 0.0 0.0 0.0 0.0 0.0 0.851953
Person 0.0 0 0.0 301.757812 153.984375 381.210938 442.441406 0.0 0.0 0.0 0.0 0.0 0.0 0.0 0.854399
Person 0.0 0 0.0 595.957031 156.489258 675.292969 443.627930 0.0 0.0 0.0 0.0 0.0 0.0 0.0 0.870597
Person 0.0 0 0.0 1781.748047 235.656738 1850.126953 405.593262 0.0 0.0 0.0 0.0 0.0 0.0 0.0 0.895157
Person 0.0 0 0.0 1576.171875 796.948242 1823.203125 1073.012695 0.0 0.0 0.0 0.0 0.0 0.0 0.0 0.896976
Person 0.0 0 0.0 342.304688 178.176270 460.664062 447.780762 0.0 0.0 0.0 0.0 0.0 0.0 0.0 0.902266
Person 0.0 0 0.0 1243.652344 239.282227 1370.097656 568.081055 0.0 0.0 0.0 0.0 0.0 0.0 0.0 0.905322
Person 0.0 0 0.0 1470.263672 254.641113 1567.236328 424.050293 0.0 0.0 0.0 0.0 0.0 0.0 0.0 0.911810
Person 0.0 0 0.0 1426.406250 145.151367 1504.218750 336.313477 0.0 0.0 0.0 0.0 0.0 0.0 0.0 0.917893
Person 0.0 0 0.0 245.214844 165.651855 331.347656 401.770020 0.0 0.0 0.0 0.0 0.0 0.0 0.0 0.920504
Person 0.0 0 0.0 1390.839844 37.045898 1434.785156 154.116211 0.0 0.0 0.0 0.0 0.0 0.0 0.0 0.921074
Person 0.0 0 0.0 1561.054688 162.553711 1609.570312 324.975586 0.0 0.0 0.0 0.0 0.0 0.0 0.0 0.927363
Person 0.0 0 0.0 1461.943359 153.457031 1530.556641 324.316406 0.0 0.0 0.0 0.0 0.0 0.0 0.0 0.940790
Person 0.0 0 0.0 708.164062 159.653320 800.273438 443.100586 0.0 0.0 0.0 0.0 0.0 0.0 0.0 0.944177
Person 0.0 0 0.0 1423.623047 44.593506 1465.751953 155.665283 0.0 0.0 0.0 0.0 0.0 0.0 0.0 0.947186
Person 0.0 0 0.0 1360.078125 421.611328 1531.171875 797.607422 0.0 0.0 0.0 0.0 0.0 0.0 0.0 0.956145
Person 0.0 0 0.0 1591.816406 183.054199 1655.683594 338.225098 0.0 0.0 0.0 0.0 0.0 0.0 0.0 0.964722
