Person 0.0 0 0.0 1843.945312 243.435059 1898.554688 383.576660 0.0 0.0 0.0 0.0 0.0 0.0 0.0 0.724091
Person 0.0 0 0.0 725.405273 55.634766 775.532227 249.697266 0.0 0.0 0.0 0.0 0.0 0.0 0.0 0.726426
Person 0.0 0 0.0 1305.234375 606.577148 1507.265625 929.047852 0.0 0.0 0.0 0.0 0.0 0.0 0.0 0.756358
Person 0.0 0 0.0 1651.933594 358.330078 1781.191406 607.763672 0.0 0.0 0.0 0.0 0.0 0.0 0.0 0.788583
Person 0.0 0 0.0 1460.185547 140.932617 1519.189453 249.301758 0.0 0.0 0.0 0.0 0.0 0.0 0.0 0.806243
Person 0.0 0 0.0 102.744141 168.024902 172.177734 314.230957 0.0 0.0 0.0 0.0 0.0 0.0 0.0 0.819316
Person 0.0 0 0.0 1297.734375 189.909668 1374.140625 368.547363 0.0 0.0 0.0 0.0 0.0 0.0 0.0 0.826712
Person 0.0 0 0.0 2.929688 155.500488 86.660156 348.640137 0.0 0.0 0.0 0.0 0.0 0.0 0.0 0.845942
Person 0.0 0 0.0 1759.628906 223.857422 1823.496094 377.314453 0.0 0.0 0.0 0.0 0.0 0.0 0.0 0.874507
Person 0.0 0 0.0 241.582031 155.764160 332.636719 391.618652 0.0 0.0 0.0 0.0 0.0 0.0 0.0 0.875787
Person 0.0 0 0.0 460.283203 240.732422 552.216797 543.955078 0.0 0.0 0.0 0.0 0.0 0.0 0.0 0.878314
Person 0.0 0 0.0 1269.140625 637.822266 1552.734375 1072.880859 0.0 0.0 0.0 0.0 0.0 0.0 0.0 0.888372
Person 0.0 0 0.0 480.029297 172.045898 572.783203 456.020508 0.0 0.0 0.0 0.0 0.0 0.0 0.0 0.912436
Person 0.0 0 0.0 1439.150391 205.861816 1515.849609 434.860840 0.0 0.0 0.0 0.0 0.0 0.0 0.0 0.912748
Person 0.0 0 0.0 1543.359375 244.160156 1632.890625 472.500000 0.0 0.0 0.0 0.0 0.0 0.0 0.0 0.916409
Person 0.0 0 0.0 1290.878906 252.070312 1420.371094 568.476562 0.0 0.0 0.0 0.0 0.0 0.0 0.0 0.922761
Person 0.0 0 0.0 1368.164062 230.581055 1474.335938 505.063477 0.0 0.0 0.0 0.0 0.0 0.0 0.0 0.927363
Person 0.0 0 0.0 1795.458984 249.697266 1862.666016 409.482422 0.0 0.0 0.0 0.0 0.0 0.0 0.0 0.948155
Person 0.0 0 0.0 659.238281 113.906250 719.824219 369.667969 0.0 0.0 0.0 0.0 0.0 0.0 0.0 0.952397
Person 0.0 0 0.0 575.419922 131.440430 650.830078 405.131836 0.0 0.0 0.0 0.0 0.0 0.0 0.0 0.960212
