Person 0.0 0 0.0 1303.007812 609.741211 1496.367188 929.047852 0.0 0.0 0.0 0.0 0.0 0.0 0.0 0.781331
Person 0.0 0 0.0 1289.282227 81.738281 1335.717773 247.587891 0.0 0.0 0.0 0.0 0.0 0.0 0.0 0.789883
Person 0.0 0 0.0 1430.478516 101.645508 1503.896484 265.122070 0.0 0.0 0.0 0.0 0.0 0.0 0.0 0.794385
Person 0.0 0 0.0 103.417969 165.256348 172.441406 303.815918 0.0 0.0 0.0 0.0 0.0 0.0 0.0 0.831691
Person 0.0 0 0.0 14.384766 145.612793 92.783203 349.035645 0.0 0.0 0.0 0.0 0.0 0.0 0.0 0.848972
Person 0.0 0 0.0 1344.345703 67.994385 1389.404297 178.670654 0.0 0.0 0.0 0.0 0.0 0.0 0.0 0.872782
Person 0.0 0 0.0 1248.984375 646.918945 1563.515625 1073.276367 0.0 0.0 0.0 0.0 0.0 0.0 0.0 0.881207
Person 0.0 0 0.0 1329.052734 45.516357 1367.197266 179.000244 0.0 0.0 0.0 0.0 0.0 0.0 0.0 0.882022
Person 0.0 0 0.0 1675.107422 254.047852 1763.642578 427.280273 0.0 0.0 0.0 0.0 0.0 0.0 0.0 0.886813
Person 0.0 0 0.0 1297.031250 189.514160 1374.843750 382.653809 0.0 0.0 0.0 0.0 0.0 0.0 0.0 0.896614
Person 0.0 0 0.0 758.701172 20.698242 799.423828 230.581055 0.0 0.0 0.0 0.0 0.0 0.0 0.0 0.921074
Person 0.0 0 0.0 1589.091797 195.974121 1684.658203 405.197754 0.0 0.0 0.0 0.0 0.0 0.0 0.0 0.923592
Person 0.0 0 0.0 335.185547 140.009766 410.595703 408.427734 0.0 0.0 0.0 0.0 0.0 0.0 0.0 0.928149
Person 0.0 0 0.0 701.484375 133.022461 764.765625 394.848633 0.0 0.0 0.0 0.0 0.0 0.0 0.0 0.928668
Person 0.0 0 0.0 1321.464844 242.182617 1408.535156 490.825195 0.0 0.0 0.0 0.0 0.0 0.0 0.0 0.937669
Person 0.0 0 0.0 1748.964844 224.318848 1811.660156 385.817871 0.0 0.0 0.0 0.0 0.0 0.0 0.0 0.939692
Person 0.0 0 0.0 1400.097656 38.397217 1434.902344 144.722900 0.0 0.0 0.0 0.0 0.0 0.0 0.0 0.946597
Person 0.0 0 0.0 1795.107422 255.366211 1866.767578 407.504883 0.0 0.0 0.0 0.0 0.0 0.0 0.0 0.951142
Person 0.0 0 0.0 641.425781 152.468262 715.136719 421.809082 0.0 0.0 0.0 0.0 0.0 0.0 0.0 0.959913
Person 0.0 0 0.0 267.509766 146.469727 350.302734 376.391602 0.0 0.0 0.0 0.0 0.0 0.0 0.0 0.965771
