Person 0.0 0 0.0 540.146484 100.656738 595.166016 337.038574 0.0 0.0 0.0 0.0 0.0 0.0 0.0 0.850469
Person 0.0 0 0.0 1398.647461 38.891602 1436.352539 137.768555 0.0 0.0 0.0 0.0 0.0 0.0 0.0 0.853913
Person 0.0 0 0.0 237.509766 167.761230 332.021484 401.770020 0.0 0.0 0.0 0.0 0.0 0.0 0.0 0.858244
Person 0.0 0 0.0 1602.187500 286.083984 1705.312500 520.751953 0.0 0.0 0.0 0.0 0.0 0.0 0.0 0.883638
Person 0.0 0 0.0 445.312500 100.261230 506.250000 327.678223 0.0 0.0 0.0 0.0 0.0 0.0 0.0 0.884838
Person 0.0 0 0.0 342.216797 147.128906 421.845703 422.402344 0.0 0.0 0.0 0.0 0.0 0.0 0.0 0.896976
Person 0.0 0 0.0 1267.734375 639.667969 1554.140625 1073.144531 0.0 0.0 0.0 0.0 0.0 0.0 0.0 0.901921
Person 0.0 0 0.0 1487.285156 114.697266 1548.339844 271.582031 0.0 0.0 0.0 0.0 0.0 0.0 0.0 0.902610
Person 0.0 0 0.0 749.970703 18.852539 795.029297 224.780273 0.0 0.0 0.0 0.0 0.0 0.0 0.0 0.903294
Person 0.0 0 0.0 1115.566406 263.408203 1230.058594 581.396484 0.0 0.0 0.0 0.0 0.0 0.0 0.0 0.904651
Person 0.0 0 0.0 703.505859 49.636230 762.744141 246.994629 0.0 0.0 0.0 0.0 0.0 0.0 0.0 0.907967
Person 0.0 0 0.0 1354.101562 162.224121 1434.023438 369.074707 0.0 0.0 0.0 0.0 0.0 0.0 0.0 0.913677
Person 0.0 0 0.0 1277.343750 296.894531 1475.156250 622.792969 0.0 0.0 0.0 0.0 0.0 0.0 0.0 0.921922
Person 0.0 0 0.0 1753.945312 223.000488 1821.679688 392.937012 0.0 0.0 0.0 0.0 0.0 0.0 0.0 0.928149
Person 0.0 0 0.0 652.617188 119.575195 716.132812 369.536133 0.0 0.0 0.0 0.0 0.0 0.0 0.0 0.934155
Person 0.0 0 0.0 1322.314453 61.040039 1372.060547 201.313477 0.0 0.0 0.0 0.0 0.0 0.0 0.0 0.936052
Person 0.0 0 0.0 1244.501953 219.506836 1341.123047 514.028320 0.0 0.0 0.0 0.0 0.0 0.0 0.0 0.936749
Person 0.0 0 0.0 572.753906 125.639648 638.496094 395.639648 0.0 0.0 0.0 0.0 0.0 0.0 0.0 0.940353
Person 0.0 0 0.0 1792.880859 248.312988 1861.494141 409.284668 0.0 0.0 0.0 0.0 0.0 0.0 0.0 0.950960
Person 0.0 0 0.0 1445.332031 144.558105 1519.042969 304.738770 0.0 0.0 0.0 0.0 0.0 0.0 0.0 0.952750
