Person 0.0 0 0.0 0.820312 148.117676 79.394531 349.431152 0.0 0.0 0.0 0.0 0.0 0.0 0.0 0.781331
Person 0.0 0 0.0 653.935547 0.000000 733.564453 169.079590 0.0 0.0 0.0 0.0 0.0 0.0 0.0 0.783326
Person 0.0 0 0.0 1606.582031 218.254395 1680.292969 330.710449 0.0 0.0 0.0 0.0 0.0 0.0 0.0 0.822189
Person 0.0 0 0.0 340.576172 183.779297 436.142578 472.236328 0.0 0.0 0.0 0.0 0.0 0.0 0.0 0.838151
Person 0.0 0 0.0 1465.136719 151.611328 1525.488281 325.371094 0.0 0.0 0.0 0.0 0.0 0.0 0.0 0.844409
Person 0.0 0 0.0 1784.355469 275.405273 1845.644531 405.922852 0.0 0.0 0.0 0.0 0.0 0.0 0.0 0.847968
Person 0.0 0 0.0 244.189453 165.058594 331.435547 399.726562 0.0 0.0 0.0 0.0 0.0 0.0 0.0 0.867485
Person 0.0 0 0.0 572.402344 151.347656 658.535156 442.968750 0.0 0.0 0.0 0.0 0.0 0.0 0.0 0.882428
Person 0.0 0 0.0 1574.179688 811.120605 1815.820312 1072.551270 0.0 0.0 0.0 0.0 0.0 0.0 0.0 0.883638
Person 0.0 0 0.0 1368.984375 440.463867 1548.515625 797.739258 0.0 0.0 0.0 0.0 0.0 0.0 0.0 0.909265
Person 0.0 0 0.0 717.832031 330.512695 872.167969 700.971680 0.0 0.0 0.0 0.0 0.0 0.0 0.0 0.921922
Person 0.0 0 0.0 1547.490234 281.799316 1632.509766 435.388184 0.0 0.0 0.0 0.0 0.0 0.0 0.0 0.930458
Person 0.0 0 0.0 1425.805664 44.560547 1465.444336 145.942383 0.0 0.0 0.0 0.0 0.0 0.0 0.0 0.931463
Person 0.0 0 0.0 1392.963867 37.144775 1436.411133 154.412842 0.0 0.0 0.0 0.0 0.0 0.0 0.0 0.932453
Person 0.0 0 0.0 1442.841797 264.265137 1559.033203 485.090332 0.0 0.0 0.0 0.0 0.0 0.0 0.0 0.933188
Person 0.0 0 0.0 1220.859375 254.838867 1377.890625 574.145508 0.0 0.0 0.0 0.0 0.0 0.0 0.0 0.935110
Person 0.0 0 0.0 1324.394531 36.518555 1366.230469 175.737305 0.0 0.0 0.0 0.0 0.0 0.0 0.0 0.942507
Person 0.0 0 0.0 701.425781 156.291504 785.449219 419.040527 0.0 0.0 0.0 0.0 0.0 0.0 0.0 0.944382
Person 0.0 0 0.0 1444.511719 392.607422 1651.113281 726.416016 0.0 0.0 0.0 0.0 0.0 0.0 0.0 0.949856
Person 0.0 0 0.0 1678.886719 161.103516 1739.238281 300.058594 0.0 0.0 0.0 0.0 0.0 0.0 0.0 0.952926
