Person 0.0 0 0.0 438.603516 164.465332 548.583984 432.487793 0.0 0.0 0.0 0.0 0.0 0.0 0.0 0.819893
Person 0.0 0 0.0 1743.588867 223.659668 1802.036133 377.512207 0.0 0.0 0.0 0.0 0.0 0.0 0.0 0.821044
Person 0.0 0 0.0 1434.052734 45.450439 1464.697266 145.711670 0.0 0.0 0.0 0.0 0.0 0.0 0.0 0.826712
Person 0.0 0 0.0 1576.875000 796.025391 1813.125000 1072.880859 0.0 0.0 0.0 0.0 0.0 0.0 0.0 0.854885
Person 0.0 0 0.0 1223.876953 302.299805 1335.498047 653.247070 0.0 0.0 0.0 0.0 0.0 0.0 0.0 0.868381
Person 0.0 0 0.0 1775.039062 240.270996 1849.335938 400.979004 0.0 0.0 0.0 0.0 0.0 0.0 0.0 0.878314
Person 0.0 0 0.0 1424.824219 117.004395 1481.425781 306.716309 0.0 0.0 0.0 0.0 0.0 0.0 0.0 0.890675
Person 0.0 0 0.0 302.988281 155.566406 382.324219 440.859375 0.0 0.0 0.0 0.0 0.0 0.0 0.0 0.892187
Person 0.0 0 0.0 594.111328 155.566406 680.888672 442.441406 0.0 0.0 0.0 0.0 0.0 0.0 0.0 0.906983
Person 0.0 0 0.0 1651.435547 204.279785 1719.814453 367.360840 0.0 0.0 0.0 0.0 0.0 0.0 0.0 0.915809
Person 0.0 0 0.0 244.599609 161.960449 331.025391 400.715332 0.0 0.0 0.0 0.0 0.0 0.0 0.0 0.918480
Person 0.0 0 0.0 1391.411133 37.243652 1434.213867 153.654785 0.0 0.0 0.0 0.0 0.0 0.0 0.0 0.934634
Person 0.0 0 0.0 1360.371094 430.048828 1536.503906 797.607422 0.0 0.0 0.0 0.0 0.0 0.0 0.0 0.935346
Person 0.0 0 0.0 1308.837891 169.343262 1355.537109 319.768066 0.0 0.0 0.0 0.0 0.0 0.0 0.0 0.936749
Person 0.0 0 0.0 1360.957031 157.082520 1440.292969 365.251465 0.0 0.0 0.0 0.0 0.0 0.0 0.0 0.941439
Person 0.0 0 0.0 709.365234 158.994141 800.947266 443.759766 0.0 0.0 0.0 0.0 0.0 0.0 0.0 0.948155
Person 0.0 0 0.0 1122.773438 353.056641 1269.726562 744.873047 0.0 0.0 0.0 0.0 0.0 0.0 0.0 0.950595
Person 0.0 0 0.0 1441.669922 152.929688 1535.830078 351.210938 0.0 0.0 0.0 0.0 0.0 0.0 0.0 0.952574
Person 0.0 0 0.0 1553.056641 166.442871 1617.568359 324.250488 0.0 0.0 0.0 0.0 0.0 0.0 0.0 0.966283
Person 0.0 0 0.0 1591.289062 184.042969 1654.335938 339.082031 0.0 0.0 0.0 0.0 0.0 0.0 0.0 0.971564
