Person 0.0 0 0.0 1363.066406 58.337402 1396.933594 146.535645 0.0 0.0 0.0 0.0 0.0 0.0 0.0 0.618780
Person 0.0 0 0.0 703.037109 50.361328 775.400391 216.342773 0.0 0.0 0.0 0.0 0.0 0.0 0.0 0.719384
Person 0.0 0 0.0 737.929688 185.361328 833.320312 409.482422 0.0 0.0 0.0 0.0 0.0 0.0 0.0 0.767690
Person 0.0 0 0.0 587.519531 283.051758 704.355469 609.213867 0.0 0.0 0.0 0.0 0.0 0.0 0.0 0.798187
Person 0.0 0 0.0 13.974609 146.074219 94.013672 349.365234 0.0 0.0 0.0 0.0 0.0 0.0 0.0 0.816991
Person 0.0 0 0.0 355.019531 132.033691 426.386719 392.673340 0.0 0.0 0.0 0.0 0.0 0.0 0.0 0.826151
Person 0.0 0 0.0 1754.355469 223.330078 1823.144531 368.349609 0.0 0.0 0.0 0.0 0.0 0.0 0.0 0.859192
Person 0.0 0 0.0 1407.956543 40.770264 1434.543457 156.983643 0.0 0.0 0.0 0.0 0.0 0.0 0.0 0.878314
Person 0.0 0 0.0 266.572266 147.722168 350.302734 376.193848 0.0 0.0 0.0 0.0 0.0 0.0 0.0 0.896251
Person 0.0 0 0.0 1259.882812 645.468750 1552.617188 1073.671875 0.0 0.0 0.0 0.0 0.0 0.0 0.0 0.908942
Person 0.0 0 0.0 1439.179688 101.447754 1502.695312 265.583496 0.0 0.0 0.0 0.0 0.0 0.0 0.0 0.921640
Person 0.0 0 0.0 665.068359 209.223633 773.056641 516.928711 0.0 0.0 0.0 0.0 0.0 0.0 0.0 0.923592
Person 0.0 0 0.0 1311.123047 127.023926 1402.001953 302.233887 0.0 0.0 0.0 0.0 0.0 0.0 0.0 0.931711
Person 0.0 0 0.0 1672.119141 246.137695 1761.005859 426.752930 0.0 0.0 0.0 0.0 0.0 0.0 0.0 0.937211
Person 0.0 0 0.0 1288.066406 77.915039 1353.808594 241.127930 0.0 0.0 0.0 0.0 0.0 0.0 0.0 0.940134
Person 0.0 0 0.0 1239.433594 392.343750 1417.441406 707.695312 0.0 0.0 0.0 0.0 0.0 0.0 0.0 0.950411
Person 0.0 0 0.0 1805.126953 261.958008 1873.623047 409.350586 0.0 0.0 0.0 0.0 0.0 0.0 0.0 0.955651
Person 0.0 0 0.0 1756.347656 244.951172 1839.902344 404.208984 0.0 0.0 0.0 0.0 0.0 0.0 0.0 0.956796
Person 0.0 0 0.0 1588.505859 201.115723 1696.494141 404.802246 0.0 0.0 0.0 0.0 0.0 0.0 0.0 0.957754
Person 0.0 0 0.0 1329.814453 162.224121 1443.310547 389.904785 0.0 0.0 0.0 0.0 0.0 0.0 0.0 0.962108
