Person 0.0 0 0.0 1755.175781 353.847656 1917.949219 654.433594 0.0 0.0 0.0 0.0 0.0 0.0 0.0 0.730290
Person 0.0 0 0.0 1406.008301 39.122314 1434.616699 104.974365 0.0 0.0 0.0 0.0 0.0 0.0 0.0 0.771155
Person 0.0 0 0.0 102.539062 167.563477 168.398438 302.299805 0.0 0.0 0.0 0.0 0.0 0.0 0.0 0.820469
Person 0.0 0 0.0 1289.794922 75.937500 1333.330078 242.578125 0.0 0.0 0.0 0.0 0.0 0.0 0.0 0.836020
Person 0.0 0 0.0 1323.544922 34.870605 1353.955078 160.114746 0.0 0.0 0.0 0.0 0.0 0.0 0.0 0.846958
Person 0.0 0 0.0 1752.070312 221.286621 1814.179688 366.701660 0.0 0.0 0.0 0.0 0.0 0.0 0.0 0.860134
Person 0.0 0 0.0 342.011719 132.890625 410.800781 404.736328 0.0 0.0 0.0 0.0 0.0 0.0 0.0 0.861538
Person 0.0 0 0.0 1251.210938 654.829102 1542.539062 1073.803711 0.0 0.0 0.0 0.0 0.0 0.0 0.0 0.871037
Person 0.0 0 0.0 1662.421875 202.697754 1723.828125 365.778809 0.0 0.0 0.0 0.0 0.0 0.0 0.0 0.879561
Person 0.0 0 0.0 1756.054688 238.754883 1828.945312 402.495117 0.0 0.0 0.0 0.0 0.0 0.0 0.0 0.887595
Person 0.0 0 0.0 14.882812 145.480957 94.511719 348.376465 0.0 0.0 0.0 0.0 0.0 0.0 0.0 0.896614
Person 0.0 0 0.0 284.414062 143.173828 350.742188 374.677734 0.0 0.0 0.0 0.0 0.0 0.0 0.0 0.904987
Person 0.0 0 0.0 1421.367188 100.327148 1483.007812 260.639648 0.0 0.0 0.0 0.0 0.0 0.0 0.0 0.910863
Person 0.0 0 0.0 757.968750 20.895996 801.093750 227.878418 0.0 0.0 0.0 0.0 0.0 0.0 0.0 0.913368
Person 0.0 0 0.0 718.696289 51.416016 766.303711 250.488281 0.0 0.0 0.0 0.0 0.0 0.0 0.0 0.917893
Person 0.0 0 0.0 1570.371094 183.779297 1662.128906 393.662109 0.0 0.0 0.0 0.0 0.0 0.0 0.0 0.936052
Person 0.0 0 0.0 588.955078 180.483398 687.919922 485.024414 0.0 0.0 0.0 0.0 0.0 0.0 0.0 0.944791
Person 0.0 0 0.0 634.658203 117.268066 731.279297 368.415527 0.0 0.0 0.0 0.0 0.0 0.0 0.0 0.950041
Person 0.0 0 0.0 1796.953125 250.422363 1864.921875 406.120605 0.0 0.0 0.0 0.0 0.0 0.0 0.0 0.952574
Person 0.0 0 0.0 1310.537109 226.098633 1411.962891 474.213867 0.0 0.0 0.0 0.0 0.0 0.0 0.0 0.959913
