Person 0.0 0 0.0 1693.593750 200.456543 1756.406250 345.344238 0.0 0.0 0.0 0.0 0.0 0.0 0.0 0.809878
Person 0.0 0 0.0 1746.547852 222.802734 1800.952148 380.478516 0.0 0.0 0.0 0.0 0.0 0.0 0.0 0.829492
Person 0.0 0 0.0 1575.937500 795.498047 1819.687500 1073.408203 0.0 0.0 0.0 0.0 0.0 0.0 0.0 0.868381
Person 0.0 0 0.0 1782.451172 234.799805 1849.423828 405.395508 0.0 0.0 0.0 0.0 0.0 0.0 0.0 0.873215
Person 0.0 0 0.0 304.365234 154.116211 382.353516 441.254883 0.0 0.0 0.0 0.0 0.0 0.0 0.0 0.877056
Person 0.0 0 0.0 393.017578 168.947754 483.076172 438.552246 0.0 0.0 0.0 0.0 0.0 0.0 0.0 0.883236
Person 0.0 0 0.0 1307.578125 183.383789 1375.546875 331.567383 0.0 0.0 0.0 0.0 0.0 0.0 0.0 0.883638
Person 0.0 0 0.0 596.425781 158.730469 674.824219 442.968750 0.0 0.0 0.0 0.0 0.0 0.0 0.0 0.908293
Person 0.0 0 0.0 1566.972656 160.510254 1609.277344 282.985840 0.0 0.0 0.0 0.0 0.0 0.0 0.0 0.920790
Person 0.0 0 0.0 244.511719 164.663086 331.113281 401.704102 0.0 0.0 0.0 0.0 0.0 0.0 0.0 0.927363
Person 0.0 0 0.0 1361.250000 164.729004 1445.625000 368.942871 0.0 0.0 0.0 0.0 0.0 0.0 0.0 0.927888
Person 0.0 0 0.0 1190.156250 251.147461 1359.843750 579.946289 0.0 0.0 0.0 0.0 0.0 0.0 0.0 0.929440
Person 0.0 0 0.0 1390.927734 37.012939 1434.697266 153.885498 0.0 0.0 0.0 0.0 0.0 0.0 0.0 0.930205
Person 0.0 0 0.0 1422.656250 143.239746 1492.968750 335.588379 0.0 0.0 0.0 0.0 0.0 0.0 0.0 0.931213
Person 0.0 0 0.0 1501.494141 245.148926 1590.380859 414.558105 0.0 0.0 0.0 0.0 0.0 0.0 0.0 0.939913
Person 0.0 0 0.0 1423.256836 44.428711 1466.118164 156.489258 0.0 0.0 0.0 0.0 0.0 0.0 0.0 0.946399
Person 0.0 0 0.0 1360.078125 425.039062 1538.671875 797.343750 0.0 0.0 0.0 0.0 0.0 0.0 0.0 0.952750
Person 0.0 0 0.0 709.160156 159.521484 802.089844 443.232422 0.0 0.0 0.0 0.0 0.0 0.0 0.0 0.954984
Person 0.0 0 0.0 1462.324219 154.379883 1528.300781 323.657227 0.0 0.0 0.0 0.0 0.0 0.0 0.0 0.959154
Person 0.0 0 0.0 1595.009766 184.372559 1654.365234 338.488770 0.0 0.0 0.0 0.0 0.0 0.0 0.0 0.966663
