Person 0.0 0 0.0 553.417969 98.745117 613.769531 336.840820 0.0 0.0 0.0 0.0 0.0 0.0 0.0 0.757077
Person 0.0 0 0.0 1304.355469 613.168945 1498.769531 929.838867 0.0 0.0 0.0 0.0 0.0 0.0 0.0 0.775945
Person 0.0 0 0.0 1398.002930 37.803955 1431.372070 137.010498 0.0 0.0 0.0 0.0 0.0 0.0 0.0 0.798815
Person 0.0 0 0.0 9.433594 154.313965 86.542969 348.508301 0.0 0.0 0.0 0.0 0.0 0.0 0.0 0.843380
Person 0.0 0 0.0 238.798828 165.651855 330.732422 401.770020 0.0 0.0 0.0 0.0 0.0 0.0 0.0 0.849971
Person 0.0 0 0.0 445.312500 100.590820 506.250000 327.348633 0.0 0.0 0.0 0.0 0.0 0.0 0.0 0.877056
Person 0.0 0 0.0 342.451172 146.206055 421.611328 422.270508 0.0 0.0 0.0 0.0 0.0 0.0 0.0 0.887984
Person 0.0 0 0.0 1267.734375 640.590820 1554.140625 1073.276367 0.0 0.0 0.0 0.0 0.0 0.0 0.0 0.900179
Person 0.0 0 0.0 709.057617 50.559082 764.692383 247.126465 0.0 0.0 0.0 0.0 0.0 0.0 0.0 0.903975
Person 0.0 0 0.0 1353.896484 164.003906 1434.228516 367.031250 0.0 0.0 0.0 0.0 0.0 0.0 0.0 0.905322
Person 0.0 0 0.0 1602.421875 288.720703 1708.828125 518.115234 0.0 0.0 0.0 0.0 0.0 0.0 0.0 0.909265
Person 0.0 0 0.0 1115.712891 263.144531 1233.662109 581.660156 0.0 0.0 0.0 0.0 0.0 0.0 0.0 0.913058
Person 0.0 0 0.0 654.023438 119.641113 716.601562 369.470215 0.0 0.0 0.0 0.0 0.0 0.0 0.0 0.930711
Person 0.0 0 0.0 1493.437500 115.422363 1553.437500 272.438965 0.0 0.0 0.0 0.0 0.0 0.0 0.0 0.932207
Person 0.0 0 0.0 1306.538086 69.016113 1363.461914 206.784668 0.0 0.0 0.0 0.0 0.0 0.0 0.0 0.932699
Person 0.0 0 0.0 576.679688 125.639648 634.570312 395.639648 0.0 0.0 0.0 0.0 0.0 0.0 0.0 0.933188
Person 0.0 0 0.0 1244.501953 219.770508 1341.123047 513.764648 0.0 0.0 0.0 0.0 0.0 0.0 0.0 0.934634
Person 0.0 0 0.0 1753.242188 223.066406 1822.382812 392.871094 0.0 0.0 0.0 0.0 0.0 0.0 0.0 0.945801
Person 0.0 0 0.0 1444.365234 147.326660 1521.884766 304.079590 0.0 0.0 0.0 0.0 0.0 0.0 0.0 0.946399
Person 0.0 0 0.0 1795.136719 248.312988 1861.113281 409.284668 0.0 0.0 0.0 0.0 0.0 0.0 0.0 0.946597
