Person 0.0 0 0.0 654.287109 0.263672 732.275391 169.541016 0.0 0.0 0.0 0.0 0.0 0.0 0.0 0.794385
Person 0.0 0 0.0 1404.755859 138.889160 1469.619141 321.745605 0.0 0.0 0.0 0.0 0.0 0.0 0.0 0.811676
Person 0.0 0 0.0 1747.133789 224.187012 1802.241211 381.203613 0.0 0.0 0.0 0.0 0.0 0.0 0.0 0.818737
Person 0.0 0 0.0 1329.902344 364.790039 1467.597656 666.166992 0.0 0.0 0.0 0.0 0.0 0.0 0.0 0.842345
Person 0.0 0 0.0 300.849609 156.687012 374.150391 410.207520 0.0 0.0 0.0 0.0 0.0 0.0 0.0 0.845433
Person 0.0 0 0.0 1484.194336 152.797852 1527.055664 328.139648 0.0 0.0 0.0 0.0 0.0 0.0 0.0 0.847968
Person 0.0 0 0.0 797.929688 327.216797 898.007812 707.958984 0.0 0.0 0.0 0.0 0.0 0.0 0.0 0.852935
Person 0.0 0 0.0 1653.881836 143.503418 1687.368164 277.316895 0.0 0.0 0.0 0.0 0.0 0.0 0.0 0.883236
Person 0.0 0 0.0 1775.068359 226.625977 1834.306641 381.401367 0.0 0.0 0.0 0.0 0.0 0.0 0.0 0.888759
Person 0.0 0 0.0 251.689453 166.904297 331.435547 399.990234 0.0 0.0 0.0 0.0 0.0 0.0 0.0 0.913368
Person 0.0 0 0.0 1352.812500 392.475586 1512.187500 747.641602 0.0 0.0 0.0 0.0 0.0 0.0 0.0 0.914291
Person 0.0 0 0.0 1422.685547 42.583008 1464.814453 142.514648 0.0 0.0 0.0 0.0 0.0 0.0 0.0 0.924415
Person 0.0 0 0.0 1183.593750 256.157227 1368.281250 575.463867 0.0 0.0 0.0 0.0 0.0 0.0 0.0 0.925230
Person 0.0 0 0.0 350.039062 191.821289 471.210938 473.159180 0.0 0.0 0.0 0.0 0.0 0.0 0.0 0.940353
Person 0.0 0 0.0 1394.516602 36.320801 1436.733398 153.786621 0.0 0.0 0.0 0.0 0.0 0.0 0.0 0.941007
Person 0.0 0 0.0 1340.083008 42.352295 1389.916992 172.540283 0.0 0.0 0.0 0.0 0.0 0.0 0.0 0.941654
Person 0.0 0 0.0 572.402344 147.260742 650.097656 430.180664 0.0 0.0 0.0 0.0 0.0 0.0 0.0 0.942507
Person 0.0 0 0.0 676.435547 128.540039 767.314453 399.594727 0.0 0.0 0.0 0.0 0.0 0.0 0.0 0.966663
Person 0.0 0 0.0 1597.500000 197.951660 1663.125000 359.450684 0.0 0.0 0.0 0.0 0.0 0.0 0.0 0.969556
Person 0.0 0 0.0 1544.941406 184.306641 1616.308594 348.574219 0.0 0.0 0.0 0.0 0.0 0.0 0.0 0.969785
