Person 0.0 0 0.0 947.695312 227.087402 1069.804688 449.494629 0.0 0.0 0.0 0.0 0.0 0.0 0.0 0.896976
Person 0.0 0 0.0 295.605469 152.797852 382.207031 426.225586 0.0 0.0 0.0 0.0 0.0 0.0 0.0 0.901227
Person 0.0 0 0.0 829.160156 306.518555 956.777344 668.012695 0.0 0.0 0.0 0.0 0.0 0.0 0.0 0.909907
Person 0.0 0 0.0 1392.304688 35.991211 1427.695312 143.964844 0.0 0.0 0.0 0.0 0.0 0.0 0.0 0.914291
Person 0.0 0 0.0 405.644531 165.717773 520.136719 439.145508 0.0 0.0 0.0 0.0 0.0 0.0 0.0 0.915507
Person 0.0 0 0.0 1596.767578 202.434082 1663.857422 359.714355 0.0 0.0 0.0 0.0 0.0 0.0 0.0 0.922482
Person 0.0 0 0.0 242.490234 166.706543 331.728516 399.133301 0.0 0.0 0.0 0.0 0.0 0.0 0.0 0.923039
Person 0.0 0 0.0 1323.574219 23.269043 1363.300781 142.976074 0.0 0.0 0.0 0.0 0.0 0.0 0.0 0.924688
Person 0.0 0 0.0 1346.103516 153.127441 1419.521484 359.714355 0.0 0.0 0.0 0.0 0.0 0.0 0.0 0.927363
Person 0.0 0 0.0 1520.742188 771.503906 1764.257812 1073.144531 0.0 0.0 0.0 0.0 0.0 0.0 0.0 0.928668
Person 0.0 0 0.0 555.292969 136.450195 647.519531 408.823242 0.0 0.0 0.0 0.0 0.0 0.0 0.0 0.932207
Person 0.0 0 0.0 1297.016602 176.660156 1352.358398 375.996094 0.0 0.0 0.0 0.0 0.0 0.0 0.0 0.939471
Person 0.0 0 0.0 1779.213867 227.219238 1833.911133 389.772949 0.0 0.0 0.0 0.0 0.0 0.0 0.0 0.942082
Person 0.0 0 0.0 1366.494141 271.647949 1477.880859 495.109863 0.0 0.0 0.0 0.0 0.0 0.0 0.0 0.945601
Person 0.0 0 0.0 1653.515625 320.229492 1788.984375 529.321289 0.0 0.0 0.0 0.0 0.0 0.0 0.0 0.947186
Person 0.0 0 0.0 1452.919922 145.546875 1528.330078 325.107422 0.0 0.0 0.0 0.0 0.0 0.0 0.0 0.953794
Person 0.0 0 0.0 1301.660156 428.730469 1478.964844 815.800781 0.0 0.0 0.0 0.0 0.0 0.0 0.0 0.954308
Person 0.0 0 0.0 1552.558594 188.789062 1619.941406 354.375000 0.0 0.0 0.0 0.0 0.0 0.0 0.0 0.958226
Person 0.0 0 0.0 678.134766 128.803711 769.365234 399.858398 0.0 0.0 0.0 0.0 0.0 0.0 0.0 0.959001
Person 0.0 0 0.0 1402.353516 137.373047 1485.146484 315.878906 0.0 0.0 0.0 0.0 0.0 0.0 0.0 0.962108
