Person 0.0 0 0.0 1303.066406 613.564453 1490.683594 931.552734 0.0 0.0 0.0 0.0 0.0 0.0 0.0 0.568895
Person 0.0 0 0.0 1844.472656 242.248535 1896.152344 377.380371 0.0 0.0 0.0 0.0 0.0 0.0 0.0 0.638835
Person 0.0 0 0.0 1759.628906 355.957031 1917.246094 654.433594 0.0 0.0 0.0 0.0 0.0 0.0 0.0 0.685949
Person 0.0 0 0.0 1754.824219 220.957031 1815.175781 367.558594 0.0 0.0 0.0 0.0 0.0 0.0 0.0 0.700895
Person 0.0 0 0.0 727.294922 49.768066 768.017578 241.325684 0.0 0.0 0.0 0.0 0.0 0.0 0.0 0.829492
Person 0.0 0 0.0 102.158203 167.761230 169.248047 305.266113 0.0 0.0 0.0 0.0 0.0 0.0 0.0 0.841826
Person 0.0 0 0.0 760.034180 20.632324 799.965820 228.933105 0.0 0.0 0.0 0.0 0.0 0.0 0.0 0.851953
Person 0.0 0 0.0 17.783203 146.008301 94.775391 348.640137 0.0 0.0 0.0 0.0 0.0 0.0 0.0 0.859664
Person 0.0 0 0.0 1249.804688 645.732422 1545.820312 1073.408203 0.0 0.0 0.0 0.0 0.0 0.0 0.0 0.861538
Person 0.0 0 0.0 1407.114258 39.089355 1435.385742 142.053223 0.0 0.0 0.0 0.0 0.0 0.0 0.0 0.871037
Person 0.0 0 0.0 342.216797 132.099609 412.001953 407.373047 0.0 0.0 0.0 0.0 0.0 0.0 0.0 0.879561
Person 0.0 0 0.0 1580.566406 181.406250 1676.308594 370.722656 0.0 0.0 0.0 0.0 0.0 0.0 0.0 0.883638
Person 0.0 0 0.0 1288.901367 73.300781 1337.973633 246.269531 0.0 0.0 0.0 0.0 0.0 0.0 0.0 0.919643
Person 0.0 0 0.0 1418.671875 97.756348 1480.078125 258.464355 0.0 0.0 0.0 0.0 0.0 0.0 0.0 0.937669
Person 0.0 0 0.0 667.148438 175.209961 759.726562 474.477539 0.0 0.0 0.0 0.0 0.0 0.0 0.0 0.938350
Person 0.0 0 0.0 1663.974609 229.724121 1750.400391 368.283691 0.0 0.0 0.0 0.0 0.0 0.0 0.0 0.942507
Person 0.0 0 0.0 265.371094 144.426270 351.972656 368.679199 0.0 0.0 0.0 0.0 0.0 0.0 0.0 0.949669
Person 0.0 0 0.0 1310.712891 227.416992 1415.537109 473.950195 0.0 0.0 0.0 0.0 0.0 0.0 0.0 0.951142
Person 0.0 0 0.0 1794.755859 249.104004 1863.369141 407.438965 0.0 0.0 0.0 0.0 0.0 0.0 0.0 0.960063
Person 0.0 0 0.0 631.025391 117.729492 715.224609 365.844727 0.0 0.0 0.0 0.0 0.0 0.0 0.0 0.967533
