Person 0.0 0 0.0 1406.396484 138.691406 1520.478516 321.152344 0.0 0.0 0.0 0.0 0.0 0.0 0.0 0.818156
Person 0.0 0 0.0 1744.775391 221.879883 1798.974609 379.819336 0.0 0.0 0.0 0.0 0.0 0.0 0.0 0.861538
Person 0.0 0 0.0 831.884766 290.434570 923.115234 665.112305 0.0 0.0 0.0 0.0 0.0 0.0 0.0 0.867934
Person 0.0 0 0.0 1137.275391 247.456055 1234.599609 589.965820 0.0 0.0 0.0 0.0 0.0 0.0 0.0 0.870157
Person 0.0 0 0.0 303.837891 155.434570 388.505859 425.698242 0.0 0.0 0.0 0.0 0.0 0.0 0.0 0.899121
Person 0.0 0 0.0 1481.865234 152.468262 1529.384766 324.514160 0.0 0.0 0.0 0.0 0.0 0.0 0.0 0.910545
Person 0.0 0 0.0 1266.503906 536.967773 1465.371094 954.360352 0.0 0.0 0.0 0.0 0.0 0.0 0.0 0.915507
Person 0.0 0 0.0 1773.720703 333.215332 1871.279297 524.772949 0.0 0.0 0.0 0.0 0.0 0.0 0.0 0.924959
Person 0.0 0 0.0 570.087891 153.984375 648.662109 427.675781 0.0 0.0 0.0 0.0 0.0 0.0 0.0 0.925500
Person 0.0 0 0.0 1769.501953 226.230469 1834.248047 384.433594 0.0 0.0 0.0 0.0 0.0 0.0 0.0 0.927626
Person 0.0 0 0.0 1408.652344 51.976318 1454.472656 155.137939 0.0 0.0 0.0 0.0 0.0 0.0 0.0 0.931463
Person 0.0 0 0.0 1658.452148 149.567871 1703.422852 294.982910 0.0 0.0 0.0 0.0 0.0 0.0 0.0 0.932944
Person 0.0 0 0.0 381.269531 183.911133 477.011719 463.139648 0.0 0.0 0.0 0.0 0.0 0.0 0.0 0.937440
Person 0.0 0 0.0 1297.441406 177.319336 1355.683594 373.227539 0.0 0.0 0.0 0.0 0.0 0.0 0.0 0.940353
Person 0.0 0 0.0 1344.843750 153.654785 1417.031250 358.659668 0.0 0.0 0.0 0.0 0.0 0.0 0.0 0.952574
Person 0.0 0 0.0 1356.621094 255.959473 1489.628906 502.888184 0.0 0.0 0.0 0.0 0.0 0.0 0.0 0.953966
Person 0.0 0 0.0 1597.177734 204.345703 1665.322266 359.912109 0.0 0.0 0.0 0.0 0.0 0.0 0.0 0.956145
Person 0.0 0 0.0 674.853516 127.880859 758.583984 399.990234 0.0 0.0 0.0 0.0 0.0 0.0 0.0 0.957278
Person 0.0 0 0.0 1338.120117 33.354492 1378.754883 165.454102 0.0 0.0 0.0 0.0 0.0 0.0 0.0 0.961098
Person 0.0 0 0.0 1544.179688 181.735840 1617.070312 347.980957 0.0 0.0 0.0 0.0 0.0 0.0 0.0 0.965381
