Person 0.0 0 0.0 1733.964844 222.670898 1800.410156 372.700195 0.0 0.0 0.0 0.0 0.0 0.0 0.0 0.761361
Person 0.0 0 0.0 1157.050781 588.647461 1392.949219 1001.821289 0.0 0.0 0.0 0.0 0.0 0.0 0.0 0.801936
Person 0.0 0 0.0 85.078125 166.574707 161.015625 325.173340 0.0 0.0 0.0 0.0 0.0 0.0 0.0 0.802556
Person 0.0 0 0.0 1442.519531 365.976562 1583.730469 705.585938 0.0 0.0 0.0 0.0 0.0 0.0 0.0 0.807461
Person 0.0 0 0.0 1224.521484 302.695312 1331.103516 652.851562 0.0 0.0 0.0 0.0 0.0 0.0 0.0 0.836020
Person 0.0 0 0.0 298.183594 156.884766 378.691406 439.013672 0.0 0.0 0.0 0.0 0.0 0.0 0.0 0.888759
Person 0.0 0 0.0 1774.541016 235.129395 1847.958984 400.847168 0.0 0.0 0.0 0.0 0.0 0.0 0.0 0.904987
Person 0.0 0 0.0 1391.865234 37.276611 1435.634766 154.940186 0.0 0.0 0.0 0.0 0.0 0.0 0.0 0.911495
Person 0.0 0 0.0 1360.048828 162.290039 1435.576172 371.118164 0.0 0.0 0.0 0.0 0.0 0.0 0.0 0.912436
Person 0.0 0 0.0 1667.241211 187.800293 1719.008789 346.398926 0.0 0.0 0.0 0.0 0.0 0.0 0.0 0.917598
Person 0.0 0 0.0 1374.960938 427.148438 1540.664062 798.398438 0.0 0.0 0.0 0.0 0.0 0.0 0.0 0.918772
Person 0.0 0 0.0 1308.574219 185.031738 1368.925781 369.733887 0.0 0.0 0.0 0.0 0.0 0.0 0.0 0.921074
Person 0.0 0 0.0 247.207031 164.729004 331.699219 400.583496 0.0 0.0 0.0 0.0 0.0 0.0 0.0 0.940134
Person 0.0 0 0.0 1124.062500 355.429688 1266.562500 744.609375 0.0 0.0 0.0 0.0 0.0 0.0 0.0 0.942929
Person 0.0 0 0.0 1429.833984 46.109619 1467.041016 144.788818 0.0 0.0 0.0 0.0 0.0 0.0 0.0 0.945197
Person 0.0 0 0.0 595.986328 156.621094 697.763672 442.441406 0.0 0.0 0.0 0.0 0.0 0.0 0.0 0.947769
Person 0.0 0 0.0 1441.552734 152.402344 1537.822266 350.419922 0.0 0.0 0.0 0.0 0.0 0.0 0.0 0.952042
Person 0.0 0 0.0 709.394531 158.466797 807.480469 443.232422 0.0 0.0 0.0 0.0 0.0 0.0 0.0 0.956796
Person 0.0 0 0.0 1552.661133 163.278809 1612.338867 324.250488 0.0 0.0 0.0 0.0 0.0 0.0 0.0 0.967163
Person 0.0 0 0.0 1592.050781 184.372559 1653.574219 338.488770 0.0 0.0 0.0 0.0 0.0 0.0 0.0 0.979354
