Person 0.0 0 0.0 1422.641602 124.584961 1476.108398 305.200195 0.0 0.0 0.0 0.0 0.0 0.0 0.0 0.755637
Person 0.0 0 0.0 1303.886719 613.959961 1504.863281 929.047852 0.0 0.0 0.0 0.0 0.0 0.0 0.0 0.785966
Person 0.0 0 0.0 320.625000 126.826172 403.125000 408.164062 0.0 0.0 0.0 0.0 0.0 0.0 0.0 0.795022
Person 0.0 0 0.0 1280.009766 94.526367 1365.615234 276.196289 0.0 0.0 0.0 0.0 0.0 0.0 0.0 0.823896
Person 0.0 0 0.0 97.236328 168.750000 174.638672 317.724609 0.0 0.0 0.0 0.0 0.0 0.0 0.0 0.840783
Person 0.0 0 0.0 2.988281 156.423340 86.074219 348.771973 0.0 0.0 0.0 0.0 0.0 0.0 0.0 0.861072
Person 0.0 0 0.0 248.818359 157.016602 338.056641 391.948242 0.0 0.0 0.0 0.0 0.0 0.0 0.0 0.871037
Person 0.0 0 0.0 1021.171875 289.050293 1155.703125 497.219238 0.0 0.0 0.0 0.0 0.0 0.0 0.0 0.889529
Person 0.0 0 0.0 1652.314453 204.345703 1709.560547 354.638672 0.0 0.0 0.0 0.0 0.0 0.0 0.0 0.899121
Person 0.0 0 0.0 1268.320312 638.085938 1561.054688 1073.671875 0.0 0.0 0.0 0.0 0.0 0.0 0.0 0.900179
Person 0.0 0 0.0 1795.078125 249.565430 1863.046875 409.614258 0.0 0.0 0.0 0.0 0.0 0.0 0.0 0.915205
Person 0.0 0 0.0 1404.565430 38.693848 1436.059570 147.458496 0.0 0.0 0.0 0.0 0.0 0.0 0.0 0.919931
Person 0.0 0 0.0 1447.382812 124.453125 1501.992188 304.013672 0.0 0.0 0.0 0.0 0.0 0.0 0.0 0.920504
Person 0.0 0 0.0 1493.759766 162.224121 1583.115234 369.074707 0.0 0.0 0.0 0.0 0.0 0.0 0.0 0.937669
Person 0.0 0 0.0 696.621094 155.566406 806.191406 437.167969 0.0 0.0 0.0 0.0 0.0 0.0 0.0 0.944995
Person 0.0 0 0.0 1348.652344 152.006836 1426.347656 361.625977 0.0 0.0 0.0 0.0 0.0 0.0 0.0 0.945197
Person 0.0 0 0.0 1297.851562 177.978516 1351.523438 376.787109 0.0 0.0 0.0 0.0 0.0 0.0 0.0 0.948728
Person 0.0 0 0.0 1306.757812 254.970703 1441.992188 504.404297 0.0 0.0 0.0 0.0 0.0 0.0 0.0 0.950595
Person 0.0 0 0.0 574.658203 131.967773 647.841797 405.659180 0.0 0.0 0.0 0.0 0.0 0.0 0.0 0.955651
Person 0.0 0 0.0 653.115234 118.520508 734.384766 377.182617 0.0 0.0 0.0 0.0 0.0 0.0 0.0 0.968141
