Person 0.0 0 0.0 753.251953 20.302734 802.998047 228.471680 0.0 0.0 0.0 0.0 0.0 0.0 0.0 0.590779
Person 0.0 0 0.0 907.441406 250.488281 1033.183594 528.398438 0.0 0.0 0.0 0.0 0.0 0.0 0.0 0.617859
Person 0.0 0 0.0 1753.593750 356.616211 1915.781250 653.774414 0.0 0.0 0.0 0.0 0.0 0.0 0.0 0.685107
Person 0.0 0 0.0 1753.945312 224.318848 1819.804688 367.888184 0.0 0.0 0.0 0.0 0.0 0.0 0.0 0.698432
Person 0.0 0 0.0 1362.128906 78.508301 1437.246094 220.231934 0.0 0.0 0.0 0.0 0.0 0.0 0.0 0.740925
Person 0.0 0 0.0 1041.826172 263.078613 1138.798828 525.827637 0.0 0.0 0.0 0.0 0.0 0.0 0.0 0.815233
Person 0.0 0 0.0 190.693359 109.291992 272.900391 322.338867 0.0 0.0 0.0 0.0 0.0 0.0 0.0 0.823896
Person 0.0 0 0.0 679.189453 51.152344 775.810547 251.015625 0.0 0.0 0.0 0.0 0.0 0.0 0.0 0.836020
Person 0.0 0 0.0 526.582031 293.203125 639.667969 621.738281 0.0 0.0 0.0 0.0 0.0 0.0 0.0 0.871912
Person 0.0 0 0.0 364.218750 419.238281 521.250000 799.980469 0.0 0.0 0.0 0.0 0.0 0.0 0.0 0.894421
Person 0.0 0 0.0 1302.480469 610.532227 1506.269531 931.420898 0.0 0.0 0.0 0.0 0.0 0.0 0.0 0.910863
Person 0.0 0 0.0 341.484375 130.781250 422.578125 394.453125 0.0 0.0 0.0 0.0 0.0 0.0 0.0 0.914596
Person 0.0 0 0.0 1260.000000 666.166992 1590.000000 1073.012695 0.0 0.0 0.0 0.0 0.0 0.0 0.0 0.918187
Person 0.0 0 0.0 1492.734375 276.394043 1606.640625 486.672363 0.0 0.0 0.0 0.0 0.0 0.0 0.0 0.920218
Person 0.0 0 0.0 1481.601562 120.629883 1537.148438 245.874023 0.0 0.0 0.0 0.0 0.0 0.0 0.0 0.922761
Person 0.0 0 0.0 1736.103516 321.679688 1843.271484 518.906250 0.0 0.0 0.0 0.0 0.0 0.0 0.0 0.933915
Person 0.0 0 0.0 267.041016 151.940918 350.302734 376.721191 0.0 0.0 0.0 0.0 0.0 0.0 0.0 0.936052
Person 0.0 0 0.0 1396.054688 227.482910 1497.070312 452.263184 0.0 0.0 0.0 0.0 0.0 0.0 0.0 0.937211
Person 0.0 0 0.0 1760.537109 238.886719 1830.087891 396.035156 0.0 0.0 0.0 0.0 0.0 0.0 0.0 0.945601
Person 0.0 0 0.0 1634.150391 242.512207 1731.474609 435.124512 0.0 0.0 0.0 0.0 0.0 0.0 0.0 0.950227
