Person 0.0 0 0.0 717.348633 48.713379 766.713867 250.554199 0.0 0.0 0.0 0.0 0.0 0.0 0.0 0.841826
Person 0.0 0 0.0 1786.025391 334.335938 1883.349609 524.707031 0.0 0.0 0.0 0.0 0.0 0.0 0.0 0.843895
Person 0.0 0 0.0 759.169922 21.027832 802.705078 229.460449 0.0 0.0 0.0 0.0 0.0 0.0 0.0 0.844922
Person 0.0 0 0.0 1313.510742 31.574707 1354.614258 148.645020 0.0 0.0 0.0 0.0 0.0 0.0 0.0 0.871037
Person 0.0 0 0.0 1804.453125 261.430664 1870.546875 409.877930 0.0 0.0 0.0 0.0 0.0 0.0 0.0 0.883236
Person 0.0 0 0.0 1357.939453 78.771973 1424.560547 215.749512 0.0 0.0 0.0 0.0 0.0 0.0 0.0 0.888759
Person 0.0 0 0.0 1211.572266 258.793945 1321.552734 582.319336 0.0 0.0 0.0 0.0 0.0 0.0 0.0 0.904651
Person 0.0 0 0.0 1444.365234 105.073242 1503.134766 242.446289 0.0 0.0 0.0 0.0 0.0 0.0 0.0 0.909907
Person 0.0 0 0.0 505.546875 629.252930 698.203125 1010.786133 0.0 0.0 0.0 0.0 0.0 0.0 0.0 0.911180
Person 0.0 0 0.0 1671.884766 243.237305 1753.740234 425.961914 0.0 0.0 0.0 0.0 0.0 0.0 0.0 0.913368
Person 0.0 0 0.0 260.947266 146.931152 350.302734 375.402832 0.0 0.0 0.0 0.0 0.0 0.0 0.0 0.917893
Person 0.0 0 0.0 1580.654297 201.247559 1693.095703 404.670410 0.0 0.0 0.0 0.0 0.0 0.0 0.0 0.921922
Person 0.0 0 0.0 1490.009766 268.417969 1583.115234 478.300781 0.0 0.0 0.0 0.0 0.0 0.0 0.0 0.924142
Person 0.0 0 0.0 321.708984 132.495117 424.072266 395.375977 0.0 0.0 0.0 0.0 0.0 0.0 0.0 0.924959
Person 0.0 0 0.0 1260.117188 668.408203 1597.382812 1072.880859 0.0 0.0 0.0 0.0 0.0 0.0 0.0 0.926037
Person 0.0 0 0.0 1754.765625 237.304688 1828.359375 399.726562 0.0 0.0 0.0 0.0 0.0 0.0 0.0 0.935346
Person 0.0 0 0.0 655.546875 254.575195 746.953125 578.627930 0.0 0.0 0.0 0.0 0.0 0.0 0.0 0.941654
Person 0.0 0 0.0 1302.773438 614.487305 1509.726562 961.215820 0.0 0.0 0.0 0.0 0.0 0.0 0.0 0.944382
Person 0.0 0 0.0 1391.396484 90.373535 1473.603516 236.579590 0.0 0.0 0.0 0.0 0.0 0.0 0.0 0.951684
Person 0.0 0 0.0 1398.779297 209.355469 1505.595703 444.023438 0.0 0.0 0.0 0.0 0.0 0.0 0.0 0.951863
