Person 0.0 0 0.0 655.253906 0.000000 732.246094 168.552246 0.0 0.0 0.0 0.0 0.0 0.0 0.0 0.728748
Person 0.0 0 0.0 1407.604980 36.716309 1436.770020 150.754395 0.0 0.0 0.0 0.0 0.0 0.0 0.0 0.781997
Person 0.0 0 0.0 1439.648438 364.526367 1586.601562 707.036133 0.0 0.0 0.0 0.0 0.0 0.0 0.0 0.801315
Person 0.0 0 0.0 832.265625 292.412109 987.421875 631.494141 0.0 0.0 0.0 0.0 0.0 0.0 0.0 0.804406
Person 0.0 0 0.0 1782.656250 270.395508 1845.468750 405.659180 0.0 0.0 0.0 0.0 0.0 0.0 0.0 0.805020
Person 0.0 0 0.0 242.666016 165.981445 331.552734 399.331055 0.0 0.0 0.0 0.0 0.0 0.0 0.0 0.849971
Person 0.0 0 0.0 397.998047 147.524414 486.533203 415.151367 0.0 0.0 0.0 0.0 0.0 0.0 0.0 0.851459
Person 0.0 0 0.0 1410.791016 137.834473 1482.333984 335.192871 0.0 0.0 0.0 0.0 0.0 0.0 0.0 0.852445
Person 0.0 0 0.0 590.537109 157.412109 676.025391 443.232422 0.0 0.0 0.0 0.0 0.0 0.0 0.0 0.861538
Person 0.0 0 0.0 1444.306641 264.331055 1559.443359 481.333008 0.0 0.0 0.0 0.0 0.0 0.0 0.0 0.883638
Person 0.0 0 0.0 1537.441406 195.446777 1614.433594 368.811035 0.0 0.0 0.0 0.0 0.0 0.0 0.0 0.884439
Person 0.0 0 0.0 1574.882812 796.816406 1815.117188 1073.144531 0.0 0.0 0.0 0.0 0.0 0.0 0.0 0.897695
Person 0.0 0 0.0 1368.457031 158.071289 1434.667969 361.889648 0.0 0.0 0.0 0.0 0.0 0.0 0.0 0.901227
Person 0.0 0 0.0 339.697266 185.229492 432.802734 463.930664 0.0 0.0 0.0 0.0 0.0 0.0 0.0 0.913677
Person 0.0 0 0.0 709.511719 161.630859 801.738281 443.759766 0.0 0.0 0.0 0.0 0.0 0.0 0.0 0.926570
Person 0.0 0 0.0 1464.140625 153.588867 1530.234375 323.393555 0.0 0.0 0.0 0.0 0.0 0.0 0.0 0.930962
Person 0.0 0 0.0 1221.972656 246.928711 1374.902344 573.618164 0.0 0.0 0.0 0.0 0.0 0.0 0.0 0.931960
Person 0.0 0 0.0 1600.019531 203.818359 1679.355469 350.947266 0.0 0.0 0.0 0.0 0.0 0.0 0.0 0.938801
Person 0.0 0 0.0 1428.310547 44.197998 1464.814453 151.842041 0.0 0.0 0.0 0.0 0.0 0.0 0.0 0.942295
Person 0.0 0 0.0 1358.159180 50.130615 1414.965820 184.405518 0.0 0.0 0.0 0.0 0.0 0.0 0.0 0.948346
