Person 0.0 0 0.0 1303.007812 610.927734 1496.367188 928.916016 0.0 0.0 0.0 0.0 0.0 0.0 0.0 0.777300
Person 0.0 0 0.0 1845.952148 242.281494 1894.672852 376.292725 0.0 0.0 0.0 0.0 0.0 0.0 0.0 0.790530
Person 0.0 0 0.0 101.572266 168.156738 167.021484 304.079590 0.0 0.0 0.0 0.0 0.0 0.0 0.0 0.818737
Person 0.0 0 0.0 1752.773438 220.759277 1819.101562 366.174316 0.0 0.0 0.0 0.0 0.0 0.0 0.0 0.837620
Person 0.0 0 0.0 719.633789 50.625000 765.366211 250.488281 0.0 0.0 0.0 0.0 0.0 0.0 0.0 0.874077
Person 0.0 0 0.0 342.773438 134.340820 411.914062 406.186523 0.0 0.0 0.0 0.0 0.0 0.0 0.0 0.878314
Person 0.0 0 0.0 1423.652344 96.437988 1505.097656 278.503418 0.0 0.0 0.0 0.0 0.0 0.0 0.0 0.883236
Person 0.0 0 0.0 14.736328 146.008301 94.072266 349.431152 0.0 0.0 0.0 0.0 0.0 0.0 0.0 0.888759
Person 0.0 0 0.0 1249.921875 645.468750 1556.953125 1073.671875 0.0 0.0 0.0 0.0 0.0 0.0 0.0 0.893309
Person 0.0 0 0.0 1755.234375 240.534668 1831.640625 403.879395 0.0 0.0 0.0 0.0 0.0 0.0 0.0 0.900530
Person 0.0 0 0.0 757.895508 20.566406 802.104492 228.208008 0.0 0.0 0.0 0.0 0.0 0.0 0.0 0.901575
Person 0.0 0 0.0 1563.837891 185.163574 1661.162109 395.441895 0.0 0.0 0.0 0.0 0.0 0.0 0.0 0.902266
Person 0.0 0 0.0 268.593750 148.183594 350.156250 377.050781 0.0 0.0 0.0 0.0 0.0 0.0 0.0 0.922203
Person 0.0 0 0.0 1662.421875 208.564453 1723.828125 368.876953 0.0 0.0 0.0 0.0 0.0 0.0 0.0 0.932944
Person 0.0 0 0.0 1796.250000 249.895020 1863.750000 408.229980 0.0 0.0 0.0 0.0 0.0 0.0 0.0 0.940790
Person 0.0 0 0.0 1304.384766 249.960938 1421.865234 503.085938 0.0 0.0 0.0 0.0 0.0 0.0 0.0 0.945399
Person 0.0 0 0.0 1392.832031 38.990479 1436.542969 144.525146 0.0 0.0 0.0 0.0 0.0 0.0 0.0 0.952750
Person 0.0 0 0.0 640.664062 118.125000 730.898438 368.876953 0.0 0.0 0.0 0.0 0.0 0.0 0.0 0.953966
Person 0.0 0 0.0 1326.225586 35.430908 1362.524414 165.487061 0.0 0.0 0.0 0.0 0.0 0.0 0.0 0.956634
Person 0.0 0 0.0 579.697266 146.469727 669.052734 420.952148 0.0 0.0 0.0 0.0 0.0 0.0 0.0 0.962108
