Person 0.0 0 0.0 1755.468750 353.979492 1917.656250 654.301758 0.0 0.0 0.0 0.0 0.0 0.0 0.0 0.710628
Person 0.0 0 0.0 1327.177734 35.463867 1357.822266 163.740234 0.0 0.0 0.0 0.0 0.0 0.0 0.0 0.771843
Person 0.0 0 0.0 102.246094 168.057861 168.222656 302.069092 0.0 0.0 0.0 0.0 0.0 0.0 0.0 0.788583
Person 0.0 0 0.0 1418.686523 98.547363 1472.563477 258.200684 0.0 0.0 0.0 0.0 0.0 0.0 0.0 0.815233
Person 0.0 0 0.0 1752.246094 221.088867 1814.003906 366.899414 0.0 0.0 0.0 0.0 0.0 0.0 0.0 0.838680
Person 0.0 0 0.0 1406.784668 39.056396 1435.715332 111.104736 0.0 0.0 0.0 0.0 0.0 0.0 0.0 0.845942
Person 0.0 0 0.0 341.367188 133.154297 411.445312 406.845703 0.0 0.0 0.0 0.0 0.0 0.0 0.0 0.857768
Person 0.0 0 0.0 1570.195312 184.372559 1660.429688 393.596191 0.0 0.0 0.0 0.0 0.0 0.0 0.0 0.867036
Person 0.0 0 0.0 1251.679688 655.092773 1542.070312 1073.540039 0.0 0.0 0.0 0.0 0.0 0.0 0.0 0.869715
Person 0.0 0 0.0 15.322266 145.283203 93.896484 348.310547 0.0 0.0 0.0 0.0 0.0 0.0 0.0 0.877896
Person 0.0 0 0.0 1755.263672 238.491211 1827.861328 401.176758 0.0 0.0 0.0 0.0 0.0 0.0 0.0 0.879974
Person 0.0 0 0.0 631.054688 117.268066 731.132812 368.942871 0.0 0.0 0.0 0.0 0.0 0.0 0.0 0.905657
Person 0.0 0 0.0 718.608398 51.350098 766.391602 250.290527 0.0 0.0 0.0 0.0 0.0 0.0 0.0 0.909265
Person 0.0 0 0.0 1292.241211 76.333008 1334.633789 244.555664 0.0 0.0 0.0 0.0 0.0 0.0 0.0 0.914596
Person 0.0 0 0.0 757.910156 20.830078 800.214844 227.944336 0.0 0.0 0.0 0.0 0.0 0.0 0.0 0.926037
Person 0.0 0 0.0 1796.953125 248.444824 1863.046875 406.516113 0.0 0.0 0.0 0.0 0.0 0.0 0.0 0.931463
Person 0.0 0 0.0 1669.321289 205.268555 1724.428711 367.954102 0.0 0.0 0.0 0.0 0.0 0.0 0.0 0.932453
Person 0.0 0 0.0 626.982422 180.615234 696.767578 497.548828 0.0 0.0 0.0 0.0 0.0 0.0 0.0 0.936749
Person 0.0 0 0.0 1310.625000 227.482910 1413.750000 473.884277 0.0 0.0 0.0 0.0 0.0 0.0 0.0 0.949669
Person 0.0 0 0.0 262.031250 139.020996 351.562500 369.074707 0.0 0.0 0.0 0.0 0.0 0.0 0.0 0.964722
