Person 0.0 0 0.0 0.585938 148.117676 79.277344 349.431152 0.0 0.0 0.0 0.0 0.0 0.0 0.0 0.788583
Person 0.0 0 0.0 1554.931641 175.605469 1608.193359 322.470703 0.0 0.0 0.0 0.0 0.0 0.0 0.0 0.814053
Person 0.0 0 0.0 1405.898438 149.501953 1481.601562 335.654297 0.0 0.0 0.0 0.0 0.0 0.0 0.0 0.819316
Person 0.0 0 0.0 1608.398438 217.529297 1678.476562 338.291016 0.0 0.0 0.0 0.0 0.0 0.0 0.0 0.822760
Person 0.0 0 0.0 1574.296875 804.858398 1815.703125 1072.485352 0.0 0.0 0.0 0.0 0.0 0.0 0.0 0.873647
Person 0.0 0 0.0 571.552734 151.479492 658.447266 442.836914 0.0 0.0 0.0 0.0 0.0 0.0 0.0 0.882833
Person 0.0 0 0.0 1442.080078 264.528809 1559.794922 484.826660 0.0 0.0 0.0 0.0 0.0 0.0 0.0 0.891434
Person 0.0 0 0.0 243.955078 165.585938 331.669922 399.726562 0.0 0.0 0.0 0.0 0.0 0.0 0.0 0.893681
Person 0.0 0 0.0 1465.590820 149.765625 1525.034180 324.843750 0.0 0.0 0.0 0.0 0.0 0.0 0.0 0.901227
Person 0.0 0 0.0 762.949219 325.898438 890.800781 683.964844 0.0 0.0 0.0 0.0 0.0 0.0 0.0 0.914291
Person 0.0 0 0.0 1542.333984 275.207520 1628.291016 431.433105 0.0 0.0 0.0 0.0 0.0 0.0 0.0 0.915205
Person 0.0 0 0.0 1425.102539 44.626465 1466.147461 150.358887 0.0 0.0 0.0 0.0 0.0 0.0 0.0 0.936052
Person 0.0 0 0.0 1360.019531 439.013672 1544.355469 798.134766 0.0 0.0 0.0 0.0 0.0 0.0 0.0 0.937669
Person 0.0 0 0.0 1437.714844 388.652344 1642.910156 725.097656 0.0 0.0 0.0 0.0 0.0 0.0 0.0 0.939248
Person 0.0 0 0.0 1220.859375 255.102539 1377.890625 573.881836 0.0 0.0 0.0 0.0 0.0 0.0 0.0 0.940572
Person 0.0 0 0.0 1393.256836 37.441406 1436.118164 154.116211 0.0 0.0 0.0 0.0 0.0 0.0 0.0 0.947381
Person 0.0 0 0.0 332.431641 189.316406 439.599609 471.445312 0.0 0.0 0.0 0.0 0.0 0.0 0.0 0.948346
Person 0.0 0 0.0 705.234375 157.939453 791.015625 427.939453 0.0 0.0 0.0 0.0 0.0 0.0 0.0 0.950227
Person 0.0 0 0.0 1693.344727 162.355957 1745.405273 298.542480 0.0 0.0 0.0 0.0 0.0 0.0 0.0 0.959459
Person 0.0 0 0.0 1325.390625 37.045898 1370.859375 174.023438 0.0 0.0 0.0 0.0 0.0 0.0 0.0 0.962391
