Person 0.0 0 0.0 9.726562 153.061523 86.250000 348.706055 0.0 0.0 0.0 0.0 0.0 0.0 0.0 0.823896
Person 0.0 0 0.0 1301.806641 23.466797 1353.193359 137.504883 0.0 0.0 0.0 0.0 0.0 0.0 0.0 0.856332
Person 0.0 0 0.0 1397.578125 38.034668 1433.671875 135.856934 0.0 0.0 0.0 0.0 0.0 0.0 0.0 0.865679
Person 0.0 0 0.0 238.564453 165.388184 330.966797 401.506348 0.0 0.0 0.0 0.0 0.0 0.0 0.0 0.868381
Person 0.0 0 0.0 445.136719 100.393066 506.425781 327.546387 0.0 0.0 0.0 0.0 0.0 0.0 0.0 0.873215
Person 0.0 0 0.0 342.451172 147.128906 421.611328 422.402344 0.0 0.0 0.0 0.0 0.0 0.0 0.0 0.891055
Person 0.0 0 0.0 1267.617188 640.458984 1554.257812 1073.408203 0.0 0.0 0.0 0.0 0.0 0.0 0.0 0.895523
Person 0.0 0 0.0 749.589844 18.720703 795.410156 224.516602 0.0 0.0 0.0 0.0 0.0 0.0 0.0 0.899828
Person 0.0 0 0.0 1602.539062 288.127441 1708.710938 519.235840 0.0 0.0 0.0 0.0 0.0 0.0 0.0 0.905990
Person 0.0 0 0.0 1115.097656 263.144531 1232.402344 581.660156 0.0 0.0 0.0 0.0 0.0 0.0 0.0 0.906322
Person 0.0 0 0.0 1353.896484 163.344727 1434.228516 367.163086 0.0 0.0 0.0 0.0 0.0 0.0 0.0 0.911180
Person 0.0 0 0.0 1492.661133 114.499512 1552.338867 271.779785 0.0 0.0 0.0 0.0 0.0 0.0 0.0 0.916110
Person 0.0 0 0.0 1752.421875 222.868652 1821.328125 393.068848 0.0 0.0 0.0 0.0 0.0 0.0 0.0 0.919353
Person 0.0 0 0.0 709.423828 49.965820 764.326172 246.665039 0.0 0.0 0.0 0.0 0.0 0.0 0.0 0.919643
Person 0.0 0 0.0 1244.853516 219.770508 1340.771484 513.764648 0.0 0.0 0.0 0.0 0.0 0.0 0.0 0.931213
Person 0.0 0 0.0 575.449219 127.221680 632.050781 395.639648 0.0 0.0 0.0 0.0 0.0 0.0 0.0 0.933673
Person 0.0 0 0.0 652.968750 120.102539 715.781250 369.272461 0.0 0.0 0.0 0.0 0.0 0.0 0.0 0.934395
Person 0.0 0 0.0 1306.875000 63.610840 1368.750000 206.652832 0.0 0.0 0.0 0.0 0.0 0.0 0.0 0.937440
Person 0.0 0 0.0 1444.277344 146.601562 1520.097656 304.013672 0.0 0.0 0.0 0.0 0.0 0.0 0.0 0.950041
Person 0.0 0 0.0 1794.375000 247.851562 1861.875000 408.691406 0.0 0.0 0.0 0.0 0.0 0.0 0.0 0.959762
