Person 0.0 0 0.0 1845.263672 255.794678 1891.611328 381.236572 0.0 0.0 0.0 0.0 0.0 0.0 0.0 0.515620
Person 0.0 0 0.0 1755.468750 355.429688 1917.656250 654.433594 0.0 0.0 0.0 0.0 0.0 0.0 0.0 0.592667
Person 0.0 0 0.0 1285.708008 83.452148 1335.541992 245.874023 0.0 0.0 0.0 0.0 0.0 0.0 0.0 0.636127
Person 0.0 0 0.0 102.509766 167.036133 169.365234 303.090820 0.0 0.0 0.0 0.0 0.0 0.0 0.0 0.824462
Person 0.0 0 0.0 719.223633 50.954590 769.526367 250.686035 0.0 0.0 0.0 0.0 0.0 0.0 0.0 0.839208
Person 0.0 0 0.0 1753.623047 220.957031 1818.251953 366.503906 0.0 0.0 0.0 0.0 0.0 0.0 0.0 0.839734
Person 0.0 0 0.0 1302.246094 613.300781 1495.253906 928.652344 0.0 0.0 0.0 0.0 0.0 0.0 0.0 0.848471
Person 0.0 0 0.0 1250.507812 646.259766 1567.617188 1072.880859 0.0 0.0 0.0 0.0 0.0 0.0 0.0 0.859664
Person 0.0 0 0.0 759.477539 20.895996 800.522461 228.669434 0.0 0.0 0.0 0.0 0.0 0.0 0.0 0.865224
Person 0.0 0 0.0 14.853516 145.942383 93.544922 348.706055 0.0 0.0 0.0 0.0 0.0 0.0 0.0 0.897336
Person 0.0 0 0.0 319.335938 133.286133 411.914062 405.922852 0.0 0.0 0.0 0.0 0.0 0.0 0.0 0.905990
Person 0.0 0 0.0 1399.350586 38.825684 1435.649414 133.747559 0.0 0.0 0.0 0.0 0.0 0.0 0.0 0.915809
Person 0.0 0 0.0 1755.996094 240.205078 1829.003906 402.626953 0.0 0.0 0.0 0.0 0.0 0.0 0.0 0.916409
Person 0.0 0 0.0 1565.595703 184.570312 1670.654297 394.453125 0.0 0.0 0.0 0.0 0.0 0.0 0.0 0.921074
Person 0.0 0 0.0 1307.021484 227.416992 1396.728516 473.422852 0.0 0.0 0.0 0.0 0.0 0.0 0.0 0.927888
Person 0.0 0 0.0 1667.973633 210.871582 1727.651367 368.151855 0.0 0.0 0.0 0.0 0.0 0.0 0.0 0.928149
Person 0.0 0 0.0 1424.179688 92.416992 1485.820312 264.067383 0.0 0.0 0.0 0.0 0.0 0.0 0.0 0.933188
Person 0.0 0 0.0 650.068359 117.531738 730.869141 368.679199 0.0 0.0 0.0 0.0 0.0 0.0 0.0 0.941439
Person 0.0 0 0.0 1797.070312 249.763184 1862.929688 406.779785 0.0 0.0 0.0 0.0 0.0 0.0 0.0 0.947381
Person 0.0 0 0.0 1325.185547 35.562744 1367.314453 165.750732 0.0 0.0 0.0 0.0 0.0 0.0 0.0 0.950411
