Person 0.0 0 0.0 1304.882812 613.696289 1501.992188 929.311523 0.0 0.0 0.0 0.0 0.0 0.0 0.0 0.676620
Person 0.0 0 0.0 13.066406 148.776855 86.250000 348.508301 0.0 0.0 0.0 0.0 0.0 0.0 0.0 0.727975
Person 0.0 0 0.0 1409.033203 39.847412 1439.091797 114.268799 0.0 0.0 0.0 0.0 0.0 0.0 0.0 0.778649
Person 0.0 0 0.0 235.751953 168.222656 330.966797 401.308594 0.0 0.0 0.0 0.0 0.0 0.0 0.0 0.808672
Person 0.0 0 0.0 446.586914 103.227539 506.381836 332.622070 0.0 0.0 0.0 0.0 0.0 0.0 0.0 0.852445
Person 0.0 0 0.0 341.835938 146.469727 421.757812 423.061523 0.0 0.0 0.0 0.0 0.0 0.0 0.0 0.882428
Person 0.0 0 0.0 1267.382812 639.008789 1550.742188 1072.749023 0.0 0.0 0.0 0.0 0.0 0.0 0.0 0.895888
Person 0.0 0 0.0 1602.392578 285.952148 1703.232422 520.883789 0.0 0.0 0.0 0.0 0.0 0.0 0.0 0.905990
Person 0.0 0 0.0 1115.009766 263.671875 1224.990234 581.132812 0.0 0.0 0.0 0.0 0.0 0.0 0.0 0.906983
Person 0.0 0 0.0 1277.519531 294.653320 1471.230469 622.924805 0.0 0.0 0.0 0.0 0.0 0.0 0.0 0.914291
Person 0.0 0 0.0 1753.066406 223.923340 1818.808594 392.541504 0.0 0.0 0.0 0.0 0.0 0.0 0.0 0.915809
Person 0.0 0 0.0 649.072266 120.432129 715.927734 368.679199 0.0 0.0 0.0 0.0 0.0 0.0 0.0 0.920218
Person 0.0 0 0.0 1356.240234 160.905762 1433.759766 376.984863 0.0 0.0 0.0 0.0 0.0 0.0 0.0 0.921074
Person 0.0 0 0.0 749.194336 19.182129 795.805664 224.450684 0.0 0.0 0.0 0.0 0.0 0.0 0.0 0.928149
Person 0.0 0 0.0 1488.427734 114.829102 1539.697266 273.032227 0.0 0.0 0.0 0.0 0.0 0.0 0.0 0.931463
Person 0.0 0 0.0 714.916992 49.504395 764.458008 246.335449 0.0 0.0 0.0 0.0 0.0 0.0 0.0 0.936285
Person 0.0 0 0.0 1244.648438 215.024414 1337.226562 513.764648 0.0 0.0 0.0 0.0 0.0 0.0 0.0 0.938801
Person 0.0 0 0.0 576.152344 128.144531 643.535156 397.353516 0.0 0.0 0.0 0.0 0.0 0.0 0.0 0.946399
Person 0.0 0 0.0 1785.351562 249.631348 1859.648438 407.966309 0.0 0.0 0.0 0.0 0.0 0.0 0.0 0.947769
Person 0.0 0 0.0 1445.844727 142.250977 1505.405273 309.418945 0.0 0.0 0.0 0.0 0.0 0.0 0.0 0.949295
