Person 0.0 0 0.0 1443.750000 364.658203 1588.125000 706.904297 0.0 0.0 0.0 0.0 0.0 0.0 0.0 0.880386
Person 0.0 0 0.0 1370.800781 161.696777 1443.574219 368.811035 0.0 0.0 0.0 0.0 0.0 0.0 0.0 0.886813
Person 0.0 0 0.0 1575.937500 795.366211 1823.437500 1073.540039 0.0 0.0 0.0 0.0 0.0 0.0 0.0 0.889144
Person 0.0 0 0.0 305.097656 154.643555 381.621094 442.309570 0.0 0.0 0.0 0.0 0.0 0.0 0.0 0.895888
Person 0.0 0 0.0 1745.712891 223.923340 1801.787109 384.104004 0.0 0.0 0.0 0.0 0.0 0.0 0.0 0.901227
Person 0.0 0 0.0 1781.044922 251.279297 1850.830078 405.791016 0.0 0.0 0.0 0.0 0.0 0.0 0.0 0.911810
Person 0.0 0 0.0 350.507812 173.825684 472.617188 442.111816 0.0 0.0 0.0 0.0 0.0 0.0 0.0 0.917006
Person 0.0 0 0.0 597.275391 157.016602 675.849609 443.627930 0.0 0.0 0.0 0.0 0.0 0.0 0.0 0.921922
Person 0.0 0 0.0 1226.015625 244.291992 1370.859375 568.872070 0.0 0.0 0.0 0.0 0.0 0.0 0.0 0.924688
Person 0.0 0 0.0 1390.839844 37.243652 1434.785156 154.313965 0.0 0.0 0.0 0.0 0.0 0.0 0.0 0.930458
Person 0.0 0 0.0 245.302734 165.124512 331.259766 401.770020 0.0 0.0 0.0 0.0 0.0 0.0 0.0 0.935582
Person 0.0 0 0.0 1673.496094 196.303711 1746.503906 348.442383 0.0 0.0 0.0 0.0 0.0 0.0 0.0 0.941654
Person 0.0 0 0.0 1425.878906 143.041992 1500.996094 335.786133 0.0 0.0 0.0 0.0 0.0 0.0 0.0 0.946794
Person 0.0 0 0.0 1485.556641 253.520508 1574.443359 423.588867 0.0 0.0 0.0 0.0 0.0 0.0 0.0 0.950411
Person 0.0 0 0.0 1423.623047 44.527588 1465.751953 155.994873 0.0 0.0 0.0 0.0 0.0 0.0 0.0 0.952397
Person 0.0 0 0.0 1564.746094 161.894531 1609.628906 297.158203 0.0 0.0 0.0 0.0 0.0 0.0 0.0 0.953794
Person 0.0 0 0.0 1461.738281 153.786621 1530.761719 324.250488 0.0 0.0 0.0 0.0 0.0 0.0 0.0 0.953966
Person 0.0 0 0.0 707.783203 160.180664 799.716797 443.100586 0.0 0.0 0.0 0.0 0.0 0.0 0.0 0.955981
Person 0.0 0 0.0 1360.078125 421.347656 1531.171875 797.871094 0.0 0.0 0.0 0.0 0.0 0.0 0.0 0.964987
Person 0.0 0 0.0 1590.937500 183.713379 1654.687500 338.620605 0.0 0.0 0.0 0.0 0.0 0.0 0.0 0.968020
