Person 0.0 0 0.0 235.312500 168.750000 331.406250 400.781250 0.0 0.0 0.0 0.0 0.0 0.0 0.0 0.808672
Person 0.0 0 0.0 718.784180 48.383789 771.840820 243.237305 0.0 0.0 0.0 0.0 0.0 0.0 0.0 0.811676
Person 0.0 0 0.0 1363.593750 33.815918 1402.031250 159.719238 0.0 0.0 0.0 0.0 0.0 0.0 0.0 0.822760
Person 0.0 0 0.0 1341.357422 42.681885 1381.142578 161.136475 0.0 0.0 0.0 0.0 0.0 0.0 0.0 0.826151
Person 0.0 0 0.0 1415.185547 141.196289 1483.564453 343.959961 0.0 0.0 0.0 0.0 0.0 0.0 0.0 0.873215
Person 0.0 0 0.0 427.734375 172.573242 523.828125 468.676758 0.0 0.0 0.0 0.0 0.0 0.0 0.0 0.877896
Person 0.0 0 0.0 1602.099609 285.227051 1703.525391 520.554199 0.0 0.0 0.0 0.0 0.0 0.0 0.0 0.880386
Person 0.0 0 0.0 1095.527344 285.029297 1216.347656 596.689453 0.0 0.0 0.0 0.0 0.0 0.0 0.0 0.881615
Person 0.0 0 0.0 753.120117 18.654785 796.567383 223.791504 0.0 0.0 0.0 0.0 0.0 0.0 0.0 0.883236
Person 0.0 0 0.0 488.085938 100.327148 558.164062 337.895508 0.0 0.0 0.0 0.0 0.0 0.0 0.0 0.886420
Person 0.0 0 0.0 665.039062 113.510742 721.523438 377.182617 0.0 0.0 0.0 0.0 0.0 0.0 0.0 0.892563
Person 0.0 0 0.0 1355.478516 155.830078 1427.021484 359.121094 0.0 0.0 0.0 0.0 0.0 0.0 0.0 0.895157
Person 0.0 0 0.0 341.748047 145.810547 421.376953 422.666016 0.0 0.0 0.0 0.0 0.0 0.0 0.0 0.899828
Person 0.0 0 0.0 1243.623047 218.979492 1336.376953 514.555664 0.0 0.0 0.0 0.0 0.0 0.0 0.0 0.916110
Person 0.0 0 0.0 1753.183594 230.646973 1814.941406 392.145996 0.0 0.0 0.0 0.0 0.0 0.0 0.0 0.919063
Person 0.0 0 0.0 1269.375000 643.227539 1556.250000 1073.803711 0.0 0.0 0.0 0.0 0.0 0.0 0.0 0.922761
Person 0.0 0 0.0 1786.582031 248.642578 1860.292969 407.900391 0.0 0.0 0.0 0.0 0.0 0.0 0.0 0.923592
Person 0.0 0 0.0 1271.132812 298.081055 1464.492188 624.243164 0.0 0.0 0.0 0.0 0.0 0.0 0.0 0.929184
Person 0.0 0 0.0 536.572266 130.781250 627.802734 384.169922 0.0 0.0 0.0 0.0 0.0 0.0 0.0 0.940134
Person 0.0 0 0.0 1496.337891 118.190918 1550.537109 274.680176 0.0 0.0 0.0 0.0 0.0 0.0 0.0 0.941654
