Person 0.0 0 0.0 1276.479492 92.351074 1326.020508 273.361816 0.0 0.0 0.0 0.0 0.0 0.0 0.0 0.665411
Person 0.0 0 0.0 1425.322266 107.973633 1509.052734 282.260742 0.0 0.0 0.0 0.0 0.0 0.0 0.0 0.700075
Person 0.0 0 0.0 1302.773438 612.246094 1498.476562 929.707031 0.0 0.0 0.0 0.0 0.0 0.0 0.0 0.731059
Person 0.0 0 0.0 568.681641 141.855469 653.818359 410.273438 0.0 0.0 0.0 0.0 0.0 0.0 0.0 0.791176
Person 0.0 0 0.0 1756.376953 242.709961 1836.123047 403.813477 0.0 0.0 0.0 0.0 0.0 0.0 0.0 0.836555
Person 0.0 0 0.0 100.957031 168.684082 167.167969 304.606934 0.0 0.0 0.0 0.0 0.0 0.0 0.0 0.844409
Person 0.0 0 0.0 1249.101562 645.996094 1554.023438 1073.144531 0.0 0.0 0.0 0.0 0.0 0.0 0.0 0.861538
Person 0.0 0 0.0 719.150391 50.559082 765.849609 250.554199 0.0 0.0 0.0 0.0 0.0 0.0 0.0 0.864310
Person 0.0 0 0.0 758.950195 20.698242 801.987305 228.471680 0.0 0.0 0.0 0.0 0.0 0.0 0.0 0.866585
Person 0.0 0 0.0 1752.509766 220.693359 1819.365234 366.240234 0.0 0.0 0.0 0.0 0.0 0.0 0.0 0.874507
Person 0.0 0 0.0 342.333984 135.263672 411.884766 406.318359 0.0 0.0 0.0 0.0 0.0 0.0 0.0 0.886420
Person 0.0 0 0.0 1662.421875 215.881348 1731.328125 367.360840 0.0 0.0 0.0 0.0 0.0 0.0 0.0 0.910227
Person 0.0 0 0.0 15.234375 145.546875 94.394531 349.101562 0.0 0.0 0.0 0.0 0.0 0.0 0.0 0.910545
Person 0.0 0 0.0 269.121094 147.260742 350.566406 376.655273 0.0 0.0 0.0 0.0 0.0 0.0 0.0 0.927626
Person 0.0 0 0.0 1252.792969 245.544434 1404.082031 503.811035 0.0 0.0 0.0 0.0 0.0 0.0 0.0 0.929440
Person 0.0 0 0.0 1564.423828 188.063965 1656.826172 392.541504 0.0 0.0 0.0 0.0 0.0 0.0 0.0 0.935582
Person 0.0 0 0.0 1796.513672 253.850098 1863.486328 410.603027 0.0 0.0 0.0 0.0 0.0 0.0 0.0 0.936518
Person 0.0 0 0.0 632.900391 118.125000 731.162109 368.876953 0.0 0.0 0.0 0.0 0.0 0.0 0.0 0.939248
Person 0.0 0 0.0 1399.218750 38.990479 1435.781250 133.582764 0.0 0.0 0.0 0.0 0.0 0.0 0.0 0.946001
Person 0.0 0 0.0 1325.976562 35.035400 1362.773438 164.432373 0.0 0.0 0.0 0.0 0.0 0.0 0.0 0.954478
