Person 0.0 0 0.0 854.091797 293.598633 930.908203 615.541992 0.0 0.0 0.0 0.0 0.0 0.0 0.0 0.839734
Person 0.0 0 0.0 1138.476562 244.951172 1272.773438 587.724609 0.0 0.0 0.0 0.0 0.0 0.0 0.0 0.857768
Person 0.0 0 0.0 388.183594 178.242188 474.316406 463.007812 0.0 0.0 0.0 0.0 0.0 0.0 0.0 0.892563
Person 0.0 0 0.0 300.351562 155.039062 387.773438 428.730469 0.0 0.0 0.0 0.0 0.0 0.0 0.0 0.907312
Person 0.0 0 0.0 1255.605469 454.833984 1423.769531 848.759766 0.0 0.0 0.0 0.0 0.0 0.0 0.0 0.917303
Person 0.0 0 0.0 1379.589844 413.305664 1534.160156 776.381836 0.0 0.0 0.0 0.0 0.0 0.0 0.0 0.919063
Person 0.0 0 0.0 573.193359 146.733398 649.306641 427.016602 0.0 0.0 0.0 0.0 0.0 0.0 0.0 0.931463
Person 0.0 0 0.0 1484.721680 152.468262 1530.278320 315.549316 0.0 0.0 0.0 0.0 0.0 0.0 0.0 0.934634
Person 0.0 0 0.0 1660.092773 147.458496 1698.032227 285.754395 0.0 0.0 0.0 0.0 0.0 0.0 0.0 0.935817
Person 0.0 0 0.0 244.042969 165.124512 331.113281 399.660645 0.0 0.0 0.0 0.0 0.0 0.0 0.0 0.943348
Person 0.0 0 0.0 1791.064453 333.083496 1878.310547 516.467285 0.0 0.0 0.0 0.0 0.0 0.0 0.0 0.946001
Person 0.0 0 0.0 1296.152344 180.351562 1358.847656 378.632812 0.0 0.0 0.0 0.0 0.0 0.0 0.0 0.947186
Person 0.0 0 0.0 1772.871094 226.625977 1834.628906 385.092773 0.0 0.0 0.0 0.0 0.0 0.0 0.0 0.949856
Person 0.0 0 0.0 1344.169922 153.654785 1415.830078 359.450684 0.0 0.0 0.0 0.0 0.0 0.0 0.0 0.954137
Person 0.0 0 0.0 1413.457031 138.229980 1483.417969 317.395020 0.0 0.0 0.0 0.0 0.0 0.0 0.0 0.956472
Person 0.0 0 0.0 1338.618164 35.332031 1378.256836 170.595703 0.0 0.0 0.0 0.0 0.0 0.0 0.0 0.960063
Person 0.0 0 0.0 675.644531 128.408203 759.667969 399.462891 0.0 0.0 0.0 0.0 0.0 0.0 0.0 0.964321
Person 0.0 0 0.0 1393.388672 255.432129 1497.861328 497.087402 0.0 0.0 0.0 0.0 0.0 0.0 0.0 0.969785
Person 0.0 0 0.0 1597.382812 200.192871 1665.117188 359.846191 0.0 0.0 0.0 0.0 0.0 0.0 0.0 0.970465
Person 0.0 0 0.0 1544.941406 182.988281 1616.308594 348.837891 0.0 0.0 0.0 0.0 0.0 0.0 0.0 0.974043
