Person 0.0 0 0.0 564.448242 97.097168 621.489258 331.105957 0.0 0.0 0.0 0.0 0.0 0.0 0.0 0.838680
Person 0.0 0 0.0 1417.851562 138.361816 1473.398438 334.929199 0.0 0.0 0.0 0.0 0.0 0.0 0.0 0.868827
Person 0.0 0 0.0 298.916016 158.796387 392.021484 422.863770 0.0 0.0 0.0 0.0 0.0 0.0 0.0 0.882833
Person 0.0 0 0.0 1602.011719 285.227051 1705.488281 520.554199 0.0 0.0 0.0 0.0 0.0 0.0 0.0 0.891434
Person 0.0 0 0.0 704.047852 46.010742 746.264648 240.336914 0.0 0.0 0.0 0.0 0.0 0.0 0.0 0.894421
Person 0.0 0 0.0 245.214844 161.564941 332.285156 399.528809 0.0 0.0 0.0 0.0 0.0 0.0 0.0 0.899121
Person 0.0 0 0.0 745.268555 18.786621 795.981445 223.659668 0.0 0.0 0.0 0.0 0.0 0.0 0.0 0.903975
Person 0.0 0 0.0 1752.363281 221.945801 1821.386719 392.937012 0.0 0.0 0.0 0.0 0.0 0.0 0.0 0.905657
Person 0.0 0 0.0 1366.083984 161.169434 1431.416016 363.273926 0.0 0.0 0.0 0.0 0.0 0.0 0.0 0.907312
Person 0.0 0 0.0 1258.007812 639.140625 1554.492188 1073.671875 0.0 0.0 0.0 0.0 0.0 0.0 0.0 0.913058
Person 0.0 0 0.0 635.449219 253.388672 750.175781 587.197266 0.0 0.0 0.0 0.0 0.0 0.0 0.0 0.916110
Person 0.0 0 0.0 1346.499023 29.036865 1381.625977 154.478760 0.0 0.0 0.0 0.0 0.0 0.0 0.0 0.920790
Person 0.0 0 0.0 1396.508789 39.517822 1438.491211 140.701904 0.0 0.0 0.0 0.0 0.0 0.0 0.0 0.925769
Person 0.0 0 0.0 533.056641 125.705566 598.505859 387.136230 0.0 0.0 0.0 0.0 0.0 0.0 0.0 0.930205
Person 0.0 0 0.0 1492.324219 118.718262 1548.925781 274.152832 0.0 0.0 0.0 0.0 0.0 0.0 0.0 0.931213
Person 0.0 0 0.0 667.221680 114.367676 724.028320 305.134277 0.0 0.0 0.0 0.0 0.0 0.0 0.0 0.931711
Person 0.0 0 0.0 1297.895508 63.347168 1347.729492 215.881348 0.0 0.0 0.0 0.0 0.0 0.0 0.0 0.932944
Person 0.0 0 0.0 1255.429688 265.649414 1371.445312 594.448242 0.0 0.0 0.0 0.0 0.0 0.0 0.0 0.937897
Person 0.0 0 0.0 1786.171875 247.851562 1860.703125 408.164062 0.0 0.0 0.0 0.0 0.0 0.0 0.0 0.939692
Person 0.0 0 0.0 1442.138672 141.328125 1507.236328 316.406250 0.0 0.0 0.0 0.0 0.0 0.0 0.0 0.952220
