Person 0.0 0 0.0 1419.096680 137.570801 1472.153320 334.401855 0.0 0.0 0.0 0.0 0.0 0.0 0.0 0.765593
Person 0.0 0 0.0 3.046875 147.919922 80.449219 347.783203 0.0 0.0 0.0 0.0 0.0 0.0 0.0 0.770465
Person 0.0 0 0.0 745.605469 18.127441 795.644531 223.791504 0.0 0.0 0.0 0.0 0.0 0.0 0.0 0.810479
Person 0.0 0 0.0 1020.380859 213.376465 1120.869141 396.760254 0.0 0.0 0.0 0.0 0.0 0.0 0.0 0.832781
Person 0.0 0 0.0 733.652344 288.325195 859.160156 663.002930 0.0 0.0 0.0 0.0 0.0 0.0 0.0 0.870597
Person 0.0 0 0.0 306.650391 148.183594 389.912109 423.457031 0.0 0.0 0.0 0.0 0.0 0.0 0.0 0.883638
Person 0.0 0 0.0 1753.300781 222.539062 1822.324219 393.398438 0.0 0.0 0.0 0.0 0.0 0.0 0.0 0.893681
Person 0.0 0 0.0 239.648438 161.367188 331.757812 399.199219 0.0 0.0 0.0 0.0 0.0 0.0 0.0 0.905990
Person 0.0 0 0.0 1225.898438 678.295898 1492.851562 1073.540039 0.0 0.0 0.0 0.0 0.0 0.0 0.0 0.913677
Person 0.0 0 0.0 1494.521484 118.388672 1548.603516 273.691406 0.0 0.0 0.0 0.0 0.0 0.0 0.0 0.914596
Person 0.0 0 0.0 1602.421875 286.677246 1708.828125 520.686035 0.0 0.0 0.0 0.0 0.0 0.0 0.0 0.915507
Person 0.0 0 0.0 1351.875000 30.322266 1385.625000 152.797852 0.0 0.0 0.0 0.0 0.0 0.0 0.0 0.917006
Person 0.0 0 0.0 655.532227 121.552734 713.217773 378.105469 0.0 0.0 0.0 0.0 0.0 0.0 0.0 0.917303
Person 0.0 0 0.0 1444.130859 145.151367 1501.494141 316.801758 0.0 0.0 0.0 0.0 0.0 0.0 0.0 0.924142
Person 0.0 0 0.0 1182.656250 303.354492 1322.343750 661.684570 0.0 0.0 0.0 0.0 0.0 0.0 0.0 0.930205
Person 0.0 0 0.0 538.916016 127.023926 608.583984 396.628418 0.0 0.0 0.0 0.0 0.0 0.0 0.0 0.933673
Person 0.0 0 0.0 1298.085938 187.272949 1371.914062 382.258301 0.0 0.0 0.0 0.0 0.0 0.0 0.0 0.934395
Person 0.0 0 0.0 1396.391602 39.715576 1438.608398 141.427002 0.0 0.0 0.0 0.0 0.0 0.0 0.0 0.936052
Person 0.0 0 0.0 1786.582031 248.378906 1860.292969 408.164062 0.0 0.0 0.0 0.0 0.0 0.0 0.0 0.942718
Person 0.0 0 0.0 1358.085938 160.708008 1430.039062 364.526367 0.0 0.0 0.0 0.0 0.0 0.0 0.0 0.952220
