Person 0.0 0 0.0 240.439453 167.958984 327.216797 401.572266 0.0 0.0 0.0 0.0 0.0 0.0 0.0 0.799442
Person 0.0 0 0.0 698.129883 48.845215 747.495117 247.785645 0.0 0.0 0.0 0.0 0.0 0.0 0.0 0.853913
Person 0.0 0 0.0 442.617188 100.524902 511.757812 327.414551 0.0 0.0 0.0 0.0 0.0 0.0 0.0 0.871475
Person 0.0 0 0.0 1370.375977 44.857178 1410.249023 157.510986 0.0 0.0 0.0 0.0 0.0 0.0 0.0 0.872782
Person 0.0 0 0.0 1425.000000 131.374512 1492.500000 333.479004 0.0 0.0 0.0 0.0 0.0 0.0 0.0 0.876211
Person 0.0 0 0.0 1267.500000 637.426758 1552.500000 1073.276367 0.0 0.0 0.0 0.0 0.0 0.0 0.0 0.888372
Person 0.0 0 0.0 1126.318359 210.805664 1226.806641 497.416992 0.0 0.0 0.0 0.0 0.0 0.0 0.0 0.897336
Person 0.0 0 0.0 746.733398 18.654785 795.454102 223.791504 0.0 0.0 0.0 0.0 0.0 0.0 0.0 0.898767
Person 0.0 0 0.0 340.312500 145.810547 421.406250 422.666016 0.0 0.0 0.0 0.0 0.0 0.0 0.0 0.899475
Person 0.0 0 0.0 4.423828 154.182129 84.462891 348.376465 0.0 0.0 0.0 0.0 0.0 0.0 0.0 0.904987
Person 0.0 0 0.0 1749.082031 223.395996 1822.792969 392.541504 0.0 0.0 0.0 0.0 0.0 0.0 0.0 0.912436
Person 0.0 0 0.0 564.433594 135.791016 628.066406 394.453125 0.0 0.0 0.0 0.0 0.0 0.0 0.0 0.916110
Person 0.0 0 0.0 1512.231445 134.868164 1566.518555 300.717773 0.0 0.0 0.0 0.0 0.0 0.0 0.0 0.923592
Person 0.0 0 0.0 659.062500 113.181152 720.937500 369.602051 0.0 0.0 0.0 0.0 0.0 0.0 0.0 0.926037
Person 0.0 0 0.0 1276.875000 295.444336 1477.500000 623.715820 0.0 0.0 0.0 0.0 0.0 0.0 0.0 0.939471
Person 0.0 0 0.0 1618.535156 314.758301 1747.089844 545.866699 0.0 0.0 0.0 0.0 0.0 0.0 0.0 0.940353
Person 0.0 0 0.0 1297.880859 187.404785 1368.369141 382.126465 0.0 0.0 0.0 0.0 0.0 0.0 0.0 0.944995
Person 0.0 0 0.0 1126.699219 283.842773 1293.925781 581.000977 0.0 0.0 0.0 0.0 0.0 0.0 0.0 0.951684
Person 0.0 0 0.0 1795.751953 248.444824 1862.373047 409.152832 0.0 0.0 0.0 0.0 0.0 0.0 0.0 0.959154
Person 0.0 0 0.0 1353.398438 152.731934 1423.476562 363.537598 0.0 0.0 0.0 0.0 0.0 0.0 0.0 0.966537
