Person 0.0 0 0.0 1356.093750 145.876465 1417.031250 361.691895 0.0 0.0 0.0 0.0 0.0 0.0 0.0 0.799442
Person 0.0 0 0.0 1784.296875 277.943115 1847.578125 406.021729 0.0 0.0 0.0 0.0 0.0 0.0 0.0 0.839208
Person 0.0 0 0.0 308.759766 154.643555 384.990234 431.762695 0.0 0.0 0.0 0.0 0.0 0.0 0.0 0.847463
Person 0.0 0 0.0 1423.623047 44.230957 1465.751953 139.284668 0.0 0.0 0.0 0.0 0.0 0.0 0.0 0.870597
Person 0.0 0 0.0 1574.941406 817.778320 1813.183594 1073.276367 0.0 0.0 0.0 0.0 0.0 0.0 0.0 0.871475
Person 0.0 0 0.0 244.101562 165.585938 331.523438 399.726562 0.0 0.0 0.0 0.0 0.0 0.0 0.0 0.901921
Person 0.0 0 0.0 1488.867188 438.486328 1693.007812 818.701172 0.0 0.0 0.0 0.0 0.0 0.0 0.0 0.908293
Person 0.0 0 0.0 1393.256836 36.947021 1436.118164 149.205322 0.0 0.0 0.0 0.0 0.0 0.0 0.0 0.909265
Person 0.0 0 0.0 1465.869141 152.138672 1524.755859 325.898438 0.0 0.0 0.0 0.0 0.0 0.0 0.0 0.911495
Person 0.0 0 0.0 1479.843750 346.069336 1602.656250 648.500977 0.0 0.0 0.0 0.0 0.0 0.0 0.0 0.919063
Person 0.0 0 0.0 1405.136719 136.054688 1472.988281 332.753906 0.0 0.0 0.0 0.0 0.0 0.0 0.0 0.920504
Person 0.0 0 0.0 1373.144531 417.656250 1529.355469 796.289062 0.0 0.0 0.0 0.0 0.0 0.0 0.0 0.922203
Person 0.0 0 0.0 585.234375 161.235352 654.140625 442.573242 0.0 0.0 0.0 0.0 0.0 0.0 0.0 0.928149
Person 0.0 0 0.0 655.839844 371.250000 792.597656 759.375000 0.0 0.0 0.0 0.0 0.0 0.0 0.0 0.936052
Person 0.0 0 0.0 711.474609 155.170898 784.775391 430.708008 0.0 0.0 0.0 0.0 0.0 0.0 0.0 0.939471
Person 0.0 0 0.0 1221.210938 254.575195 1379.414062 573.881836 0.0 0.0 0.0 0.0 0.0 0.0 0.0 0.940790
Person 0.0 0 0.0 1324.599609 37.111816 1364.150391 176.989746 0.0 0.0 0.0 0.0 0.0 0.0 0.0 0.950595
Person 0.0 0 0.0 1596.914062 225.043945 1676.835938 359.780273 0.0 0.0 0.0 0.0 0.0 0.0 0.0 0.958382
Person 0.0 0 0.0 346.669922 189.711914 447.861328 477.377930 0.0 0.0 0.0 0.0 0.0 0.0 0.0 0.959307
Person 0.0 0 0.0 1460.068359 263.935547 1558.681641 463.798828 0.0 0.0 0.0 0.0 0.0 0.0 0.0 0.961965
