Person 0.0 0 0.0 233.027344 169.013672 329.472656 400.517578 0.0 0.0 0.0 0.0 0.0 0.0 0.0 0.840783
Person 0.0 0 0.0 720.878906 48.120117 772.558594 244.028320 0.0 0.0 0.0 0.0 0.0 0.0 0.0 0.858719
Person 0.0 0 0.0 1401.708984 39.287109 1438.916016 134.868164 0.0 0.0 0.0 0.0 0.0 0.0 0.0 0.868827
Person 0.0 0 0.0 1302.670898 22.379150 1352.329102 140.833740 0.0 0.0 0.0 0.0 0.0 0.0 0.0 0.871475
Person 0.0 0 0.0 1404.711914 135.593262 1462.163086 335.588379 0.0 0.0 0.0 0.0 0.0 0.0 0.0 0.889529
Person 0.0 0 0.0 1601.367188 285.754395 1704.257812 521.081543 0.0 0.0 0.0 0.0 0.0 0.0 0.0 0.891811
Person 0.0 0 0.0 1267.851562 641.118164 1552.148438 1072.749023 0.0 0.0 0.0 0.0 0.0 0.0 0.0 0.897695
Person 0.0 0 0.0 343.535156 144.887695 422.402344 422.534180 0.0 0.0 0.0 0.0 0.0 0.0 0.0 0.901575
Person 0.0 0 0.0 1351.201172 152.270508 1423.798828 362.416992 0.0 0.0 0.0 0.0 0.0 0.0 0.0 0.904987
Person 0.0 0 0.0 1105.019531 269.736328 1216.230469 592.998047 0.0 0.0 0.0 0.0 0.0 0.0 0.0 0.906653
Person 0.0 0 0.0 426.328125 119.509277 507.890625 361.428223 0.0 0.0 0.0 0.0 0.0 0.0 0.0 0.917598
Person 0.0 0 0.0 755.039062 17.995605 798.398438 224.846191 0.0 0.0 0.0 0.0 0.0 0.0 0.0 0.918187
Person 0.0 0 0.0 1244.326172 211.333008 1341.298828 513.764648 0.0 0.0 0.0 0.0 0.0 0.0 0.0 0.922203
Person 0.0 0 0.0 1752.802734 221.945801 1820.947266 392.937012 0.0 0.0 0.0 0.0 0.0 0.0 0.0 0.931960
Person 0.0 0 0.0 1276.699219 296.103516 1472.050781 623.583984 0.0 0.0 0.0 0.0 0.0 0.0 0.0 0.936285
Person 0.0 0 0.0 659.355469 112.258301 719.707031 369.470215 0.0 0.0 0.0 0.0 0.0 0.0 0.0 0.939025
Person 0.0 0 0.0 568.417969 137.570801 645.644531 396.628418 0.0 0.0 0.0 0.0 0.0 0.0 0.0 0.944587
Person 0.0 0 0.0 1347.495117 48.845215 1403.129883 186.877441 0.0 0.0 0.0 0.0 0.0 0.0 0.0 0.951504
Person 0.0 0 0.0 1443.984375 142.053223 1505.390625 307.507324 0.0 0.0 0.0 0.0 0.0 0.0 0.0 0.953275
Person 0.0 0 0.0 1496.132812 118.125000 1550.742188 274.746094 0.0 0.0 0.0 0.0 0.0 0.0 0.0 0.959307
