Person 0.0 0 0.0 1752.919922 223.857422 1822.705078 392.080078 0.0 0.0 0.0 0.0 0.0 0.0 0.0 0.725649
Person 0.0 0 0.0 1304.648438 612.641602 1505.976562 930.366211 0.0 0.0 0.0 0.0 0.0 0.0 0.0 0.753467
Person 0.0 0 0.0 105.087891 166.245117 175.927734 311.791992 0.0 0.0 0.0 0.0 0.0 0.0 0.0 0.789234
Person 0.0 0 0.0 723.808594 49.438477 767.753906 241.127930 0.0 0.0 0.0 0.0 0.0 0.0 0.0 0.803174
Person 0.0 0 0.0 2.607422 155.632324 86.630859 347.717285 0.0 0.0 0.0 0.0 0.0 0.0 0.0 0.805632
Person 0.0 0 0.0 328.154297 140.405273 407.783203 409.614258 0.0 0.0 0.0 0.0 0.0 0.0 0.0 0.846958
Person 0.0 0 0.0 1313.203125 29.860840 1345.546875 162.619629 0.0 0.0 0.0 0.0 0.0 0.0 0.0 0.855369
Person 0.0 0 0.0 755.727539 21.687012 796.772461 232.229004 0.0 0.0 0.0 0.0 0.0 0.0 0.0 0.861538
Person 0.0 0 0.0 246.621094 158.005371 338.378906 392.541504 0.0 0.0 0.0 0.0 0.0 0.0 0.0 0.872782
Person 0.0 0 0.0 1647.597656 203.785400 1699.277344 335.423584 0.0 0.0 0.0 0.0 0.0 0.0 0.0 0.881207
Person 0.0 0 0.0 1269.492188 638.745117 1559.882812 1073.012695 0.0 0.0 0.0 0.0 0.0 0.0 0.0 0.895157
Person 0.0 0 0.0 1461.005859 160.708008 1542.744141 363.999023 0.0 0.0 0.0 0.0 0.0 0.0 0.0 0.895523
Person 0.0 0 0.0 1172.578125 321.284180 1330.546875 656.411133 0.0 0.0 0.0 0.0 0.0 0.0 0.0 0.901575
Person 0.0 0 0.0 685.546875 181.142578 781.640625 481.201172 0.0 0.0 0.0 0.0 0.0 0.0 0.0 0.903975
Person 0.0 0 0.0 583.212891 131.176758 647.724609 404.604492 0.0 0.0 0.0 0.0 0.0 0.0 0.0 0.928668
Person 0.0 0 0.0 1795.605469 248.181152 1864.394531 409.416504 0.0 0.0 0.0 0.0 0.0 0.0 0.0 0.934634
Person 0.0 0 0.0 1412.490234 125.507812 1471.259766 337.236328 0.0 0.0 0.0 0.0 0.0 0.0 0.0 0.938350
Person 0.0 0 0.0 1523.554688 313.044434 1658.320312 572.365723 0.0 0.0 0.0 0.0 0.0 0.0 0.0 0.944791
Person 0.0 0 0.0 1300.693359 190.502930 1373.056641 383.247070 0.0 0.0 0.0 0.0 0.0 0.0 0.0 0.953101
Person 0.0 0 0.0 1351.259766 152.731934 1423.740234 361.955566 0.0 0.0 0.0 0.0 0.0 0.0 0.0 0.972415
