Person 0.0 0 0.0 702.421875 46.142578 749.765625 238.359375 0.0 0.0 0.0 0.0 0.0 0.0 0.0 0.793106
Person 0.0 0 0.0 1347.011719 152.600098 1424.238281 360.505371 0.0 0.0 0.0 0.0 0.0 0.0 0.0 0.853913
Person 0.0 0 0.0 650.039062 123.200684 714.023438 378.303223 0.0 0.0 0.0 0.0 0.0 0.0 0.0 0.855369
Person 0.0 0 0.0 1340.903320 30.520020 1385.346680 148.776855 0.0 0.0 0.0 0.0 0.0 0.0 0.0 0.873215
Person 0.0 0 0.0 745.708008 17.402344 795.541992 223.725586 0.0 0.0 0.0 0.0 0.0 0.0 0.0 0.875787
Person 0.0 0 0.0 1149.140625 664.848633 1337.109375 1070.112305 0.0 0.0 0.0 0.0 0.0 0.0 0.0 0.876634
Person 0.0 0 0.0 536.572266 128.869629 607.177734 396.364746 0.0 0.0 0.0 0.0 0.0 0.0 0.0 0.890294
Person 0.0 0 0.0 1396.025391 39.023438 1438.974609 146.469727 0.0 0.0 0.0 0.0 0.0 0.0 0.0 0.897336
Person 0.0 0 0.0 479.384766 108.105469 551.865234 348.310547 0.0 0.0 0.0 0.0 0.0 0.0 0.0 0.902610
Person 0.0 0 0.0 300.498047 171.782227 396.064453 425.698242 0.0 0.0 0.0 0.0 0.0 0.0 0.0 0.906653
Person 0.0 0 0.0 1787.783203 248.708496 1860.966797 407.834473 0.0 0.0 0.0 0.0 0.0 0.0 0.0 0.913984
Person 0.0 0 0.0 1117.207031 320.756836 1250.917969 698.071289 0.0 0.0 0.0 0.0 0.0 0.0 0.0 0.919353
Person 0.0 0 0.0 1517.460938 832.478027 1791.914062 1072.287598 0.0 0.0 0.0 0.0 0.0 0.0 0.0 0.919931
Person 0.0 0 0.0 1624.511719 307.243652 1737.363281 523.322754 0.0 0.0 0.0 0.0 0.0 0.0 0.0 0.928149
Person 0.0 0 0.0 1298.159180 176.857910 1354.965820 380.544434 0.0 0.0 0.0 0.0 0.0 0.0 0.0 0.931213
Person 0.0 0 0.0 1409.765625 139.284668 1475.859375 334.006348 0.0 0.0 0.0 0.0 0.0 0.0 0.0 0.931960
Person 0.0 0 0.0 1711.962891 275.339355 1796.162109 452.922363 0.0 0.0 0.0 0.0 0.0 0.0 0.0 0.936518
Person 0.0 0 0.0 1495.195312 121.091309 1572.304688 274.152832 0.0 0.0 0.0 0.0 0.0 0.0 0.0 0.941439
Person 0.0 0 0.0 1535.332031 184.899902 1605.292969 369.338379 0.0 0.0 0.0 0.0 0.0 0.0 0.0 0.958693
Person 0.0 0 0.0 1443.281250 147.128906 1524.843750 316.933594 0.0 0.0 0.0 0.0 0.0 0.0 0.0 0.959611
