Person 0.0 0 0.0 371.162109 0.263672 444.462891 138.427734 0.0 0.0 0.0 0.0 0.0 0.0 0.0 0.739422
Person 0.0 0 0.0 721.787109 50.295410 763.212891 178.176270 0.0 0.0 0.0 0.0 0.0 0.0 0.0 0.743913
Person 0.0 0 0.0 1335.205078 69.840088 1383.544922 188.294678 0.0 0.0 0.0 0.0 0.0 0.0 0.0 0.765593
Person 0.0 0 0.0 1674.521484 247.917480 1760.478516 426.555176 0.0 0.0 0.0 0.0 0.0 0.0 0.0 0.783988
Person 0.0 0 0.0 1302.421875 610.136719 1495.078125 928.652344 0.0 0.0 0.0 0.0 0.0 0.0 0.0 0.790530
Person 0.0 0 0.0 102.919922 165.124512 172.470703 303.684082 0.0 0.0 0.0 0.0 0.0 0.0 0.0 0.815820
Person 0.0 0 0.0 1297.470703 186.086426 1370.654297 374.479980 0.0 0.0 0.0 0.0 0.0 0.0 0.0 0.816406
Person 0.0 0 0.0 14.677734 145.480957 92.666016 348.903809 0.0 0.0 0.0 0.0 0.0 0.0 0.0 0.822760
Person 0.0 0 0.0 1249.335938 647.050781 1566.914062 1073.144531 0.0 0.0 0.0 0.0 0.0 0.0 0.0 0.865224
Person 0.0 0 0.0 1432.294922 103.095703 1507.705078 265.517578 0.0 0.0 0.0 0.0 0.0 0.0 0.0 0.882833
Person 0.0 0 0.0 328.886719 138.823242 409.863281 408.032227 0.0 0.0 0.0 0.0 0.0 0.0 0.0 0.884039
Person 0.0 0 0.0 1749.316406 224.450684 1813.183594 385.686035 0.0 0.0 0.0 0.0 0.0 0.0 0.0 0.885235
Person 0.0 0 0.0 757.207031 20.895996 799.042969 228.669434 0.0 0.0 0.0 0.0 0.0 0.0 0.0 0.885632
Person 0.0 0 0.0 1799.707031 257.607422 1869.667969 406.318359 0.0 0.0 0.0 0.0 0.0 0.0 0.0 0.906322
Person 0.0 0 0.0 1588.769531 197.885742 1686.855469 404.340820 0.0 0.0 0.0 0.0 0.0 0.0 0.0 0.909586
Person 0.0 0 0.0 1399.995117 38.265381 1435.004883 142.877197 0.0 0.0 0.0 0.0 0.0 0.0 0.0 0.926835
Person 0.0 0 0.0 619.013672 149.765625 707.548828 421.875000 0.0 0.0 0.0 0.0 0.0 0.0 0.0 0.939692
Person 0.0 0 0.0 1275.175781 249.631348 1407.949219 491.286621 0.0 0.0 0.0 0.0 0.0 0.0 0.0 0.951142
Person 0.0 0 0.0 267.275391 146.667480 350.537109 376.457520 0.0 0.0 0.0 0.0 0.0 0.0 0.0 0.952397
Person 0.0 0 0.0 705.234375 137.373047 787.265625 396.035156 0.0 0.0 0.0 0.0 0.0 0.0 0.0 0.965119
