Person 0.0 0 0.0 483.925781 205.400391 592.324219 502.822266 0.0 0.0 0.0 0.0 0.0 0.0 0.0 0.704973
Person 0.0 0 0.0 1470.219727 140.965576 1522.280273 270.362549 0.0 0.0 0.0 0.0 0.0 0.0 0.0 0.714628
Person 0.0 0 0.0 1653.076172 350.551758 1772.548828 609.213867 0.0 0.0 0.0 0.0 0.0 0.0 0.0 0.737914
Person 0.0 0 0.0 1304.882812 610.795898 1507.617188 929.047852 0.0 0.0 0.0 0.0 0.0 0.0 0.0 0.749087
Person 0.0 0 0.0 1350.571289 49.240723 1398.178711 166.311035 0.0 0.0 0.0 0.0 0.0 0.0 0.0 0.763484
Person 0.0 0 0.0 1758.750000 223.659668 1822.500000 393.332520 0.0 0.0 0.0 0.0 0.0 0.0 0.0 0.830044
Person 0.0 0 0.0 4.248047 153.457031 85.517578 348.310547 0.0 0.0 0.0 0.0 0.0 0.0 0.0 0.838680
Person 0.0 0 0.0 337.675781 137.373047 414.667969 408.427734 0.0 0.0 0.0 0.0 0.0 0.0 0.0 0.863392
Person 0.0 0 0.0 1349.882812 148.710938 1425.117188 360.966797 0.0 0.0 0.0 0.0 0.0 0.0 0.0 0.879147
Person 0.0 0 0.0 1267.148438 637.426758 1550.976562 1073.276367 0.0 0.0 0.0 0.0 0.0 0.0 0.0 0.890675
Person 0.0 0 0.0 504.228516 269.208984 621.708984 604.072266 0.0 0.0 0.0 0.0 0.0 0.0 0.0 0.900179
Person 0.0 0 0.0 259.218750 153.193359 333.750000 391.025391 0.0 0.0 0.0 0.0 0.0 0.0 0.0 0.904313
Person 0.0 0 0.0 1512.216797 279.426270 1619.033203 523.190918 0.0 0.0 0.0 0.0 0.0 0.0 0.0 0.911810
Person 0.0 0 0.0 1296.884766 190.041504 1373.115234 383.181152 0.0 0.0 0.0 0.0 0.0 0.0 0.0 0.933431
Person 0.0 0 0.0 1795.546875 248.312988 1864.453125 409.284668 0.0 0.0 0.0 0.0 0.0 0.0 0.0 0.934395
Person 0.0 0 0.0 1360.312500 218.320312 1495.312500 486.210938 0.0 0.0 0.0 0.0 0.0 0.0 0.0 0.939248
Person 0.0 0 0.0 738.867188 70.532227 802.382812 288.325195 0.0 0.0 0.0 0.0 0.0 0.0 0.0 0.951684
Person 0.0 0 0.0 658.769531 113.972168 720.292969 369.602051 0.0 0.0 0.0 0.0 0.0 0.0 0.0 0.955486
Person 0.0 0 0.0 1453.330078 201.708984 1548.544922 439.541016 0.0 0.0 0.0 0.0 0.0 0.0 0.0 0.955651
Person 0.0 0 0.0 573.984375 132.758789 652.265625 405.131836 0.0 0.0 0.0 0.0 0.0 0.0 0.0 0.962953
