Person 0.0 0 0.0 717.626953 48.779297 766.435547 250.224609 0.0 0.0 0.0 0.0 0.0 0.0 0.0 0.841305
Person 0.0 0 0.0 759.375000 21.159668 802.500000 229.724121 0.0 0.0 0.0 0.0 0.0 0.0 0.0 0.861538
Person 0.0 0 0.0 1787.080078 333.479004 1882.294922 530.837402 0.0 0.0 0.0 0.0 0.0 0.0 0.0 0.873215
Person 0.0 0 0.0 1805.009766 262.089844 1869.990234 409.218750 0.0 0.0 0.0 0.0 0.0 0.0 0.0 0.876634
Person 0.0 0 0.0 1312.954102 31.673584 1355.170898 148.546143 0.0 0.0 0.0 0.0 0.0 0.0 0.0 0.892563
Person 0.0 0 0.0 324.052734 132.692871 423.603516 395.969238 0.0 0.0 0.0 0.0 0.0 0.0 0.0 0.900530
Person 0.0 0 0.0 502.441406 638.217773 698.496094 1010.258789 0.0 0.0 0.0 0.0 0.0 0.0 0.0 0.903635
Person 0.0 0 0.0 1671.093750 241.787109 1752.656250 425.830078 0.0 0.0 0.0 0.0 0.0 0.0 0.0 0.912124
Person 0.0 0 0.0 1357.880859 78.771973 1424.619141 215.749512 0.0 0.0 0.0 0.0 0.0 0.0 0.0 0.914596
Person 0.0 0 0.0 1211.367188 260.244141 1321.757812 583.505859 0.0 0.0 0.0 0.0 0.0 0.0 0.0 0.923592
Person 0.0 0 0.0 1259.179688 668.671875 1596.445312 1072.617188 0.0 0.0 0.0 0.0 0.0 0.0 0.0 0.923868
Person 0.0 0 0.0 1490.507812 269.274902 1584.492188 479.025879 0.0 0.0 0.0 0.0 0.0 0.0 0.0 0.924688
Person 0.0 0 0.0 1580.449219 201.445312 1693.300781 405.000000 0.0 0.0 0.0 0.0 0.0 0.0 0.0 0.925500
Person 0.0 0 0.0 1443.750000 104.941406 1503.750000 246.269531 0.0 0.0 0.0 0.0 0.0 0.0 0.0 0.926570
Person 0.0 0 0.0 256.728516 147.128906 351.240234 375.996094 0.0 0.0 0.0 0.0 0.0 0.0 0.0 0.927363
Person 0.0 0 0.0 1302.949219 615.146484 1509.550781 961.611328 0.0 0.0 0.0 0.0 0.0 0.0 0.0 0.940353
Person 0.0 0 0.0 1755.175781 236.579590 1827.949219 400.451660 0.0 0.0 0.0 0.0 0.0 0.0 0.0 0.941868
Person 0.0 0 0.0 646.201172 252.333984 744.111328 578.759766 0.0 0.0 0.0 0.0 0.0 0.0 0.0 0.943348
Person 0.0 0 0.0 1391.220703 90.571289 1471.904297 236.118164 0.0 0.0 0.0 0.0 0.0 0.0 0.0 0.952574
Person 0.0 0 0.0 1405.195312 210.607910 1502.929688 449.099121 0.0 0.0 0.0 0.0 0.0 0.0 0.0 0.971779
