Person 0.0 0 0.0 1356.328125 146.008301 1416.796875 359.978027 0.0 0.0 0.0 0.0 0.0 0.0 0.0 0.788583
Person 0.0 0 0.0 654.697266 0.000000 732.802734 169.277344 0.0 0.0 0.0 0.0 0.0 0.0 0.0 0.814053
Person 0.0 0 0.0 309.580078 154.643555 383.701172 431.762695 0.0 0.0 0.0 0.0 0.0 0.0 0.0 0.854885
Person 0.0 0 0.0 1423.769531 44.296875 1465.605469 138.559570 0.0 0.0 0.0 0.0 0.0 0.0 0.0 0.874077
Person 0.0 0 0.0 1575.761719 815.800781 1814.238281 1073.144531 0.0 0.0 0.0 0.0 0.0 0.0 0.0 0.885235
Person 0.0 0 0.0 1477.617188 350.156250 1599.257812 654.960938 0.0 0.0 0.0 0.0 0.0 0.0 0.0 0.898411
Person 0.0 0 0.0 1405.136719 138.098145 1472.988281 332.028809 0.0 0.0 0.0 0.0 0.0 0.0 0.0 0.916409
Person 0.0 0 0.0 1487.109375 440.859375 1698.515625 819.492188 0.0 0.0 0.0 0.0 0.0 0.0 0.0 0.917598
Person 0.0 0 0.0 1464.814453 152.468262 1523.935547 326.359863 0.0 0.0 0.0 0.0 0.0 0.0 0.0 0.921074
Person 0.0 0 0.0 1372.734375 417.128906 1529.765625 794.707031 0.0 0.0 0.0 0.0 0.0 0.0 0.0 0.925769
Person 0.0 0 0.0 1549.218750 184.108887 1621.406250 349.299316 0.0 0.0 0.0 0.0 0.0 0.0 0.0 0.928926
Person 0.0 0 0.0 1220.273438 254.838867 1378.476562 574.145508 0.0 0.0 0.0 0.0 0.0 0.0 0.0 0.937440
Person 0.0 0 0.0 1393.417969 37.078857 1435.957031 149.732666 0.0 0.0 0.0 0.0 0.0 0.0 0.0 0.939471
Person 0.0 0 0.0 585.234375 161.499023 654.140625 442.309570 0.0 0.0 0.0 0.0 0.0 0.0 0.0 0.943348
Person 0.0 0 0.0 655.839844 372.832031 792.597656 759.902344 0.0 0.0 0.0 0.0 0.0 0.0 0.0 0.947962
Person 0.0 0 0.0 712.148438 154.379883 784.101562 429.916992 0.0 0.0 0.0 0.0 0.0 0.0 0.0 0.954308
Person 0.0 0 0.0 1324.628906 37.243652 1364.121094 177.648926 0.0 0.0 0.0 0.0 0.0 0.0 0.0 0.957278
Person 0.0 0 0.0 1597.441406 225.802002 1676.308594 360.076904 0.0 0.0 0.0 0.0 0.0 0.0 0.0 0.959913
Person 0.0 0 0.0 345.820312 189.580078 448.710938 477.509766 0.0 0.0 0.0 0.0 0.0 0.0 0.0 0.961534
Person 0.0 0 0.0 1460.625000 264.133301 1560.000000 463.073730 0.0 0.0 0.0 0.0 0.0 0.0 0.0 0.966537
