Person 0.0 0 0.0 654.697266 0.000000 732.802734 168.156738 0.0 0.0 0.0 0.0 0.0 0.0 0.0 0.714628
Person 0.0 0 0.0 0.380859 148.776855 80.302734 349.299316 0.0 0.0 0.0 0.0 0.0 0.0 0.0 0.757077
Person 0.0 0 0.0 1762.031250 223.593750 1834.218750 386.542969 0.0 0.0 0.0 0.0 0.0 0.0 0.0 0.762070
Person 0.0 0 0.0 90.410156 166.970215 156.386719 321.350098 0.0 0.0 0.0 0.0 0.0 0.0 0.0 0.766992
Person 0.0 0 0.0 1440.292969 363.867188 1584.082031 707.695312 0.0 0.0 0.0 0.0 0.0 0.0 0.0 0.780662
Person 0.0 0 0.0 1415.390625 137.373047 1481.484375 335.390625 0.0 0.0 0.0 0.0 0.0 0.0 0.0 0.860604
Person 0.0 0 0.0 1575.351562 791.279297 1814.648438 1073.408203 0.0 0.0 0.0 0.0 0.0 0.0 0.0 0.888372
Person 0.0 0 0.0 1369.628906 158.994141 1437.246094 361.757812 0.0 0.0 0.0 0.0 0.0 0.0 0.0 0.891055
Person 0.0 0 0.0 242.900391 165.585938 332.255859 399.199219 0.0 0.0 0.0 0.0 0.0 0.0 0.0 0.904313
Person 0.0 0 0.0 1598.466797 213.837891 1673.408203 357.802734 0.0 0.0 0.0 0.0 0.0 0.0 0.0 0.925500
Person 0.0 0 0.0 585.410156 163.344727 662.402344 443.627930 0.0 0.0 0.0 0.0 0.0 0.0 0.0 0.926037
Person 0.0 0 0.0 775.312500 295.048828 930.937500 632.021484 0.0 0.0 0.0 0.0 0.0 0.0 0.0 0.926835
Person 0.0 0 0.0 1468.271484 152.995605 1533.603516 325.041504 0.0 0.0 0.0 0.0 0.0 0.0 0.0 0.932699
Person 0.0 0 0.0 1360.839844 425.961914 1536.035156 797.475586 0.0 0.0 0.0 0.0 0.0 0.0 0.0 0.934395
Person 0.0 0 0.0 1220.859375 250.620117 1377.890625 574.145508 0.0 0.0 0.0 0.0 0.0 0.0 0.0 0.938350
Person 0.0 0 0.0 1347.026367 46.208496 1392.348633 177.517090 0.0 0.0 0.0 0.0 0.0 0.0 0.0 0.957278
Person 0.0 0 0.0 340.458984 182.329102 444.697266 458.920898 0.0 0.0 0.0 0.0 0.0 0.0 0.0 0.957596
Person 0.0 0 0.0 1425.498047 44.197998 1465.751953 153.160400 0.0 0.0 0.0 0.0 0.0 0.0 0.0 0.959611
Person 0.0 0 0.0 1393.901367 36.979980 1435.473633 155.236816 0.0 0.0 0.0 0.0 0.0 0.0 0.0 0.959762
Person 0.0 0 0.0 708.486328 162.026367 803.701172 443.364258 0.0 0.0 0.0 0.0 0.0 0.0 0.0 0.960361
