Person 0.0 0 0.0 1753.007812 223.000488 1820.742188 368.151855 0.0 0.0 0.0 0.0 0.0 0.0 0.0 0.608594
Person 0.0 0 0.0 123.984375 513.632812 316.640625 917.578125 0.0 0.0 0.0 0.0 0.0 0.0 0.0 0.624294
Person 0.0 0 0.0 1350.820312 73.037109 1412.929688 221.484375 0.0 0.0 0.0 0.0 0.0 0.0 0.0 0.737914
Person 0.0 0 0.0 170.976562 162.290039 255.351562 303.354492 0.0 0.0 0.0 0.0 0.0 0.0 0.0 0.793746
Person 0.0 0 0.0 14.531250 145.876465 96.562500 349.562988 0.0 0.0 0.0 0.0 0.0 0.0 0.0 0.827828
Person 0.0 0 0.0 320.507812 129.265137 423.398438 394.387207 0.0 0.0 0.0 0.0 0.0 0.0 0.0 0.851459
Person 0.0 0 0.0 716.586914 49.240723 767.475586 250.817871 0.0 0.0 0.0 0.0 0.0 0.0 0.0 0.854399
Person 0.0 0 0.0 757.807617 21.357422 802.192383 228.208008 0.0 0.0 0.0 0.0 0.0 0.0 0.0 0.866585
Person 0.0 0 0.0 270.849609 145.283203 351.181641 376.787109 0.0 0.0 0.0 0.0 0.0 0.0 0.0 0.873215
Person 0.0 0 0.0 1104.697266 241.391602 1197.802734 543.295898 0.0 0.0 0.0 0.0 0.0 0.0 0.0 0.897336
Person 0.0 0 0.0 611.250000 500.449219 753.750000 910.722656 0.0 0.0 0.0 0.0 0.0 0.0 0.0 0.901575
Person 0.0 0 0.0 744.287109 282.656250 848.525391 638.085938 0.0 0.0 0.0 0.0 0.0 0.0 0.0 0.906653
Person 0.0 0 0.0 1259.414062 668.012695 1530.585938 1074.331055 0.0 0.0 0.0 0.0 0.0 0.0 0.0 0.913368
Person 0.0 0 0.0 1672.353516 239.875488 1755.146484 426.687012 0.0 0.0 0.0 0.0 0.0 0.0 0.0 0.916110
Person 0.0 0 0.0 860.361328 222.670898 950.888672 532.485352 0.0 0.0 0.0 0.0 0.0 0.0 0.0 0.917598
Person 0.0 0 0.0 1805.126953 261.562500 1873.623047 409.746094 0.0 0.0 0.0 0.0 0.0 0.0 0.0 0.920790
Person 0.0 0 0.0 1755.527344 236.513672 1827.597656 398.935547 0.0 0.0 0.0 0.0 0.0 0.0 0.0 0.928926
Person 0.0 0 0.0 1580.859375 202.368164 1696.640625 407.241211 0.0 0.0 0.0 0.0 0.0 0.0 0.0 0.935110
Person 0.0 0 0.0 1462.792969 252.004395 1561.582031 467.292480 0.0 0.0 0.0 0.0 0.0 0.0 0.0 0.941868
Person 0.0 0 0.0 1292.651367 74.948730 1351.098633 242.512207 0.0 0.0 0.0 0.0 0.0 0.0 0.0 0.968856
