Person 0.0 0 0.0 761.088867 44.362793 810.161133 233.811035 0.0 0.0 0.0 0.0 0.0 0.0 0.0 0.801936
Person 0.0 0 0.0 1439.355469 365.053711 1586.894531 708.090820 0.0 0.0 0.0 0.0 0.0 0.0 0.0 0.840783
Person 0.0 0 0.0 1575.820312 795.498047 1823.554688 1073.408203 0.0 0.0 0.0 0.0 0.0 0.0 0.0 0.894421
Person 0.0 0 0.0 305.625000 154.116211 381.562500 442.309570 0.0 0.0 0.0 0.0 0.0 0.0 0.0 0.897336
Person 0.0 0 0.0 1370.742188 160.180664 1443.632812 369.272461 0.0 0.0 0.0 0.0 0.0 0.0 0.0 0.909586
Person 0.0 0 0.0 1745.390625 222.539062 1802.109375 385.488281 0.0 0.0 0.0 0.0 0.0 0.0 0.0 0.909907
Person 0.0 0 0.0 1229.824219 243.237305 1370.800781 568.872070 0.0 0.0 0.0 0.0 0.0 0.0 0.0 0.913058
Person 0.0 0 0.0 1781.484375 254.311523 1850.390625 405.922852 0.0 0.0 0.0 0.0 0.0 0.0 0.0 0.919643
Person 0.0 0 0.0 596.191406 156.884766 675.058594 443.759766 0.0 0.0 0.0 0.0 0.0 0.0 0.0 0.927626
Person 0.0 0 0.0 1391.176758 37.243652 1434.448242 154.313965 0.0 0.0 0.0 0.0 0.0 0.0 0.0 0.929951
Person 0.0 0 0.0 349.101562 175.144043 470.742188 441.848145 0.0 0.0 0.0 0.0 0.0 0.0 0.0 0.931960
Person 0.0 0 0.0 245.214844 165.388184 331.347656 402.033691 0.0 0.0 0.0 0.0 0.0 0.0 0.0 0.937211
Person 0.0 0 0.0 1672.763672 196.567383 1745.361328 352.924805 0.0 0.0 0.0 0.0 0.0 0.0 0.0 0.939471
Person 0.0 0 0.0 1425.527344 143.305664 1501.347656 335.522461 0.0 0.0 0.0 0.0 0.0 0.0 0.0 0.940790
Person 0.0 0 0.0 1482.509766 253.586426 1573.740234 424.577637 0.0 0.0 0.0 0.0 0.0 0.0 0.0 0.943348
Person 0.0 0 0.0 1564.145508 162.026367 1610.229492 303.090820 0.0 0.0 0.0 0.0 0.0 0.0 0.0 0.950227
Person 0.0 0 0.0 1423.623047 44.428711 1465.751953 156.093750 0.0 0.0 0.0 0.0 0.0 0.0 0.0 0.952220
Person 0.0 0 0.0 1461.679688 153.852539 1530.820312 324.711914 0.0 0.0 0.0 0.0 0.0 0.0 0.0 0.956796
Person 0.0 0 0.0 707.695312 159.521484 799.804688 443.232422 0.0 0.0 0.0 0.0 0.0 0.0 0.0 0.961534
Person 0.0 0 0.0 1360.195312 421.611328 1531.054688 797.607422 0.0 0.0 0.0 0.0 0.0 0.0 0.0 0.965119
