Person 0.0 0 0.0 695.244141 67.895508 760.693359 248.247070 0.0 0.0 0.0 0.0 0.0 0.0 0.0 0.823328
Person 0.0 0 0.0 203.144531 201.247559 291.855469 440.529785 0.0 0.0 0.0 0.0 0.0 0.0 0.0 0.841305
Person 0.0 0 0.0 2.695312 153.984375 85.195312 348.837891 0.0 0.0 0.0 0.0 0.0 0.0 0.0 0.846451
Person 0.0 0 0.0 1304.062500 610.795898 1504.687500 929.047852 0.0 0.0 0.0 0.0 0.0 0.0 0.0 0.847463
Person 0.0 0 0.0 1494.462891 116.279297 1541.162109 275.800781 0.0 0.0 0.0 0.0 0.0 0.0 0.0 0.853913
Person 0.0 0 0.0 1385.449219 36.254883 1425.175781 147.919922 0.0 0.0 0.0 0.0 0.0 0.0 0.0 0.856332
Person 0.0 0 0.0 443.701172 99.865723 510.673828 327.546387 0.0 0.0 0.0 0.0 0.0 0.0 0.0 0.883638
Person 0.0 0 0.0 746.777344 17.929688 797.285156 224.912109 0.0 0.0 0.0 0.0 0.0 0.0 0.0 0.885235
Person 0.0 0 0.0 526.713867 102.963867 585.161133 340.795898 0.0 0.0 0.0 0.0 0.0 0.0 0.0 0.887595
Person 0.0 0 0.0 340.458984 146.601562 421.259766 422.929688 0.0 0.0 0.0 0.0 0.0 0.0 0.0 0.898053
Person 0.0 0 0.0 1267.851562 640.590820 1554.023438 1073.276367 0.0 0.0 0.0 0.0 0.0 0.0 0.0 0.899828
Person 0.0 0 0.0 1751.982422 222.868652 1823.642578 393.068848 0.0 0.0 0.0 0.0 0.0 0.0 0.0 0.907640
Person 0.0 0 0.0 1128.925781 278.305664 1297.324219 583.374023 0.0 0.0 0.0 0.0 0.0 0.0 0.0 0.927100
Person 0.0 0 0.0 1301.572266 188.854980 1374.052734 382.785645 0.0 0.0 0.0 0.0 0.0 0.0 0.0 0.938576
Person 0.0 0 0.0 1604.707031 303.024902 1715.917969 515.412598 0.0 0.0 0.0 0.0 0.0 0.0 0.0 0.938801
Person 0.0 0 0.0 659.692383 114.960938 719.370117 369.404297 0.0 0.0 0.0 0.0 0.0 0.0 0.0 0.939471
Person 0.0 0 0.0 1277.753906 297.290039 1476.621094 623.452148 0.0 0.0 0.0 0.0 0.0 0.0 0.0 0.944177
Person 0.0 0 0.0 572.695312 125.639648 634.804688 395.639648 0.0 0.0 0.0 0.0 0.0 0.0 0.0 0.946200
Person 0.0 0 0.0 1795.371094 248.049316 1862.753906 409.548340 0.0 0.0 0.0 0.0 0.0 0.0 0.0 0.954137
Person 0.0 0 0.0 1358.027344 162.553711 1435.722656 366.899414 0.0 0.0 0.0 0.0 0.0 0.0 0.0 0.960361
