Person 0.0 0 0.0 657.626953 0.131836 730.810547 168.881836 0.0 0.0 0.0 0.0 0.0 0.0 0.0 0.831143
Person 0.0 0 0.0 1393.740234 35.958252 1428.134766 144.920654 0.0 0.0 0.0 0.0 0.0 0.0 0.0 0.895157
Person 0.0 0 0.0 296.484375 152.138672 380.390625 425.830078 0.0 0.0 0.0 0.0 0.0 0.0 0.0 0.899475
Person 0.0 0 0.0 1521.093750 769.921875 1771.406250 1073.671875 0.0 0.0 0.0 0.0 0.0 0.0 0.0 0.911810
Person 0.0 0 0.0 1324.028320 23.796387 1362.846680 142.712402 0.0 0.0 0.0 0.0 0.0 0.0 0.0 0.912124
Person 0.0 0 0.0 403.886719 166.640625 516.738281 440.332031 0.0 0.0 0.0 0.0 0.0 0.0 0.0 0.913368
Person 0.0 0 0.0 242.753906 167.167969 331.464844 399.199219 0.0 0.0 0.0 0.0 0.0 0.0 0.0 0.917598
Person 0.0 0 0.0 1367.724609 271.911621 1478.525391 471.115723 0.0 0.0 0.0 0.0 0.0 0.0 0.0 0.923039
Person 0.0 0 0.0 1346.425781 153.457031 1419.199219 359.384766 0.0 0.0 0.0 0.0 0.0 0.0 0.0 0.923316
Person 0.0 0 0.0 828.691406 307.177734 965.683594 667.353516 0.0 0.0 0.0 0.0 0.0 0.0 0.0 0.925500
Person 0.0 0 0.0 967.324219 228.537598 1087.675781 456.481934 0.0 0.0 0.0 0.0 0.0 0.0 0.0 0.933915
Person 0.0 0 0.0 550.781250 139.614258 645.468750 408.823242 0.0 0.0 0.0 0.0 0.0 0.0 0.0 0.936981
Person 0.0 0 0.0 1297.954102 176.989746 1353.295898 376.193848 0.0 0.0 0.0 0.0 0.0 0.0 0.0 0.942295
Person 0.0 0 0.0 1552.558594 187.602539 1621.816406 354.506836 0.0 0.0 0.0 0.0 0.0 0.0 0.0 0.944995
Person 0.0 0 0.0 1660.957031 320.427246 1792.792969 527.014160 0.0 0.0 0.0 0.0 0.0 0.0 0.0 0.945197
Person 0.0 0 0.0 1454.560547 146.997070 1534.189453 325.239258 0.0 0.0 0.0 0.0 0.0 0.0 0.0 0.951684
Person 0.0 0 0.0 1597.001953 203.027344 1665.498047 359.648438 0.0 0.0 0.0 0.0 0.0 0.0 0.0 0.951863
Person 0.0 0 0.0 677.167969 128.540039 767.519531 399.594727 0.0 0.0 0.0 0.0 0.0 0.0 0.0 0.953101
Person 0.0 0 0.0 1301.777344 425.039062 1476.972656 814.218750 0.0 0.0 0.0 0.0 0.0 0.0 0.0 0.956634
Person 0.0 0 0.0 1402.441406 136.582031 1485.058594 315.878906 0.0 0.0 0.0 0.0 0.0 0.0 0.0 0.970013
