Person 0.0 0 0.0 657.216797 0.000000 734.033203 167.497559 0.0 0.0 0.0 0.0 0.0 0.0 0.0 0.704973
Person 0.0 0 0.0 1365.615234 155.434570 1443.134766 363.208008 0.0 0.0 0.0 0.0 0.0 0.0 0.0 0.787931
Person 0.0 0 0.0 300.000000 155.830078 377.812500 415.283203 0.0 0.0 0.0 0.0 0.0 0.0 0.0 0.819893
Person 0.0 0 0.0 1745.463867 225.175781 1803.911133 381.796875 0.0 0.0 0.0 0.0 0.0 0.0 0.0 0.837620
Person 0.0 0 0.0 1243.183594 223.198242 1363.066406 560.961914 0.0 0.0 0.0 0.0 0.0 0.0 0.0 0.863852
Person 0.0 0 0.0 1666.054688 193.073730 1723.945312 355.363770 0.0 0.0 0.0 0.0 0.0 0.0 0.0 0.867036
Person 0.0 0 0.0 1422.128906 141.394043 1493.496094 334.533691 0.0 0.0 0.0 0.0 0.0 0.0 0.0 0.875361
Person 0.0 0 0.0 1780.869141 234.008789 1849.130859 405.131836 0.0 0.0 0.0 0.0 0.0 0.0 0.0 0.896614
Person 0.0 0 0.0 336.416016 182.724609 435.615234 462.744141 0.0 0.0 0.0 0.0 0.0 0.0 0.0 0.896976
Person 0.0 0 0.0 1575.585938 803.342285 1821.914062 1072.946777 0.0 0.0 0.0 0.0 0.0 0.0 0.0 0.900530
Person 0.0 0 0.0 595.488281 155.698242 674.824219 443.364258 0.0 0.0 0.0 0.0 0.0 0.0 0.0 0.905322
Person 0.0 0 0.0 1463.818359 263.144531 1558.681641 454.042969 0.0 0.0 0.0 0.0 0.0 0.0 0.0 0.915507
Person 0.0 0 0.0 245.390625 166.047363 331.171875 401.901855 0.0 0.0 0.0 0.0 0.0 0.0 0.0 0.918187
Person 0.0 0 0.0 1391.250000 37.144775 1434.375000 154.412842 0.0 0.0 0.0 0.0 0.0 0.0 0.0 0.918772
Person 0.0 0 0.0 1467.685547 153.720703 1532.314453 325.107422 0.0 0.0 0.0 0.0 0.0 0.0 0.0 0.927363
Person 0.0 0 0.0 1426.289062 44.230957 1464.960938 150.358887 0.0 0.0 0.0 0.0 0.0 0.0 0.0 0.932453
Person 0.0 0 0.0 1360.546875 423.852539 1532.578125 798.530273 0.0 0.0 0.0 0.0 0.0 0.0 0.0 0.934155
Person 0.0 0 0.0 708.574219 158.334961 800.800781 442.836914 0.0 0.0 0.0 0.0 0.0 0.0 0.0 0.934634
Person 0.0 0 0.0 1555.561523 162.619629 1611.313477 326.755371 0.0 0.0 0.0 0.0 0.0 0.0 0.0 0.957437
Person 0.0 0 0.0 1591.640625 183.317871 1653.984375 339.016113 0.0 0.0 0.0 0.0 0.0 0.0 0.0 0.975390
