Person 0.0 0 0.0 722.592773 49.240723 770.844727 179.626465 0.0 0.0 0.0 0.0 0.0 0.0 0.0 0.678327
Person 0.0 0 0.0 102.773438 166.047363 170.742188 302.233887 0.0 0.0 0.0 0.0 0.0 0.0 0.0 0.690976
Person 0.0 0 0.0 1370.742188 154.248047 1432.382812 364.658203 0.0 0.0 0.0 0.0 0.0 0.0 0.0 0.693473
Person 0.0 0 0.0 1365.029297 57.052002 1393.095703 128.704834 0.0 0.0 0.0 0.0 0.0 0.0 0.0 0.720172
Person 0.0 0 0.0 757.412109 20.698242 798.837891 222.143555 0.0 0.0 0.0 0.0 0.0 0.0 0.0 0.775945
Person 0.0 0 0.0 1345.136719 126.364746 1401.738281 285.490723 0.0 0.0 0.0 0.0 0.0 0.0 0.0 0.781997
Person 0.0 0 0.0 1329.946289 67.631836 1370.053711 185.888672 0.0 0.0 0.0 0.0 0.0 0.0 0.0 0.837088
Person 0.0 0 0.0 15.205078 145.942383 94.189453 349.497070 0.0 0.0 0.0 0.0 0.0 0.0 0.0 0.849971
Person 0.0 0 0.0 701.835938 304.145508 809.414062 640.854492 0.0 0.0 0.0 0.0 0.0 0.0 0.0 0.853913
Person 0.0 0 0.0 678.017578 149.238281 770.419922 409.218750 0.0 0.0 0.0 0.0 0.0 0.0 0.0 0.875361
Person 0.0 0 0.0 328.447266 139.812012 410.771484 408.098145 0.0 0.0 0.0 0.0 0.0 0.0 0.0 0.895157
Person 0.0 0 0.0 1250.390625 656.938477 1522.734375 1072.749023 0.0 0.0 0.0 0.0 0.0 0.0 0.0 0.902266
Person 0.0 0 0.0 1673.261719 248.444824 1759.863281 426.027832 0.0 0.0 0.0 0.0 0.0 0.0 0.0 0.916708
Person 0.0 0 0.0 1432.294922 102.304688 1503.955078 264.726562 0.0 0.0 0.0 0.0 0.0 0.0 0.0 0.917303
Person 0.0 0 0.0 1803.750000 262.287598 1869.375000 409.020996 0.0 0.0 0.0 0.0 0.0 0.0 0.0 0.918187
Person 0.0 0 0.0 1753.125000 224.252930 1824.375000 385.883789 0.0 0.0 0.0 0.0 0.0 0.0 0.0 0.930711
Person 0.0 0 0.0 1399.218750 38.891602 1435.781250 144.624023 0.0 0.0 0.0 0.0 0.0 0.0 0.0 0.935346
Person 0.0 0 0.0 266.425781 146.733398 350.917969 375.600586 0.0 0.0 0.0 0.0 0.0 0.0 0.0 0.936285
Person 0.0 0 0.0 1588.154297 200.852051 1694.970703 404.538574 0.0 0.0 0.0 0.0 0.0 0.0 0.0 0.946597
Person 0.0 0 0.0 1261.171875 281.206055 1395.703125 550.415039 0.0 0.0 0.0 0.0 0.0 0.0 0.0 0.952574
