Person 0.0 0 0.0 759.946289 20.895996 804.741211 228.669434 0.0 0.0 0.0 0.0 0.0 0.0 0.0 0.730290
Person 0.0 0 0.0 106.640625 167.365723 169.218750 316.208496 0.0 0.0 0.0 0.0 0.0 0.0 0.0 0.809276
Person 0.0 0 0.0 14.091797 146.271973 94.306641 349.167480 0.0 0.0 0.0 0.0 0.0 0.0 0.0 0.816406
Person 0.0 0 0.0 269.443359 145.151367 350.244141 375.600586 0.0 0.0 0.0 0.0 0.0 0.0 0.0 0.823896
Person 0.0 0 0.0 442.441406 338.027344 600.058594 691.347656 0.0 0.0 0.0 0.0 0.0 0.0 0.0 0.825590
Person 0.0 0 0.0 328.212891 128.803711 422.724609 394.321289 0.0 0.0 0.0 0.0 0.0 0.0 0.0 0.837088
Person 0.0 0 0.0 789.433594 298.212891 883.066406 639.931641 0.0 0.0 0.0 0.0 0.0 0.0 0.0 0.857291
Person 0.0 0 0.0 1258.710938 648.105469 1553.789062 1074.199219 0.0 0.0 0.0 0.0 0.0 0.0 0.0 0.858244
Person 0.0 0 0.0 1676.455078 241.721191 1756.669922 423.786621 0.0 0.0 0.0 0.0 0.0 0.0 0.0 0.861072
Person 0.0 0 0.0 1473.632812 120.003662 1539.492188 233.052979 0.0 0.0 0.0 0.0 0.0 0.0 0.0 0.868381
Person 0.0 0 0.0 864.375000 185.888672 942.187500 493.857422 0.0 0.0 0.0 0.0 0.0 0.0 0.0 0.885235
Person 0.0 0 0.0 1577.255859 200.786133 1685.244141 399.858398 0.0 0.0 0.0 0.0 0.0 0.0 0.0 0.896976
Person 0.0 0 0.0 1277.724609 105.732422 1328.525391 275.273438 0.0 0.0 0.0 0.0 0.0 0.0 0.0 0.900179
Person 0.0 0 0.0 652.734375 228.867188 791.953125 545.273438 0.0 0.0 0.0 0.0 0.0 0.0 0.0 0.914291
Person 0.0 0 0.0 1377.583008 77.585449 1423.666992 214.826660 0.0 0.0 0.0 0.0 0.0 0.0 0.0 0.914596
Person 0.0 0 0.0 1343.056641 165.388184 1441.318359 377.248535 0.0 0.0 0.0 0.0 0.0 0.0 0.0 0.922482
Person 0.0 0 0.0 1423.886719 218.122559 1510.488281 426.291504 0.0 0.0 0.0 0.0 0.0 0.0 0.0 0.924688
Person 0.0 0 0.0 1804.335938 261.496582 1876.289062 409.284668 0.0 0.0 0.0 0.0 0.0 0.0 0.0 0.927100
Person 0.0 0 0.0 1756.259766 244.489746 1839.990234 405.197754 0.0 0.0 0.0 0.0 0.0 0.0 0.0 0.939471
Person 0.0 0 0.0 1339.365234 60.117188 1386.884766 196.040039 0.0 0.0 0.0 0.0 0.0 0.0 0.0 0.943971
