Person 0.0 0 0.0 542.167969 129.792480 603.457031 392.541504 0.0 0.0 0.0 0.0 0.0 0.0 0.0 0.801936
Person 0.0 0 0.0 324.023438 473.686523 474.257812 859.438477 0.0 0.0 0.0 0.0 0.0 0.0 0.0 0.815820
Person 0.0 0 0.0 577.968750 107.248535 639.843750 339.675293 0.0 0.0 0.0 0.0 0.0 0.0 0.0 0.830044
Person 0.0 0 0.0 1747.558594 230.910645 1814.941406 387.663574 0.0 0.0 0.0 0.0 0.0 0.0 0.0 0.854399
Person 0.0 0 0.0 1787.812500 249.829102 1859.062500 408.295898 0.0 0.0 0.0 0.0 0.0 0.0 0.0 0.865679
Person 0.0 0 0.0 975.175781 229.790039 1072.324219 422.534180 0.0 0.0 0.0 0.0 0.0 0.0 0.0 0.890675
Person 0.0 0 0.0 1741.523438 285.424805 1820.976562 442.309570 0.0 0.0 0.0 0.0 0.0 0.0 0.0 0.897695
Person 0.0 0 0.0 301.816406 148.315430 384.902344 424.907227 0.0 0.0 0.0 0.0 0.0 0.0 0.0 0.903635
Person 0.0 0 0.0 245.068359 166.772461 331.962891 400.122070 0.0 0.0 0.0 0.0 0.0 0.0 0.0 0.920504
Person 0.0 0 0.0 679.394531 114.235840 741.855469 367.229004 0.0 0.0 0.0 0.0 0.0 0.0 0.0 0.922482
Person 0.0 0 0.0 1396.259766 38.990479 1438.740234 144.525146 0.0 0.0 0.0 0.0 0.0 0.0 0.0 0.927626
Person 0.0 0 0.0 1313.291016 21.390381 1360.458984 137.208252 0.0 0.0 0.0 0.0 0.0 0.0 0.0 0.932207
Person 0.0 0 0.0 1645.136719 311.660156 1756.113281 536.308594 0.0 0.0 0.0 0.0 0.0 0.0 0.0 0.934395
Person 0.0 0 0.0 1111.933594 321.679688 1248.691406 697.148438 0.0 0.0 0.0 0.0 0.0 0.0 0.0 0.939692
Person 0.0 0 0.0 1339.277344 151.347656 1420.722656 359.912109 0.0 0.0 0.0 0.0 0.0 0.0 0.0 0.940572
Person 0.0 0 0.0 1294.453125 175.078125 1347.421875 364.921875 0.0 0.0 0.0 0.0 0.0 0.0 0.0 0.942718
Person 0.0 0 0.0 1441.933594 149.699707 1522.441406 316.472168 0.0 0.0 0.0 0.0 0.0 0.0 0.0 0.960212
Person 0.0 0 0.0 1464.345703 221.550293 1558.154297 433.937988 0.0 0.0 0.0 0.0 0.0 0.0 0.0 0.960510
Person 0.0 0 0.0 1408.564453 139.812012 1477.060547 334.006348 0.0 0.0 0.0 0.0 0.0 0.0 0.0 0.963506
Person 0.0 0 0.0 1616.865234 232.888184 1698.134766 426.291504 0.0 0.0 0.0 0.0 0.0 0.0 0.0 0.973443
