Person 0.0 0 0.0 653.701172 0.000000 732.861328 168.684082 0.0 0.0 0.0 0.0 0.0 0.0 0.0 0.786623
Person 0.0 0 0.0 1396.362305 36.485596 1436.762695 145.052490 0.0 0.0 0.0 0.0 0.0 0.0 0.0 0.892187
Person 0.0 0 0.0 1472.695312 152.929688 1529.179688 328.535156 0.0 0.0 0.0 0.0 0.0 0.0 0.0 0.899828
Person 0.0 0 0.0 1137.275391 245.214844 1221.474609 590.097656 0.0 0.0 0.0 0.0 0.0 0.0 0.0 0.903294
Person 0.0 0 0.0 570.234375 156.357422 648.515625 427.412109 0.0 0.0 0.0 0.0 0.0 0.0 0.0 0.906322
Person 0.0 0 0.0 1273.476562 575.859375 1507.148438 988.242188 0.0 0.0 0.0 0.0 0.0 0.0 0.0 0.906653
Person 0.0 0 0.0 827.490234 292.543945 923.759766 666.166992 0.0 0.0 0.0 0.0 0.0 0.0 0.0 0.910227
Person 0.0 0 0.0 303.281250 157.082520 388.125000 426.687012 0.0 0.0 0.0 0.0 0.0 0.0 0.0 0.915507
Person 0.0 0 0.0 243.779297 166.376953 331.845703 399.990234 0.0 0.0 0.0 0.0 0.0 0.0 0.0 0.920504
Person 0.0 0 0.0 1773.457031 332.424316 1867.792969 525.563965 0.0 0.0 0.0 0.0 0.0 0.0 0.0 0.925500
Person 0.0 0 0.0 1297.822266 176.791992 1357.177734 375.336914 0.0 0.0 0.0 0.0 0.0 0.0 0.0 0.926570
Person 0.0 0 0.0 1418.349609 54.415283 1459.775391 145.843506 0.0 0.0 0.0 0.0 0.0 0.0 0.0 0.927100
Person 0.0 0 0.0 382.236328 184.042969 476.044922 463.535156 0.0 0.0 0.0 0.0 0.0 0.0 0.0 0.939692
Person 0.0 0 0.0 1597.119141 204.477539 1665.380859 359.780273 0.0 0.0 0.0 0.0 0.0 0.0 0.0 0.941868
Person 0.0 0 0.0 1766.396484 225.966797 1833.603516 383.642578 0.0 0.0 0.0 0.0 0.0 0.0 0.0 0.944177
Person 0.0 0 0.0 1346.367188 152.138672 1419.257812 359.384766 0.0 0.0 0.0 0.0 0.0 0.0 0.0 0.945197
Person 0.0 0 0.0 1338.588867 32.036133 1380.161133 163.212891 0.0 0.0 0.0 0.0 0.0 0.0 0.0 0.949106
Person 0.0 0 0.0 1356.269531 254.245605 1482.480469 504.074707 0.0 0.0 0.0 0.0 0.0 0.0 0.0 0.950041
Person 0.0 0 0.0 674.853516 127.880859 758.583984 399.990234 0.0 0.0 0.0 0.0 0.0 0.0 0.0 0.954137
Person 0.0 0 0.0 1544.238281 181.867676 1617.011719 347.849121 0.0 0.0 0.0 0.0 0.0 0.0 0.0 0.960212
