Person 0.0 0 0.0 1762.675781 358.330078 1912.324219 653.642578 0.0 0.0 0.0 0.0 0.0 0.0 0.0 0.535098
Person 0.0 0 0.0 125.800781 502.954102 345.058594 901.889648 0.0 0.0 0.0 0.0 0.0 0.0 0.0 0.559290
Person 0.0 0 0.0 1754.208984 223.066406 1821.416016 368.085938 0.0 0.0 0.0 0.0 0.0 0.0 0.0 0.643329
Person 0.0 0 0.0 1454.282227 104.677734 1506.342773 264.462891 0.0 0.0 0.0 0.0 0.0 0.0 0.0 0.720172
Person 0.0 0 0.0 13.798828 146.271973 95.830078 349.167480 0.0 0.0 0.0 0.0 0.0 0.0 0.0 0.837088
Person 0.0 0 0.0 717.070312 48.977051 766.992188 250.554199 0.0 0.0 0.0 0.0 0.0 0.0 0.0 0.854399
Person 0.0 0 0.0 269.677734 145.217285 350.478516 376.853027 0.0 0.0 0.0 0.0 0.0 0.0 0.0 0.885235
Person 0.0 0 0.0 1674.140625 240.732422 1755.234375 426.884766 0.0 0.0 0.0 0.0 0.0 0.0 0.0 0.888759
Person 0.0 0 0.0 758.964844 21.027832 802.910156 228.537598 0.0 0.0 0.0 0.0 0.0 0.0 0.0 0.889529
Person 0.0 0 0.0 1259.296875 662.475586 1528.828125 1073.540039 0.0 0.0 0.0 0.0 0.0 0.0 0.0 0.902610
Person 0.0 0 0.0 1804.951172 260.771484 1871.923828 409.482422 0.0 0.0 0.0 0.0 0.0 0.0 0.0 0.912436
Person 0.0 0 0.0 1074.726562 238.491211 1180.898438 543.559570 0.0 0.0 0.0 0.0 0.0 0.0 0.0 0.917893
Person 0.0 0 0.0 1756.875000 235.063477 1828.125000 399.331055 0.0 0.0 0.0 0.0 0.0 0.0 0.0 0.920790
Person 0.0 0 0.0 622.031250 471.049805 766.406250 835.708008 0.0 0.0 0.0 0.0 0.0 0.0 0.0 0.923316
Person 0.0 0 0.0 852.861328 222.011719 940.576172 551.074219 0.0 0.0 0.0 0.0 0.0 0.0 0.0 0.923592
Person 0.0 0 0.0 1384.687500 183.515625 1470.937500 407.636719 0.0 0.0 0.0 0.0 0.0 0.0 0.0 0.928149
Person 0.0 0 0.0 1580.537109 202.302246 1696.962891 407.307129 0.0 0.0 0.0 0.0 0.0 0.0 0.0 0.929184
Person 0.0 0 0.0 765.937500 289.248047 865.312500 640.458984 0.0 0.0 0.0 0.0 0.0 0.0 0.0 0.929951
Person 0.0 0 0.0 1462.353516 251.015625 1558.271484 465.644531 0.0 0.0 0.0 0.0 0.0 0.0 0.0 0.940353
Person 0.0 0 0.0 1293.222656 74.025879 1348.652344 243.435059 0.0 0.0 0.0 0.0 0.0 0.0 0.0 0.957912
