Person 0.0 0 0.0 2.285156 147.458496 80.859375 346.398926 0.0 0.0 0.0 0.0 0.0 0.0 0.0 0.756358
Person 0.0 0 0.0 437.724609 152.929688 519.931641 418.183594 0.0 0.0 0.0 0.0 0.0 0.0 0.0 0.868381
Person 0.0 0 0.0 657.421875 0.000000 731.015625 169.475098 0.0 0.0 0.0 0.0 0.0 0.0 0.0 0.877896
Person 0.0 0 0.0 1525.078125 755.419922 1778.671875 1073.408203 0.0 0.0 0.0 0.0 0.0 0.0 0.0 0.889912
Person 0.0 0 0.0 296.103516 154.248047 384.990234 425.302734 0.0 0.0 0.0 0.0 0.0 0.0 0.0 0.890675
Person 0.0 0 0.0 542.080078 119.970703 645.732422 382.851562 0.0 0.0 0.0 0.0 0.0 0.0 0.0 0.892937
Person 0.0 0 0.0 1314.462891 21.060791 1353.662109 137.274170 0.0 0.0 0.0 0.0 0.0 0.0 0.0 0.913984
Person 0.0 0 0.0 1647.070312 314.626465 1756.054688 529.650879 0.0 0.0 0.0 0.0 0.0 0.0 0.0 0.915507
Person 0.0 0 0.0 1290.820312 463.535156 1510.429688 843.222656 0.0 0.0 0.0 0.0 0.0 0.0 0.0 0.921640
Person 0.0 0 0.0 1348.417969 153.984375 1417.207031 359.648438 0.0 0.0 0.0 0.0 0.0 0.0 0.0 0.924142
Person 0.0 0 0.0 244.013672 166.442871 331.611328 398.869629 0.0 0.0 0.0 0.0 0.0 0.0 0.0 0.927626
Person 0.0 0 0.0 1395.644531 40.374756 1439.355469 144.459229 0.0 0.0 0.0 0.0 0.0 0.0 0.0 0.929696
Person 0.0 0 0.0 1447.558594 142.382812 1516.816406 317.724609 0.0 0.0 0.0 0.0 0.0 0.0 0.0 0.944382
Person 0.0 0 0.0 1656.240234 165.256348 1715.009766 320.954590 0.0 0.0 0.0 0.0 0.0 0.0 0.0 0.948346
Person 0.0 0 0.0 1294.672852 175.605469 1350.952148 374.941406 0.0 0.0 0.0 0.0 0.0 0.0 0.0 0.954984
Person 0.0 0 0.0 1758.896484 227.548828 1833.603516 388.388672 0.0 0.0 0.0 0.0 0.0 0.0 0.0 0.955319
Person 0.0 0 0.0 680.478516 128.935547 763.271484 399.990234 0.0 0.0 0.0 0.0 0.0 0.0 0.0 0.958538
Person 0.0 0 0.0 1553.671875 190.700684 1616.953125 354.572754 0.0 0.0 0.0 0.0 0.0 0.0 0.0 0.959307
Person 0.0 0 0.0 1361.894531 270.659180 1473.105469 535.122070 0.0 0.0 0.0 0.0 0.0 0.0 0.0 0.961534
Person 0.0 0 0.0 1597.617188 200.192871 1666.757812 359.846191 0.0 0.0 0.0 0.0 0.0 0.0 0.0 0.962953
