Person 0.0 0 0.0 907.441406 250.488281 1031.308594 528.398438 0.0 0.0 0.0 0.0 0.0 0.0 0.0 0.652241
Person 0.0 0 0.0 1754.384766 224.318848 1819.365234 367.360840 0.0 0.0 0.0 0.0 0.0 0.0 0.0 0.675765
Person 0.0 0 0.0 1368.281250 78.771973 1438.593750 223.395996 0.0 0.0 0.0 0.0 0.0 0.0 0.0 0.690976
Person 0.0 0 0.0 1659.521484 174.023438 1726.728516 318.779297 0.0 0.0 0.0 0.0 0.0 0.0 0.0 0.754915
Person 0.0 0 0.0 677.636719 51.086426 776.425781 251.081543 0.0 0.0 0.0 0.0 0.0 0.0 0.0 0.840783
Person 0.0 0 0.0 183.896484 118.388672 273.134766 324.580078 0.0 0.0 0.0 0.0 0.0 0.0 0.0 0.863392
Person 0.0 0 0.0 350.625000 426.093750 512.812500 805.781250 0.0 0.0 0.0 0.0 0.0 0.0 0.0 0.868827
Person 0.0 0 0.0 488.173828 130.056152 575.888672 281.799316 0.0 0.0 0.0 0.0 0.0 0.0 0.0 0.870597
Person 0.0 0 0.0 1320.512695 32.497559 1355.112305 149.963379 0.0 0.0 0.0 0.0 0.0 0.0 0.0 0.872347
Person 0.0 0 0.0 1480.664062 120.300293 1536.210938 239.611816 0.0 0.0 0.0 0.0 0.0 0.0 0.0 0.884039
Person 0.0 0 0.0 541.318359 283.315430 643.681641 604.204102 0.0 0.0 0.0 0.0 0.0 0.0 0.0 0.884439
Person 0.0 0 0.0 341.689453 130.715332 422.373047 393.991699 0.0 0.0 0.0 0.0 0.0 0.0 0.0 0.906983
Person 0.0 0 0.0 1304.003906 610.532227 1508.496094 931.420898 0.0 0.0 0.0 0.0 0.0 0.0 0.0 0.908618
Person 0.0 0 0.0 1259.765625 665.507812 1590.234375 1072.617188 0.0 0.0 0.0 0.0 0.0 0.0 0.0 0.909907
Person 0.0 0 0.0 1490.566406 275.603027 1603.183594 486.408691 0.0 0.0 0.0 0.0 0.0 0.0 0.0 0.910863
Person 0.0 0 0.0 1398.574219 226.296387 1498.300781 452.922363 0.0 0.0 0.0 0.0 0.0 0.0 0.0 0.925230
Person 0.0 0 0.0 1634.238281 243.632812 1738.886719 436.640625 0.0 0.0 0.0 0.0 0.0 0.0 0.0 0.929440
Person 0.0 0 0.0 1752.568359 321.943359 1847.431641 522.333984 0.0 0.0 0.0 0.0 0.0 0.0 0.0 0.929696
Person 0.0 0 0.0 266.718750 151.940918 350.625000 376.721191 0.0 0.0 0.0 0.0 0.0 0.0 0.0 0.931711
Person 0.0 0 0.0 1758.603516 238.623047 1828.271484 396.298828 0.0 0.0 0.0 0.0 0.0 0.0 0.0 0.942295
