Person 0.0 0 0.0 1755.292969 355.561523 1917.832031 654.829102 0.0 0.0 0.0 0.0 0.0 0.0 0.0 0.622459
Person 0.0 0 0.0 1347.436523 41.396484 1375.063477 138.559570 0.0 0.0 0.0 0.0 0.0 0.0 0.0 0.689306
Person 0.0 0 0.0 581.279297 165.058594 681.533203 457.207031 0.0 0.0 0.0 0.0 0.0 0.0 0.0 0.726426
Person 0.0 0 0.0 1303.242188 611.850586 1494.257812 929.047852 0.0 0.0 0.0 0.0 0.0 0.0 0.0 0.852935
Person 0.0 0 0.0 1753.564453 221.220703 1818.310547 366.767578 0.0 0.0 0.0 0.0 0.0 0.0 0.0 0.856332
Person 0.0 0 0.0 1250.625000 646.523438 1561.875000 1072.617188 0.0 0.0 0.0 0.0 0.0 0.0 0.0 0.868827
Person 0.0 0 0.0 718.974609 50.756836 769.775391 250.620117 0.0 0.0 0.0 0.0 0.0 0.0 0.0 0.882428
Person 0.0 0 0.0 759.521484 20.895996 800.478516 228.669434 0.0 0.0 0.0 0.0 0.0 0.0 0.0 0.885632
Person 0.0 0 0.0 330.615234 133.286133 412.353516 406.713867 0.0 0.0 0.0 0.0 0.0 0.0 0.0 0.896614
Person 0.0 0 0.0 14.941406 145.942383 93.632812 348.706055 0.0 0.0 0.0 0.0 0.0 0.0 0.0 0.899828
Person 0.0 0 0.0 1568.085938 182.131348 1670.039062 393.728027 0.0 0.0 0.0 0.0 0.0 0.0 0.0 0.907312
Person 0.0 0 0.0 1755.703125 239.611816 1829.296875 403.220215 0.0 0.0 0.0 0.0 0.0 0.0 0.0 0.924415
Person 0.0 0 0.0 1422.861328 92.219238 1487.138672 264.265137 0.0 0.0 0.0 0.0 0.0 0.0 0.0 0.933673
Person 0.0 0 0.0 1307.783203 225.703125 1397.841797 473.554688 0.0 0.0 0.0 0.0 0.0 0.0 0.0 0.945601
Person 0.0 0 0.0 1321.875000 34.936523 1355.625000 163.872070 0.0 0.0 0.0 0.0 0.0 0.0 0.0 0.946200
Person 0.0 0 0.0 638.408203 117.136230 730.341797 368.283691 0.0 0.0 0.0 0.0 0.0 0.0 0.0 0.948155
Person 0.0 0 0.0 1398.969727 38.792725 1436.030273 147.359619 0.0 0.0 0.0 0.0 0.0 0.0 0.0 0.949482
Person 0.0 0 0.0 1796.455078 248.708496 1863.544922 406.779785 0.0 0.0 0.0 0.0 0.0 0.0 0.0 0.951863
Person 0.0 0 0.0 269.296875 145.876465 350.390625 376.984863 0.0 0.0 0.0 0.0 0.0 0.0 0.0 0.953794
Person 0.0 0 0.0 1666.772461 205.268555 1725.102539 367.954102 0.0 0.0 0.0 0.0 0.0 0.0 0.0 0.955651
