Person 0.0 0 0.0 2.460938 146.535645 80.859375 346.267090 0.0 0.0 0.0 0.0 0.0 0.0 0.0 0.736401
Person 0.0 0 0.0 329.355469 466.699219 475.019531 859.042969 0.0 0.0 0.0 0.0 0.0 0.0 0.0 0.798187
Person 0.0 0 0.0 1744.658203 230.185547 1814.091797 389.443359 0.0 0.0 0.0 0.0 0.0 0.0 0.0 0.809878
Person 0.0 0 0.0 542.343750 129.396973 602.343750 392.937012 0.0 0.0 0.0 0.0 0.0 0.0 0.0 0.832781
Person 0.0 0 0.0 581.689453 106.918945 640.810547 340.004883 0.0 0.0 0.0 0.0 0.0 0.0 0.0 0.847968
Person 0.0 0 0.0 974.355469 230.251465 1073.144531 421.018066 0.0 0.0 0.0 0.0 0.0 0.0 0.0 0.874507
Person 0.0 0 0.0 1787.607422 247.851562 1859.267578 408.691406 0.0 0.0 0.0 0.0 0.0 0.0 0.0 0.886027
Person 0.0 0 0.0 679.394531 113.840332 741.855469 367.624512 0.0 0.0 0.0 0.0 0.0 0.0 0.0 0.896251
Person 0.0 0 0.0 298.271484 147.128906 385.166016 425.039062 0.0 0.0 0.0 0.0 0.0 0.0 0.0 0.907640
Person 0.0 0 0.0 1317.436523 21.390381 1360.063477 137.208252 0.0 0.0 0.0 0.0 0.0 0.0 0.0 0.924959
Person 0.0 0 0.0 1396.230469 38.990479 1438.769531 144.525146 0.0 0.0 0.0 0.0 0.0 0.0 0.0 0.925769
Person 0.0 0 0.0 1741.259766 283.908691 1819.365234 450.681152 0.0 0.0 0.0 0.0 0.0 0.0 0.0 0.932207
Person 0.0 0 0.0 1644.785156 311.726074 1754.589844 536.242676 0.0 0.0 0.0 0.0 0.0 0.0 0.0 0.936052
Person 0.0 0 0.0 1112.636719 321.020508 1246.113281 697.280273 0.0 0.0 0.0 0.0 0.0 0.0 0.0 0.938801
Person 0.0 0 0.0 1337.900391 152.270508 1420.224609 359.780273 0.0 0.0 0.0 0.0 0.0 0.0 0.0 0.942082
Person 0.0 0 0.0 1293.793945 175.803223 1348.081055 366.306152 0.0 0.0 0.0 0.0 0.0 0.0 0.0 0.954137
Person 0.0 0 0.0 1460.917969 220.166016 1559.707031 433.740234 0.0 0.0 0.0 0.0 0.0 0.0 0.0 0.961098
Person 0.0 0 0.0 1408.681641 140.405273 1476.943359 334.467773 0.0 0.0 0.0 0.0 0.0 0.0 0.0 0.967778
Person 0.0 0 0.0 1441.904297 150.161133 1520.595703 316.801758 0.0 0.0 0.0 0.0 0.0 0.0 0.0 0.968381
Person 0.0 0 0.0 1617.832031 239.282227 1706.542969 429.916992 0.0 0.0 0.0 0.0 0.0 0.0 0.0 0.970013
