Person 0.0 0 0.0 1226.572266 0.527344 1319.677734 233.613281 0.0 0.0 0.0 0.0 0.0 0.0 0.0 0.344223
Person 0.0 0 0.0 37.324219 89.187012 118.886719 257.541504 0.0 0.0 0.0 0.0 0.0 0.0 0.0 0.359364
Person 0.0 0 0.0 201.796875 350.551758 358.828125 668.276367 0.0 0.0 0.0 0.0 0.0 0.0 0.0 0.450359
Person 0.0 0 0.0 37.060547 38.825684 112.587891 216.013184 0.0 0.0 0.0 0.0 0.0 0.0 0.0 0.483405
Person 0.0 0 0.0 362.871094 977.926025 594.316406 1076.605225 0.0 0.0 0.0 0.0 0.0 0.0 0.0 0.558327
Person 0.0 0 0.0 81.518555 0.000000 127.426758 82.694092 0.0 0.0 0.0 0.0 0.0 0.0 0.0 0.663669
Person 0.0 0 0.0 1107.568359 0.000000 1196.806641 121.223145 0.0 0.0 0.0 0.0 0.0 0.0 0.0 0.675765
Person 0.0 0 0.0 235.195312 64.929199 310.898438 318.449707 0.0 0.0 0.0 0.0 0.0 0.0 0.0 0.680879
Person 0.0 0 0.0 104.516602 0.000000 148.374023 76.333008 0.0 0.0 0.0 0.0 0.0 0.0 0.0 0.707405
Person 0.0 0 0.0 1383.486328 0.131836 1455.263672 179.824219 0.0 0.0 0.0 0.0 0.0 0.0 0.0 0.781997
Person 0.0 0 0.0 1437.275391 0.131836 1519.599609 170.068359 0.0 0.0 0.0 0.0 0.0 0.0 0.0 0.890675
Person 0.0 0 0.0 194.531250 0.000000 256.171875 144.360352 0.0 0.0 0.0 0.0 0.0 0.0 0.0 0.920218
Person 0.0 0 0.0 266.132812 95.317383 400.898438 377.973633 0.0 0.0 0.0 0.0 0.0 0.0 0.0 0.937211
Person 0.0 0 0.0 1299.462891 0.000000 1398.662109 288.984375 0.0 0.0 0.0 0.0 0.0 0.0 0.0 0.937669
Person 0.0 0 0.0 242.812500 405.527344 457.500000 714.550781 0.0 0.0 0.0 0.0 0.0 0.0 0.0 0.942929
Person 0.0 0 0.0 31.582031 118.850098 113.613281 301.706543 0.0 0.0 0.0 0.0 0.0 0.0 0.0 0.945197
Person 0.0 0 0.0 1181.191406 11.337891 1306.933594 300.058594 0.0 0.0 0.0 0.0 0.0 0.0 0.0 0.952574
Person 0.0 0 0.0 165.527344 130.715332 291.503906 364.724121 0.0 0.0 0.0 0.0 0.0 0.0 0.0 0.958382
