Person 0.0 0 0.0 199.921875 356.484375 429.140625 667.617188 0.0 0.0 0.0 0.0 0.0 0.0 0.0 0.304455
Person 0.0 0 0.0 197.050781 355.561523 363.105469 665.903320 0.0 0.0 0.0 0.0 0.0 0.0 0.0 0.341583
Person 0.0 0 0.0 36.738281 91.098633 117.246094 258.793945 0.0 0.0 0.0 0.0 0.0 0.0 0.0 0.399812
Person 0.0 0 0.0 36.679688 39.946289 110.976562 190.898438 0.0 0.0 0.0 0.0 0.0 0.0 0.0 0.493164
Person 0.0 0 0.0 81.914062 0.000000 127.734375 82.792969 0.0 0.0 0.0 0.0 0.0 0.0 0.0 0.583203
Person 0.0 0 0.0 357.421875 970.345459 601.640625 1076.802979 0.0 0.0 0.0 0.0 0.0 0.0 0.0 0.598312
Person 0.0 0 0.0 104.736328 0.000000 147.685547 74.718018 0.0 0.0 0.0 0.0 0.0 0.0 0.0 0.635222
Person 0.0 0 0.0 233.466797 61.435547 306.064453 315.878906 0.0 0.0 0.0 0.0 0.0 0.0 0.0 0.729520
Person 0.0 0 0.0 1439.150391 0.065918 1523.349609 169.738770 0.0 0.0 0.0 0.0 0.0 0.0 0.0 0.797557
Person 0.0 0 0.0 1264.570312 0.000000 1332.304688 235.656738 0.0 0.0 0.0 0.0 0.0 0.0 0.0 0.837088
Person 0.0 0 0.0 192.348633 0.000000 243.823242 143.635254 0.0 0.0 0.0 0.0 0.0 0.0 0.0 0.869715
Person 0.0 0 0.0 1735.400391 53.459473 1819.599609 281.667480 0.0 0.0 0.0 0.0 0.0 0.0 0.0 0.913368
Person 0.0 0 0.0 1171.640625 2.373047 1290.234375 300.058594 0.0 0.0 0.0 0.0 0.0 0.0 0.0 0.914291
Person 0.0 0 0.0 236.074219 408.691406 459.082031 714.550781 0.0 0.0 0.0 0.0 0.0 0.0 0.0 0.918772
Person 0.0 0 0.0 1300.195312 0.000000 1397.929688 288.720703 0.0 0.0 0.0 0.0 0.0 0.0 0.0 0.929951
Person 0.0 0 0.0 30.322266 119.575195 110.654297 284.106445 0.0 0.0 0.0 0.0 0.0 0.0 0.0 0.945399
Person 0.0 0 0.0 271.523438 96.108398 394.570312 374.809570 0.0 0.0 0.0 0.0 0.0 0.0 0.0 0.948917
Person 0.0 0 0.0 163.417969 130.253906 291.269531 364.921875 0.0 0.0 0.0 0.0 0.0 0.0 0.0 0.953794
