Person 0.0 0 0.0 55.429688 117.663574 118.710938 258.068848 0.0 0.0 0.0 0.0 0.0 0.0 0.0 0.311532
Person 0.0 0 0.0 247.573242 62.589111 291.958008 180.252686 0.0 0.0 0.0 0.0 0.0 0.0 0.0 0.326379
Person 0.0 0 0.0 1266.416016 0.263672 1339.833984 234.667969 0.0 0.0 0.0 0.0 0.0 0.0 0.0 0.338077
Person 0.0 0 0.0 233.686523 8.964844 281.469727 179.824219 0.0 0.0 0.0 0.0 0.0 0.0 0.0 0.366590
Person 0.0 0 0.0 233.232422 8.898926 279.580078 114.631348 0.0 0.0 0.0 0.0 0.0 0.0 0.0 0.420600
Person 0.0 0 0.0 427.851562 981.485596 677.460938 1077.264404 0.0 0.0 0.0 0.0 0.0 0.0 0.0 0.462959
Person 0.0 0 0.0 33.457031 98.151855 117.949219 257.014160 0.0 0.0 0.0 0.0 0.0 0.0 0.0 0.495117
Person 0.0 0 0.0 79.819336 0.000000 129.477539 83.089600 0.0 0.0 0.0 0.0 0.0 0.0 0.0 0.543832
Person 0.0 0 0.0 104.619141 0.000000 149.677734 75.311279 0.0 0.0 0.0 0.0 0.0 0.0 0.0 0.599251
Person 0.0 0 0.0 37.412109 39.155273 111.416016 187.338867 0.0 0.0 0.0 0.0 0.0 0.0 0.0 0.676620
Person 0.0 0 0.0 1185.175781 0.000000 1336.699219 233.811035 0.0 0.0 0.0 0.0 0.0 0.0 0.0 0.685107
Person 0.0 0 0.0 1446.005859 0.263672 1523.994141 167.431641 0.0 0.0 0.0 0.0 0.0 0.0 0.0 0.719384
Person 0.0 0 0.0 259.921875 95.844727 401.953125 377.973633 0.0 0.0 0.0 0.0 0.0 0.0 0.0 0.904313
Person 0.0 0 0.0 281.953125 4.746094 395.859375 228.999023 0.0 0.0 0.0 0.0 0.0 0.0 0.0 0.919353
Person 0.0 0 0.0 207.656250 409.350586 456.562500 727.602539 0.0 0.0 0.0 0.0 0.0 0.0 0.0 0.921358
Person 0.0 0 0.0 1306.318359 0.131836 1414.306641 286.215820 0.0 0.0 0.0 0.0 0.0 0.0 0.0 0.926304
Person 0.0 0 0.0 18.603516 125.705566 110.185547 289.841309 0.0 0.0 0.0 0.0 0.0 0.0 0.0 0.932453
Person 0.0 0 0.0 156.855469 142.448730 284.707031 379.885254 0.0 0.0 0.0 0.0 0.0 0.0 0.0 0.936981
Person 0.0 0 0.0 1700.566406 163.542480 1830.058594 429.191895 0.0 0.0 0.0 0.0 0.0 0.0 0.0 0.941439
Person 0.0 0 0.0 1166.015625 7.910156 1288.359375 300.322266 0.0 0.0 0.0 0.0 0.0 0.0 0.0 0.965641
