Person 0.0 0 0.0 1860.659180 219.111328 1918.000000 403.154297 0.0 0.0 0.0 0.0 0.0 0.0 0.0 0.319971
Person 0.0 0 0.0 250.253906 42.747803 312.714844 143.009033 0.0 0.0 0.0 0.0 0.0 0.0 0.0 0.333286
Person 0.0 0 0.0 240.791016 64.533691 310.458984 149.172363 0.0 0.0 0.0 0.0 0.0 0.0 0.0 0.341143
Person 0.0 0 0.0 204.667969 352.397461 366.269531 662.739258 0.0 0.0 0.0 0.0 0.0 0.0 0.0 0.350421
Person 0.0 0 0.0 177.480469 82.397461 251.191406 186.811523 0.0 0.0 0.0 0.0 0.0 0.0 0.0 0.372049
Person 0.0 0 0.0 33.750000 15.853271 64.042969 84.671631 0.0 0.0 0.0 0.0 0.0 0.0 0.0 0.424412
Person 0.0 0 0.0 177.802734 81.606445 262.822266 265.649414 0.0 0.0 0.0 0.0 0.0 0.0 0.0 0.431105
Person 0.0 0 0.0 279.418945 0.000000 323.862305 73.037109 0.0 0.0 0.0 0.0 0.0 0.0 0.0 0.520496
Person 0.0 0 0.0 377.343750 937.683105 641.718750 1076.770020 0.0 0.0 0.0 0.0 0.0 0.0 0.0 0.573678
Person 0.0 0 0.0 332.226562 0.000000 435.117188 123.859863 0.0 0.0 0.0 0.0 0.0 0.0 0.0 0.627038
Person 0.0 0 0.0 14.165039 2.175293 49.291992 97.624512 0.0 0.0 0.0 0.0 0.0 0.0 0.0 0.703346
Person 0.0 0 0.0 1438.066406 0.263672 1522.558594 170.463867 0.0 0.0 0.0 0.0 0.0 0.0 0.0 0.744656
Person 0.0 0 0.0 1265.478516 0.000000 1335.146484 233.876953 0.0 0.0 0.0 0.0 0.0 0.0 0.0 0.806243
Person 0.0 0 0.0 243.515625 103.359375 386.015625 387.597656 0.0 0.0 0.0 0.0 0.0 0.0 0.0 0.867934
Person 0.0 0 0.0 33.750000 47.460938 108.281250 213.178711 0.0 0.0 0.0 0.0 0.0 0.0 0.0 0.882022
Person 0.0 0 0.0 151.625977 8.107910 203.686523 112.719727 0.0 0.0 0.0 0.0 0.0 0.0 0.0 0.885235
Person 0.0 0 0.0 1301.132812 0.000000 1398.867188 288.984375 0.0 0.0 0.0 0.0 0.0 0.0 0.0 0.929696
Person 0.0 0 0.0 242.109375 388.784180 482.578125 698.598633 0.0 0.0 0.0 0.0 0.0 0.0 0.0 0.940572
Person 0.0 0 0.0 168.515625 127.419434 291.093750 366.437988 0.0 0.0 0.0 0.0 0.0 0.0 0.0 0.953101
Person 0.0 0 0.0 1169.941406 6.723633 1299.433594 290.698242 0.0 0.0 0.0 0.0 0.0 0.0 0.0 0.954647
