Person 0.0 0 0.0 18.032227 1.087646 44.018555 83.880615 0.0 0.0 0.0 0.0 0.0 0.0 0.0 0.391406
Person 0.0 0 0.0 104.311523 0.000000 138.969727 64.171143 0.0 0.0 0.0 0.0 0.0 0.0 0.0 0.395134
Person 0.0 0 0.0 1813.271484 180.417480 1918.000000 421.809082 0.0 0.0 0.0 0.0 0.0 0.0 0.0 0.463930
Person 0.0 0 0.0 252.041016 55.601807 311.396484 146.370850 0.0 0.0 0.0 0.0 0.0 0.0 0.0 0.466846
Person 0.0 0 0.0 425.463867 0.000000 466.567383 126.859131 0.0 0.0 0.0 0.0 0.0 0.0 0.0 0.478529
Person 0.0 0 0.0 29.384766 5.108643 64.599609 85.133057 0.0 0.0 0.0 0.0 0.0 0.0 0.0 0.488283
Person 0.0 0 0.0 200.346680 0.000000 253.403320 69.444580 0.0 0.0 0.0 0.0 0.0 0.0 0.0 0.509764
Person 0.0 0 0.0 376.523438 930.498047 650.039062 1076.572266 0.0 0.0 0.0 0.0 0.0 0.0 0.0 0.663669
Person 0.0 0 0.0 1438.300781 0.197754 1522.324219 170.266113 0.0 0.0 0.0 0.0 0.0 0.0 0.0 0.682574
Person 0.0 0 0.0 201.796875 354.506836 406.640625 662.211914 0.0 0.0 0.0 0.0 0.0 0.0 0.0 0.837620
Person 0.0 0 0.0 33.251953 53.129883 106.669922 210.673828 0.0 0.0 0.0 0.0 0.0 0.0 0.0 0.871475
Person 0.0 0 0.0 245.156250 106.259766 383.906250 387.333984 0.0 0.0 0.0 0.0 0.0 0.0 0.0 0.875787
Person 0.0 0 0.0 1238.056641 0.000000 1336.318359 234.140625 0.0 0.0 0.0 0.0 0.0 0.0 0.0 0.879561
Person 0.0 0 0.0 452.080078 2.438965 553.857422 269.934082 0.0 0.0 0.0 0.0 0.0 0.0 0.0 0.895157
Person 0.0 0 0.0 1157.724609 0.000000 1274.150391 278.569336 0.0 0.0 0.0 0.0 0.0 0.0 0.0 0.917893
Person 0.0 0 0.0 384.199219 0.000000 456.269531 156.423340 0.0 0.0 0.0 0.0 0.0 0.0 0.0 0.919643
Person 0.0 0 0.0 1302.187500 0.000000 1405.312500 288.984375 0.0 0.0 0.0 0.0 0.0 0.0 0.0 0.928926
Person 0.0 0 0.0 148.242188 7.316895 218.554688 151.281738 0.0 0.0 0.0 0.0 0.0 0.0 0.0 0.935582
Person 0.0 0 0.0 312.714844 338.291016 497.753906 698.466797 0.0 0.0 0.0 0.0 0.0 0.0 0.0 0.943348
Person 0.0 0 0.0 172.382812 120.695801 290.976562 364.460449 0.0 0.0 0.0 0.0 0.0 0.0 0.0 0.955651
