Person 0.0 0 0.0 39.638672 88.857422 111.416016 224.648438 0.0 0.0 0.0 0.0 0.0 0.0 0.0 0.405449
Person 0.0 0 0.0 193.710938 349.233398 349.101562 659.047852 0.0 0.0 0.0 0.0 0.0 0.0 0.0 0.432063
Person 0.0 0 0.0 332.431641 0.000000 405.849609 121.519775 0.0 0.0 0.0 0.0 0.0 0.0 0.0 0.433022
Person 0.0 0 0.0 437.343750 970.773926 684.843750 1077.429199 0.0 0.0 0.0 0.0 0.0 0.0 0.0 0.571767
Person 0.0 0 0.0 38.701172 38.430176 112.119141 188.459473 0.0 0.0 0.0 0.0 0.0 0.0 0.0 0.629775
Person 0.0 0 0.0 80.478516 0.000000 128.466797 83.254395 0.0 0.0 0.0 0.0 0.0 0.0 0.0 0.639736
Person 0.0 0 0.0 103.535156 0.000000 148.417969 73.366699 0.0 0.0 0.0 0.0 0.0 0.0 0.0 0.687630
Person 0.0 0 0.0 1445.507812 0.065918 1524.492188 167.102051 0.0 0.0 0.0 0.0 0.0 0.0 0.0 0.743913
Person 0.0 0 0.0 202.382812 80.288086 296.367188 323.393555 0.0 0.0 0.0 0.0 0.0 0.0 0.0 0.745398
Person 0.0 0 0.0 401.894531 0.000000 477.011719 113.345947 0.0 0.0 0.0 0.0 0.0 0.0 0.0 0.772531
Person 0.0 0 0.0 1262.050781 0.000000 1334.824219 233.217773 0.0 0.0 0.0 0.0 0.0 0.0 0.0 0.879974
Person 0.0 0 0.0 1777.558594 50.493164 1850.566406 253.784180 0.0 0.0 0.0 0.0 0.0 0.0 0.0 0.887205
Person 0.0 0 0.0 227.167969 410.273438 445.957031 716.132812 0.0 0.0 0.0 0.0 0.0 0.0 0.0 0.919063
Person 0.0 0 0.0 265.957031 94.130859 403.417969 378.896484 0.0 0.0 0.0 0.0 0.0 0.0 0.0 0.932944
Person 0.0 0 0.0 1174.453125 10.019531 1296.796875 298.740234 0.0 0.0 0.0 0.0 0.0 0.0 0.0 0.933915
Person 0.0 0 0.0 1305.498047 0.000000 1407.626953 286.743164 0.0 0.0 0.0 0.0 0.0 0.0 0.0 0.939248
Person 0.0 0 0.0 18.076172 126.232910 113.642578 293.005371 0.0 0.0 0.0 0.0 0.0 0.0 0.0 0.940572
Person 0.0 0 0.0 158.496094 136.647949 283.066406 380.676270 0.0 0.0 0.0 0.0 0.0 0.0 0.0 0.948155
Person 0.0 0 0.0 316.669922 5.537109 430.986328 205.927734 0.0 0.0 0.0 0.0 0.0 0.0 0.0 0.949669
