Person 0.0 0 0.0 39.052734 89.846191 119.853516 257.409668 0.0 0.0 0.0 0.0 0.0 0.0 0.0 0.374791
Person 0.0 0 0.0 37.910156 46.472168 113.144531 214.958496 0.0 0.0 0.0 0.0 0.0 0.0 0.0 0.430147
Person 0.0 0 0.0 1262.578125 0.000000 1336.171875 230.185547 0.0 0.0 0.0 0.0 0.0 0.0 0.0 0.448426
Person 0.0 0 0.0 105.600586 0.000000 141.196289 75.146484 0.0 0.0 0.0 0.0 0.0 0.0 0.0 0.488283
Person 0.0 0 0.0 181.933594 363.867188 360.878906 679.218750 0.0 0.0 0.0 0.0 0.0 0.0 0.0 0.543832
Person 0.0 0 0.0 426.328125 963.193359 691.171875 1077.626953 0.0 0.0 0.0 0.0 0.0 0.0 0.0 0.554470
Person 0.0 0 0.0 216.064453 76.069336 311.279297 319.174805 0.0 0.0 0.0 0.0 0.0 0.0 0.0 0.612310
Person 0.0 0 0.0 1129.775391 0.000000 1238.349609 108.929443 0.0 0.0 0.0 0.0 0.0 0.0 0.0 0.622459
Person 0.0 0 0.0 81.606445 0.000000 129.213867 82.100830 0.0 0.0 0.0 0.0 0.0 0.0 0.0 0.636127
Person 0.0 0 0.0 1439.560547 0.461426 1532.314453 164.597168 0.0 0.0 0.0 0.0 0.0 0.0 0.0 0.720958
Person 0.0 0 0.0 390.087891 0.000000 483.193359 162.817383 0.0 0.0 0.0 0.0 0.0 0.0 0.0 0.746878
Person 0.0 0 0.0 230.390625 410.405273 446.953125 714.946289 0.0 0.0 0.0 0.0 0.0 0.0 0.0 0.868381
Person 0.0 0 0.0 265.546875 94.394531 400.546875 376.787109 0.0 0.0 0.0 0.0 0.0 0.0 0.0 0.905657
Person 0.0 0 0.0 34.101562 116.740723 116.718750 301.442871 0.0 0.0 0.0 0.0 0.0 0.0 0.0 0.928409
Person 0.0 0 0.0 129.345703 0.659180 207.451172 138.691406 0.0 0.0 0.0 0.0 0.0 0.0 0.0 0.932453
Person 0.0 0 0.0 1298.642578 0.000000 1401.357422 289.907227 0.0 0.0 0.0 0.0 0.0 0.0 0.0 0.939248
Person 0.0 0 0.0 156.035156 138.164062 283.886719 381.796875 0.0 0.0 0.0 0.0 0.0 0.0 0.0 0.951323
Person 0.0 0 0.0 1173.457031 10.151367 1303.417969 294.916992 0.0 0.0 0.0 0.0 0.0 0.0 0.0 0.955152
