Person 0.0 0 0.0 35.800781 90.373535 119.824219 259.255371 0.0 0.0 0.0 0.0 0.0 0.0 0.0 0.329823
Person 0.0 0 0.0 36.386719 88.593750 106.699219 216.210938 0.0 0.0 0.0 0.0 0.0 0.0 0.0 0.334155
Person 0.0 0 0.0 189.433594 353.320312 348.222656 660.761719 0.0 0.0 0.0 0.0 0.0 0.0 0.0 0.396068
Person 0.0 0 0.0 1711.831055 0.000000 1762.543945 152.336426 0.0 0.0 0.0 0.0 0.0 0.0 0.0 0.477554
Person 0.0 0 0.0 327.744141 0.593262 413.349609 119.311523 0.0 0.0 0.0 0.0 0.0 0.0 0.0 0.484380
Person 0.0 0 0.0 1201.230469 0.000000 1330.019531 232.426758 0.0 0.0 0.0 0.0 0.0 0.0 0.0 0.488283
Person 0.0 0 0.0 38.994141 38.430176 110.654297 190.832520 0.0 0.0 0.0 0.0 0.0 0.0 0.0 0.504883
Person 0.0 0 0.0 436.640625 971.037598 681.796875 1077.165527 0.0 0.0 0.0 0.0 0.0 0.0 0.0 0.579400
Person 0.0 0 0.0 80.566406 0.164795 127.910156 83.880615 0.0 0.0 0.0 0.0 0.0 0.0 0.0 0.610453
Person 0.0 0 0.0 1446.210938 0.131836 1525.664062 167.299805 0.0 0.0 0.0 0.0 0.0 0.0 0.0 0.659295
Person 0.0 0 0.0 102.963867 0.000000 148.520508 73.696289 0.0 0.0 0.0 0.0 0.0 0.0 0.0 0.662796
Person 0.0 0 0.0 227.724609 68.620605 309.931641 318.449707 0.0 0.0 0.0 0.0 0.0 0.0 0.0 0.816406
Person 0.0 0 0.0 224.003906 411.459961 445.839844 716.000977 0.0 0.0 0.0 0.0 0.0 0.0 0.0 0.836020
Person 0.0 0 0.0 1182.421875 10.546875 1294.453125 300.322266 0.0 0.0 0.0 0.0 0.0 0.0 0.0 0.869715
Person 0.0 0 0.0 265.664062 96.503906 404.648438 380.478516 0.0 0.0 0.0 0.0 0.0 0.0 0.0 0.881207
Person 0.0 0 0.0 325.107422 8.964844 431.923828 203.686523 0.0 0.0 0.0 0.0 0.0 0.0 0.0 0.893309
Person 0.0 0 0.0 1306.230469 0.131836 1406.894531 285.952148 0.0 0.0 0.0 0.0 0.0 0.0 0.0 0.907967
Person 0.0 0 0.0 30.791016 113.774414 118.857422 297.817383 0.0 0.0 0.0 0.0 0.0 0.0 0.0 0.945801
Person 0.0 0 0.0 155.917969 138.361816 284.003906 381.071777 0.0 0.0 0.0 0.0 0.0 0.0 0.0 0.953275
