Person 0.0 0 0.0 255.761719 43.374023 342.832031 303.090820 0.0 0.0 0.0 0.0 0.0 0.0 0.0 0.394201
Person 0.0 0 0.0 256.816406 43.439941 324.433594 195.578613 0.0 0.0 0.0 0.0 0.0 0.0 0.0 0.396068
Person 0.0 0 0.0 1373.789062 0.000000 1494.960938 142.778320 0.0 0.0 0.0 0.0 0.0 0.0 0.0 0.457137
Person 0.0 0 0.0 143.657227 0.000000 198.061523 84.177246 0.0 0.0 0.0 0.0 0.0 0.0 0.0 0.488283
Person 0.0 0 0.0 384.257812 979.145508 639.492188 1077.495117 0.0 0.0 0.0 0.0 0.0 0.0 0.0 0.510741
Person 0.0 0 0.0 503.627930 0.000000 551.059570 138.625488 0.0 0.0 0.0 0.0 0.0 0.0 0.0 0.538012
Person 0.0 0 0.0 303.867188 110.478516 459.257812 404.208984 0.0 0.0 0.0 0.0 0.0 0.0 0.0 0.638835
Person 0.0 0 0.0 41.044922 42.912598 107.783203 188.723145 0.0 0.0 0.0 0.0 0.0 0.0 0.0 0.641535
Person 0.0 0 0.0 1361.132812 0.131836 1455.117188 174.023438 0.0 0.0 0.0 0.0 0.0 0.0 0.0 0.678327
Person 0.0 0 0.0 37.199707 2.406006 66.921387 64.731445 0.0 0.0 0.0 0.0 0.0 0.0 0.0 0.693473
Person 0.0 0 0.0 449.384766 0.000000 520.927734 161.960449 0.0 0.0 0.0 0.0 0.0 0.0 0.0 0.823896
Person 0.0 0 0.0 1049.208984 1.120605 1138.916016 235.788574 0.0 0.0 0.0 0.0 0.0 0.0 0.0 0.828384
Person 0.0 0 0.0 1480.957031 0.329590 1564.042969 179.626465 0.0 0.0 0.0 0.0 0.0 0.0 0.0 0.835484
Person 0.0 0 0.0 776.308594 0.065918 896.191406 254.377441 0.0 0.0 0.0 0.0 0.0 0.0 0.0 0.889144
Person 0.0 0 0.0 203.613281 354.506836 416.074219 670.649414 0.0 0.0 0.0 0.0 0.0 0.0 0.0 0.908293
Person 0.0 0 0.0 39.580078 89.450684 127.294922 266.242676 0.0 0.0 0.0 0.0 0.0 0.0 0.0 0.916110
Person 0.0 0 0.0 403.183594 0.922852 503.847656 235.986328 0.0 0.0 0.0 0.0 0.0 0.0 0.0 0.949669
Person 0.0 0 0.0 960.410156 619.892578 1184.589844 1004.326172 0.0 0.0 0.0 0.0 0.0 0.0 0.0 0.951684
Person 0.0 0 0.0 212.226562 132.758789 350.742188 419.370117 0.0 0.0 0.0 0.0 0.0 0.0 0.0 0.953449
Person 0.0 0 0.0 339.785156 311.264648 499.746094 659.047852 0.0 0.0 0.0 0.0 0.0 0.0 0.0 0.956309
