Person 0.0 0 0.0 298.315430 0.362549 338.247070 70.697021 0.0 0.0 0.0 0.0 0.0 0.0 0.0 0.351756
Person 0.0 0 0.0 1092.187500 0.000000 1157.812500 120.465088 0.0 0.0 0.0 0.0 0.0 0.0 0.0 0.367497
Person 0.0 0 0.0 47.109375 36.386719 110.273438 188.525391 0.0 0.0 0.0 0.0 0.0 0.0 0.0 0.461988
Person 0.0 0 0.0 382.734375 973.311768 633.515625 1077.000732 0.0 0.0 0.0 0.0 0.0 0.0 0.0 0.474631
Person 0.0 0 0.0 142.749023 0.032959 196.625977 86.055908 0.0 0.0 0.0 0.0 0.0 0.0 0.0 0.478529
Person 0.0 0 0.0 505.883789 0.000000 547.866211 132.659912 0.0 0.0 0.0 0.0 0.0 0.0 0.0 0.539954
Person 0.0 0 0.0 173.261719 119.904785 276.738281 364.460449 0.0 0.0 0.0 0.0 0.0 0.0 0.0 0.584153
Person 0.0 0 0.0 24.902344 19.808350 53.613281 96.602783 0.0 0.0 0.0 0.0 0.0 0.0 0.0 0.599251
Person 0.0 0 0.0 1371.679688 0.000000 1459.570312 171.254883 0.0 0.0 0.0 0.0 0.0 0.0 0.0 0.638835
Person 0.0 0 0.0 249.184570 0.000000 296.440430 68.884277 0.0 0.0 0.0 0.0 0.0 0.0 0.0 0.649579
Person 0.0 0 0.0 1480.869141 0.197754 1564.130859 179.758301 0.0 0.0 0.0 0.0 0.0 0.0 0.0 0.738669
Person 0.0 0 0.0 362.988281 0.000000 451.230469 203.027344 0.0 0.0 0.0 0.0 0.0 0.0 0.0 0.799442
Person 0.0 0 0.0 451.552734 0.065918 518.759766 163.146973 0.0 0.0 0.0 0.0 0.0 0.0 0.0 0.833325
Person 0.0 0 0.0 259.599609 56.557617 362.900391 297.290039 0.0 0.0 0.0 0.0 0.0 0.0 0.0 0.836555
Person 0.0 0 0.0 35.742188 90.571289 126.796875 265.913086 0.0 0.0 0.0 0.0 0.0 0.0 0.0 0.915809
Person 0.0 0 0.0 204.609375 359.516602 416.015625 673.022461 0.0 0.0 0.0 0.0 0.0 0.0 0.0 0.918187
Person 0.0 0 0.0 322.500000 332.226562 500.156250 657.070312 0.0 0.0 0.0 0.0 0.0 0.0 0.0 0.946794
Person 0.0 0 0.0 939.755859 14.501953 1043.994141 322.734375 0.0 0.0 0.0 0.0 0.0 0.0 0.0 0.950041
Person 0.0 0 0.0 490.664062 258.925781 679.335938 686.074219 0.0 0.0 0.0 0.0 0.0 0.0 0.0 0.953622
Person 0.0 0 0.0 214.277344 127.485352 341.660156 411.723633 0.0 0.0 0.0 0.0 0.0 0.0 0.0 0.958070
