Person 0.0 0 0.0 1393.212891 0.000000 1492.412109 140.207520 0.0 0.0 0.0 0.0 0.0 0.0 0.0 0.362969
Person 0.0 0 0.0 138.750000 0.000000 196.875000 85.660400 0.0 0.0 0.0 0.0 0.0 0.0 0.0 0.380299
Person 0.0 0 0.0 24.594727 20.434570 52.866211 95.976562 0.0 0.0 0.0 0.0 0.0 0.0 0.0 0.403567
Person 0.0 0 0.0 389.648438 967.675781 636.914062 1077.363281 0.0 0.0 0.0 0.0 0.0 0.0 0.0 0.462959
Person 0.0 0 0.0 44.384766 35.463867 109.833984 188.261719 0.0 0.0 0.0 0.0 0.0 0.0 0.0 0.482429
Person 0.0 0 0.0 498.574219 0.000000 548.613281 132.593994 0.0 0.0 0.0 0.0 0.0 0.0 0.0 0.508788
Person 0.0 0 0.0 255.219727 0.000000 309.624023 88.033447 0.0 0.0 0.0 0.0 0.0 0.0 0.0 0.555435
Person 0.0 0 0.0 1372.324219 0.000000 1462.675781 170.991211 0.0 0.0 0.0 0.0 0.0 0.0 0.0 0.558327
Person 0.0 0 0.0 1481.015625 0.131836 1563.984375 179.824219 0.0 0.0 0.0 0.0 0.0 0.0 0.0 0.740925
Person 0.0 0 0.0 173.320312 120.036621 279.726562 363.273926 0.0 0.0 0.0 0.0 0.0 0.0 0.0 0.785309
Person 0.0 0 0.0 261.357422 53.920898 361.611328 299.399414 0.0 0.0 0.0 0.0 0.0 0.0 0.0 0.810479
Person 0.0 0 0.0 1102.587891 0.000000 1184.912109 212.255859 0.0 0.0 0.0 0.0 0.0 0.0 0.0 0.843380
Person 0.0 0 0.0 206.835938 357.143555 415.664062 672.231445 0.0 0.0 0.0 0.0 0.0 0.0 0.0 0.847463
Person 0.0 0 0.0 36.826172 87.604980 126.884766 265.979004 0.0 0.0 0.0 0.0 0.0 0.0 0.0 0.879147
Person 0.0 0 0.0 435.322266 0.000000 519.052734 167.958984 0.0 0.0 0.0 0.0 0.0 0.0 0.0 0.919353
Person 0.0 0 0.0 384.316406 28.740234 504.433594 282.128906 0.0 0.0 0.0 0.0 0.0 0.0 0.0 0.938576
Person 0.0 0 0.0 889.628906 10.546875 1002.246094 302.431641 0.0 0.0 0.0 0.0 0.0 0.0 0.0 0.941654
Person 0.0 0 0.0 339.257812 324.184570 500.273438 656.674805 0.0 0.0 0.0 0.0 0.0 0.0 0.0 0.942507
Person 0.0 0 0.0 511.640625 372.568359 736.171875 784.423828 0.0 0.0 0.0 0.0 0.0 0.0 0.0 0.946200
Person 0.0 0 0.0 226.289062 131.440430 344.648438 412.778320 0.0 0.0 0.0 0.0 0.0 0.0 0.0 0.955817
