Person 0.0 0 0.0 12.648926 10.480957 38.532715 87.275391 0.0 0.0 0.0 0.0 0.0 0.0 0.0 0.374791
Person 0.0 0 0.0 146.206055 0.395508 192.465820 74.816895 0.0 0.0 0.0 0.0 0.0 0.0 0.0 0.378459
Person 0.0 0 0.0 27.539062 80.485840 78.808594 218.254395 0.0 0.0 0.0 0.0 0.0 0.0 0.0 0.433022
Person 0.0 0 0.0 1346.220703 0.000000 1443.779297 145.019531 0.0 0.0 0.0 0.0 0.0 0.0 0.0 0.478529
Person 0.0 0 0.0 254.765625 57.777100 318.515625 148.546143 0.0 0.0 0.0 0.0 0.0 0.0 0.0 0.500000
Person 0.0 0 0.0 390.468750 968.994141 652.031250 1076.044922 0.0 0.0 0.0 0.0 0.0 0.0 0.0 0.503906
Person 0.0 0 0.0 270.820312 0.000000 334.335938 96.042480 0.0 0.0 0.0 0.0 0.0 0.0 0.0 0.543832
Person 0.0 0 0.0 22.397461 12.821045 59.692383 96.075439 0.0 0.0 0.0 0.0 0.0 0.0 0.0 0.611382
Person 0.0 0 0.0 432.231445 0.000000 491.674805 124.914551 0.0 0.0 0.0 0.0 0.0 0.0 0.0 0.636127
Person 0.0 0 0.0 204.140625 350.288086 404.765625 655.883789 0.0 0.0 0.0 0.0 0.0 0.0 0.0 0.792464
Person 0.0 0 0.0 1480.722656 0.000000 1564.277344 179.626465 0.0 0.0 0.0 0.0 0.0 0.0 0.0 0.797557
Person 0.0 0 0.0 1419.375000 0.000000 1503.750000 197.424316 0.0 0.0 0.0 0.0 0.0 0.0 0.0 0.871912
Person 0.0 0 0.0 664.599609 0.000000 767.900391 295.312500 0.0 0.0 0.0 0.0 0.0 0.0 0.0 0.889144
Person 0.0 0 0.0 245.332031 105.732422 377.167969 389.443359 0.0 0.0 0.0 0.0 0.0 0.0 0.0 0.893309
Person 0.0 0 0.0 382.529297 0.000000 455.126953 156.489258 0.0 0.0 0.0 0.0 0.0 0.0 0.0 0.899475
Person 0.0 0 0.0 61.289062 77.980957 149.531250 267.429199 0.0 0.0 0.0 0.0 0.0 0.0 0.0 0.920790
Person 0.0 0 0.0 1008.750000 26.103516 1108.125000 329.589844 0.0 0.0 0.0 0.0 0.0 0.0 0.0 0.922761
Person 0.0 0 0.0 336.152344 332.885742 502.441406 704.926758 0.0 0.0 0.0 0.0 0.0 0.0 0.0 0.940572
Person 0.0 0 0.0 171.035156 120.366211 295.371094 365.053711 0.0 0.0 0.0 0.0 0.0 0.0 0.0 0.949106
