Person 0.0 0 0.0 202.910156 350.815430 413.964844 666.430664 0.0 0.0 0.0 0.0 0.0 0.0 0.0 0.300335
Person 0.0 0 0.0 37.646484 88.593750 118.916016 257.607422 0.0 0.0 0.0 0.0 0.0 0.0 0.0 0.374791
Person 0.0 0 0.0 1232.255859 0.197754 1332.744141 234.733887 0.0 0.0 0.0 0.0 0.0 0.0 0.0 0.421552
Person 0.0 0 0.0 201.562500 350.156250 359.531250 669.199219 0.0 0.0 0.0 0.0 0.0 0.0 0.0 0.459076
Person 0.0 0 0.0 36.826172 38.825684 112.236328 216.013184 0.0 0.0 0.0 0.0 0.0 0.0 0.0 0.495117
Person 0.0 0 0.0 363.281250 977.299805 611.718750 1077.231445 0.0 0.0 0.0 0.0 0.0 0.0 0.0 0.549641
Person 0.0 0 0.0 237.539062 59.523926 311.367188 318.845215 0.0 0.0 0.0 0.0 0.0 0.0 0.0 0.600188
Person 0.0 0 0.0 81.782227 0.000000 127.514648 82.628174 0.0 0.0 0.0 0.0 0.0 0.0 0.0 0.653127
Person 0.0 0 0.0 1110.439453 0.000000 1197.685547 121.651611 0.0 0.0 0.0 0.0 0.0 0.0 0.0 0.680879
Person 0.0 0 0.0 104.589844 0.000000 148.300781 76.398926 0.0 0.0 0.0 0.0 0.0 0.0 0.0 0.696784
Person 0.0 0 0.0 1397.167969 0.197754 1458.457031 197.160645 0.0 0.0 0.0 0.0 0.0 0.0 0.0 0.863852
Person 0.0 0 0.0 1446.914062 0.000000 1521.210938 169.343262 0.0 0.0 0.0 0.0 0.0 0.0 0.0 0.897336
Person 0.0 0 0.0 195.058594 0.000000 256.347656 143.833008 0.0 0.0 0.0 0.0 0.0 0.0 0.0 0.918772
Person 0.0 0 0.0 1166.777344 9.624023 1304.472656 301.245117 0.0 0.0 0.0 0.0 0.0 0.0 0.0 0.939471
Person 0.0 0 0.0 265.312500 95.581055 400.781250 378.237305 0.0 0.0 0.0 0.0 0.0 0.0 0.0 0.942082
Person 0.0 0 0.0 31.464844 118.784180 114.902344 301.772461 0.0 0.0 0.0 0.0 0.0 0.0 0.0 0.943971
Person 0.0 0 0.0 1299.755859 0.000000 1398.369141 289.116211 0.0 0.0 0.0 0.0 0.0 0.0 0.0 0.944995
Person 0.0 0 0.0 241.347656 406.450195 457.558594 714.682617 0.0 0.0 0.0 0.0 0.0 0.0 0.0 0.945197
Person 0.0 0 0.0 165.527344 130.781250 291.503906 364.394531 0.0 0.0 0.0 0.0 0.0 0.0 0.0 0.962813
