Person 0.0 0 0.0 1367.958984 0.000000 1474.541016 144.162598 0.0 0.0 0.0 0.0 0.0 0.0 0.0 0.344664
Person 0.0 0 0.0 257.519531 46.999512 342.011719 301.047363 0.0 0.0 0.0 0.0 0.0 0.0 0.0 0.393268
Person 0.0 0 0.0 258.105469 47.790527 325.488281 192.546387 0.0 0.0 0.0 0.0 0.0 0.0 0.0 0.397938
Person 0.0 0 0.0 45.820312 45.944824 108.398438 188.591309 0.0 0.0 0.0 0.0 0.0 0.0 0.0 0.441673
Person 0.0 0 0.0 145.356445 0.000000 197.534180 84.111328 0.0 0.0 0.0 0.0 0.0 0.0 0.0 0.461988
Person 0.0 0 0.0 24.433594 19.907227 54.843750 94.987793 0.0 0.0 0.0 0.0 0.0 0.0 0.0 0.473657
Person 0.0 0 0.0 382.031250 982.111816 621.093750 1077.692871 0.0 0.0 0.0 0.0 0.0 0.0 0.0 0.517571
Person 0.0 0 0.0 493.461914 0.000000 550.913086 138.757324 0.0 0.0 0.0 0.0 0.0 0.0 0.0 0.706596
Person 0.0 0 0.0 1361.689453 0.000000 1475.185547 172.902832 0.0 0.0 0.0 0.0 0.0 0.0 0.0 0.709019
Person 0.0 0 0.0 1480.722656 0.131836 1564.277344 179.428711 0.0 0.0 0.0 0.0 0.0 0.0 0.0 0.754915
Person 0.0 0 0.0 1067.021484 0.263672 1147.353516 235.854492 0.0 0.0 0.0 0.0 0.0 0.0 0.0 0.817575
Person 0.0 0 0.0 208.007812 355.561523 415.429688 670.649414 0.0 0.0 0.0 0.0 0.0 0.0 0.0 0.855851
Person 0.0 0 0.0 759.931641 0.000000 863.818359 275.273438 0.0 0.0 0.0 0.0 0.0 0.0 0.0 0.871475
Person 0.0 0 0.0 436.113281 0.000000 520.136719 168.684082 0.0 0.0 0.0 0.0 0.0 0.0 0.0 0.883236
Person 0.0 0 0.0 37.529297 89.714355 126.884766 266.242676 0.0 0.0 0.0 0.0 0.0 0.0 0.0 0.899121
Person 0.0 0 0.0 204.082031 135.527344 328.417969 416.601562 0.0 0.0 0.0 0.0 0.0 0.0 0.0 0.900179
Person 0.0 0 0.0 343.740234 0.461426 447.041016 197.292480 0.0 0.0 0.0 0.0 0.0 0.0 0.0 0.904987
Person 0.0 0 0.0 309.550781 342.246094 498.574219 659.707031 0.0 0.0 0.0 0.0 0.0 0.0 0.0 0.927363
Person 0.0 0 0.0 305.507812 109.028320 458.085938 392.739258 0.0 0.0 0.0 0.0 0.0 0.0 0.0 0.937211
Person 0.0 0 0.0 674.179688 485.156250 926.132812 890.156250 0.0 0.0 0.0 0.0 0.0 0.0 0.0 0.950227
