Person 0.0 0 0.0 353.232422 0.000000 440.830078 170.859375 0.0 0.0 0.0 0.0 0.0 0.0 0.0 0.324235
Person 0.0 0 0.0 1164.492188 0.000000 1237.382812 77.124023 0.0 0.0 0.0 0.0 0.0 0.0 0.0 0.364778
Person 0.0 0 0.0 36.884766 96.701660 117.099609 257.409668 0.0 0.0 0.0 0.0 0.0 0.0 0.0 0.384912
Person 0.0 0 0.0 195.820312 347.124023 347.929688 663.793945 0.0 0.0 0.0 0.0 0.0 0.0 0.0 0.408277
Person 0.0 0 0.0 329.472656 0.131836 442.089844 172.177734 0.0 0.0 0.0 0.0 0.0 0.0 0.0 0.439747
Person 0.0 0 0.0 1194.960938 0.000000 1330.664062 232.229004 0.0 0.0 0.0 0.0 0.0 0.0 0.0 0.519521
Person 0.0 0 0.0 428.320312 972.487793 677.929688 1077.824707 0.0 0.0 0.0 0.0 0.0 0.0 0.0 0.547706
Person 0.0 0 0.0 37.910156 38.891602 112.324219 187.207031 0.0 0.0 0.0 0.0 0.0 0.0 0.0 0.578448
Person 0.0 0 0.0 81.108398 0.000000 131.704102 84.111328 0.0 0.0 0.0 0.0 0.0 0.0 0.0 0.618780
Person 0.0 0 0.0 1828.945312 182.790527 1918.000000 434.201660 0.0 0.0 0.0 0.0 0.0 0.0 0.0 0.633410
Person 0.0 0 0.0 104.296875 0.000000 148.593750 74.322510 0.0 0.0 0.0 0.0 0.0 0.0 0.0 0.654011
Person 0.0 0 0.0 1445.507812 0.000000 1524.492188 168.354492 0.0 0.0 0.0 0.0 0.0 0.0 0.0 0.688468
Person 0.0 0 0.0 204.726562 74.091797 315.117188 320.888672 0.0 0.0 0.0 0.0 0.0 0.0 0.0 0.890675
Person 0.0 0 0.0 267.011719 88.989258 400.488281 376.918945 0.0 0.0 0.0 0.0 0.0 0.0 0.0 0.902266
Person 0.0 0 0.0 212.929688 420.292969 446.601562 715.605469 0.0 0.0 0.0 0.0 0.0 0.0 0.0 0.905657
Person 0.0 0 0.0 325.019531 1.977539 445.136719 216.738281 0.0 0.0 0.0 0.0 0.0 0.0 0.0 0.917303
Person 0.0 0 0.0 1305.205078 0.000000 1407.919922 287.006836 0.0 0.0 0.0 0.0 0.0 0.0 0.0 0.919063
Person 0.0 0 0.0 18.574219 125.969238 110.683594 293.532715 0.0 0.0 0.0 0.0 0.0 0.0 0.0 0.947575
Person 0.0 0 0.0 165.146484 137.834473 283.916016 380.017090 0.0 0.0 0.0 0.0 0.0 0.0 0.0 0.960361
Person 0.0 0 0.0 1167.304688 12.260742 1288.945312 299.926758 0.0 0.0 0.0 0.0 0.0 0.0 0.0 0.962953
