Person 0.0 0 0.0 280.458984 27.817383 352.822266 146.074219 0.0 0.0 0.0 0.0 0.0 0.0 0.0 0.317426
Person 0.0 0 0.0 199.101562 346.860352 343.710938 664.057617 0.0 0.0 0.0 0.0 0.0 0.0 0.0 0.440710
Person 0.0 0 0.0 36.796875 48.911133 119.414062 254.575195 0.0 0.0 0.0 0.0 0.0 0.0 0.0 0.453262
Person 0.0 0 0.0 38.056641 86.616211 119.912109 257.211914 0.0 0.0 0.0 0.0 0.0 0.0 0.0 0.475605
Person 0.0 0 0.0 80.932617 0.000000 127.543945 83.847656 0.0 0.0 0.0 0.0 0.0 0.0 0.0 0.534127
Person 0.0 0 0.0 431.132812 970.477295 683.554688 1077.725830 0.0 0.0 0.0 0.0 0.0 0.0 0.0 0.570810
Person 0.0 0 0.0 102.685547 0.000000 148.330078 75.443115 0.0 0.0 0.0 0.0 0.0 0.0 0.0 0.588889
Person 0.0 0 0.0 1252.353516 0.000000 1337.021484 235.195312 0.0 0.0 0.0 0.0 0.0 0.0 0.0 0.875787
Person 0.0 0 0.0 199.599609 83.254395 306.181641 334.929199 0.0 0.0 0.0 0.0 0.0 0.0 0.0 0.882833
Person 0.0 0 0.0 217.910156 413.833008 456.621094 726.284180 0.0 0.0 0.0 0.0 0.0 0.0 0.0 0.892937
Person 0.0 0 0.0 1306.025391 0.000000 1414.599609 286.611328 0.0 0.0 0.0 0.0 0.0 0.0 0.0 0.910863
Person 0.0 0 0.0 1165.019531 11.469727 1276.230469 303.354492 0.0 0.0 0.0 0.0 0.0 0.0 0.0 0.914291
Person 0.0 0 0.0 682.880859 46.933594 782.431641 360.175781 0.0 0.0 0.0 0.0 0.0 0.0 0.0 0.938124
Person 0.0 0 0.0 25.839844 118.784180 107.871094 301.508789 0.0 0.0 0.0 0.0 0.0 0.0 0.0 0.938350
Person 0.0 0 0.0 262.207031 94.790039 400.136719 377.182617 0.0 0.0 0.0 0.0 0.0 0.0 0.0 0.940572
Person 0.0 0 0.0 148.417969 148.117676 272.753906 387.136230 0.0 0.0 0.0 0.0 0.0 0.0 0.0 0.945399
