Person 0.0 0 0.0 258.134766 52.932129 324.990234 188.195801 0.0 0.0 0.0 0.0 0.0 0.0 0.0 0.370225
Person 0.0 0 0.0 1362.685547 0.000000 1481.689453 146.865234 0.0 0.0 0.0 0.0 0.0 0.0 0.0 0.372962
Person 0.0 0 0.0 142.866211 0.000000 197.680664 84.342041 0.0 0.0 0.0 0.0 0.0 0.0 0.0 0.426322
Person 0.0 0 0.0 259.511719 52.207031 340.488281 301.640625 0.0 0.0 0.0 0.0 0.0 0.0 0.0 0.436862
Person 0.0 0 0.0 45.292969 47.988281 108.925781 188.525391 0.0 0.0 0.0 0.0 0.0 0.0 0.0 0.459076
Person 0.0 0 0.0 24.726562 19.676514 55.488281 95.218506 0.0 0.0 0.0 0.0 0.0 0.0 0.0 0.461017
Person 0.0 0 0.0 382.734375 975.157471 636.328125 1078.014648 0.0 0.0 0.0 0.0 0.0 0.0 0.0 0.534127
Person 0.0 0 0.0 494.824219 0.000000 551.425781 138.955078 0.0 0.0 0.0 0.0 0.0 0.0 0.0 0.718594
Person 0.0 0 0.0 1480.722656 0.395508 1564.277344 178.901367 0.0 0.0 0.0 0.0 0.0 0.0 0.0 0.734120
Person 0.0 0 0.0 1351.523438 0.000000 1487.226562 173.166504 0.0 0.0 0.0 0.0 0.0 0.0 0.0 0.759939
Person 0.0 0 0.0 1067.226562 0.527344 1147.148438 235.986328 0.0 0.0 0.0 0.0 0.0 0.0 0.0 0.833866
Person 0.0 0 0.0 209.296875 358.461914 415.546875 670.913086 0.0 0.0 0.0 0.0 0.0 0.0 0.0 0.856812
Person 0.0 0 0.0 436.582031 0.000000 520.605469 168.552246 0.0 0.0 0.0 0.0 0.0 0.0 0.0 0.880797
Person 0.0 0 0.0 766.669922 0.000000 872.080078 274.746094 0.0 0.0 0.0 0.0 0.0 0.0 0.0 0.905322
Person 0.0 0 0.0 36.855469 90.966797 127.207031 266.308594 0.0 0.0 0.0 0.0 0.0 0.0 0.0 0.906322
Person 0.0 0 0.0 348.515625 1.252441 437.578125 211.662598 0.0 0.0 0.0 0.0 0.0 0.0 0.0 0.930205
Person 0.0 0 0.0 304.394531 109.951172 457.792969 389.970703 0.0 0.0 0.0 0.0 0.0 0.0 0.0 0.931711
Person 0.0 0 0.0 202.792969 133.417969 328.300781 421.347656 0.0 0.0 0.0 0.0 0.0 0.0 0.0 0.936052
Person 0.0 0 0.0 314.707031 336.049805 499.042969 656.938477 0.0 0.0 0.0 0.0 0.0 0.0 0.0 0.937440
Person 0.0 0 0.0 705.000000 497.285156 972.187500 893.847656 0.0 0.0 0.0 0.0 0.0 0.0 0.0 0.940134
