Person 0.0 0 0.0 199.218750 352.133789 443.437500 663.002930 0.0 0.0 0.0 0.0 0.0 0.0 0.0 0.334155
Person 0.0 0 0.0 197.343750 351.870117 347.812500 661.684570 0.0 0.0 0.0 0.0 0.0 0.0 0.0 0.342462
Person 0.0 0 0.0 38.144531 88.857422 119.589844 257.343750 0.0 0.0 0.0 0.0 0.0 0.0 0.0 0.378459
Person 0.0 0 0.0 36.943359 38.562012 111.884766 190.700684 0.0 0.0 0.0 0.0 0.0 0.0 0.0 0.514644
Person 0.0 0 0.0 437.109375 949.844971 689.765625 1077.264404 0.0 0.0 0.0 0.0 0.0 0.0 0.0 0.544801
Person 0.0 0 0.0 79.086914 0.000000 126.694336 82.496338 0.0 0.0 0.0 0.0 0.0 0.0 0.0 0.586996
Person 0.0 0 0.0 103.828125 0.000000 148.125000 76.201172 0.0 0.0 0.0 0.0 0.0 0.0 0.0 0.639736
Person 0.0 0 0.0 1445.537109 0.197754 1526.337891 167.893066 0.0 0.0 0.0 0.0 0.0 0.0 0.0 0.739422
Person 0.0 0 0.0 225.234375 70.136719 309.609375 319.306641 0.0 0.0 0.0 0.0 0.0 0.0 0.0 0.748352
Person 0.0 0 0.0 1260.058594 0.000000 1329.316406 233.942871 0.0 0.0 0.0 0.0 0.0 0.0 0.0 0.883638
Person 0.0 0 0.0 235.078125 406.318359 446.484375 714.814453 0.0 0.0 0.0 0.0 0.0 0.0 0.0 0.910227
Person 0.0 0 0.0 1321.582031 0.000000 1451.542969 283.579102 0.0 0.0 0.0 0.0 0.0 0.0 0.0 0.911810
Person 0.0 0 0.0 264.082031 96.240234 402.011719 377.578125 0.0 0.0 0.0 0.0 0.0 0.0 0.0 0.920790
Person 0.0 0 0.0 33.984375 116.147461 115.429688 301.772461 0.0 0.0 0.0 0.0 0.0 0.0 0.0 0.940353
Person 0.0 0 0.0 155.917969 136.582031 284.707031 380.742188 0.0 0.0 0.0 0.0 0.0 0.0 0.0 0.948155
Person 0.0 0 0.0 333.925781 1.911621 438.574219 195.446777 0.0 0.0 0.0 0.0 0.0 0.0 0.0 0.949295
Person 0.0 0 0.0 1166.074219 8.173828 1286.425781 302.431641 0.0 0.0 0.0 0.0 0.0 0.0 0.0 0.955486
