Person 0.0 0 0.0 274.570312 2.438965 354.023438 152.995605 0.0 0.0 0.0 0.0 0.0 0.0 0.0 0.376623
Person 0.0 0 0.0 274.248047 4.284668 382.001953 234.733887 0.0 0.0 0.0 0.0 0.0 0.0 0.0 0.395134
Person 0.0 0 0.0 198.222656 346.860352 345.996094 665.639648 0.0 0.0 0.0 0.0 0.0 0.0 0.0 0.421552
Person 0.0 0 0.0 1262.900391 0.131836 1337.724609 233.217773 0.0 0.0 0.0 0.0 0.0 0.0 0.0 0.428233
Person 0.0 0 0.0 37.148438 40.671387 109.218750 204.675293 0.0 0.0 0.0 0.0 0.0 0.0 0.0 0.474631
Person 0.0 0 0.0 1856.542969 168.222656 1918.000000 367.031250 0.0 0.0 0.0 0.0 0.0 0.0 0.0 0.479504
Person 0.0 0 0.0 429.960938 977.299805 680.976562 1077.231445 0.0 0.0 0.0 0.0 0.0 0.0 0.0 0.563138
Person 0.0 0 0.0 80.742188 0.131836 129.375000 82.924805 0.0 0.0 0.0 0.0 0.0 0.0 0.0 0.572723
Person 0.0 0 0.0 1233.486328 0.000000 1337.138672 232.690430 0.0 0.0 0.0 0.0 0.0 0.0 0.0 0.586049
Person 0.0 0 0.0 104.296875 0.000000 149.531250 72.905273 0.0 0.0 0.0 0.0 0.0 0.0 0.0 0.602062
Person 0.0 0 0.0 230.903320 8.140869 278.159180 108.929443 0.0 0.0 0.0 0.0 0.0 0.0 0.0 0.602997
Person 0.0 0 0.0 1446.064453 0.000000 1520.185547 165.058594 0.0 0.0 0.0 0.0 0.0 0.0 0.0 0.674908
Person 0.0 0 0.0 1305.234375 0.000000 1417.265625 286.611328 0.0 0.0 0.0 0.0 0.0 0.0 0.0 0.892187
Person 0.0 0 0.0 211.992188 75.014648 308.789062 334.467773 0.0 0.0 0.0 0.0 0.0 0.0 0.0 0.902266
Person 0.0 0 0.0 214.921875 418.447266 456.796875 726.943359 0.0 0.0 0.0 0.0 0.0 0.0 0.0 0.906322
Person 0.0 0 0.0 1556.308594 113.774414 1685.566406 403.286133 0.0 0.0 0.0 0.0 0.0 0.0 0.0 0.916708
Person 0.0 0 0.0 29.707031 120.036621 111.269531 289.709473 0.0 0.0 0.0 0.0 0.0 0.0 0.0 0.941439
Person 0.0 0 0.0 147.597656 146.601562 272.167969 386.806641 0.0 0.0 0.0 0.0 0.0 0.0 0.0 0.946001
Person 0.0 0 0.0 261.210938 100.854492 400.664062 377.709961 0.0 0.0 0.0 0.0 0.0 0.0 0.0 0.950595
Person 0.0 0 0.0 1167.714844 9.360352 1297.910156 300.454102 0.0 0.0 0.0 0.0 0.0 0.0 0.0 0.951684
