Person 0.0 0 0.0 205.312500 352.792969 418.125000 664.980469 0.0 0.0 0.0 0.0 0.0 0.0 0.0 0.350421
Person 0.0 0 0.0 205.429688 352.661133 356.132812 666.166992 0.0 0.0 0.0 0.0 0.0 0.0 0.0 0.372962
Person 0.0 0 0.0 41.484375 92.680664 119.179688 256.157227 0.0 0.0 0.0 0.0 0.0 0.0 0.0 0.395134
Person 0.0 0 0.0 1014.843750 0.000000 1077.656250 83.221436 0.0 0.0 0.0 0.0 0.0 0.0 0.0 0.412057
Person 0.0 0 0.0 37.617188 40.012207 113.437500 217.463379 0.0 0.0 0.0 0.0 0.0 0.0 0.0 0.439747
Person 0.0 0 0.0 233.554688 64.731445 308.789062 173.100586 0.0 0.0 0.0 0.0 0.0 0.0 0.0 0.447460
Person 0.0 0 0.0 364.921875 972.026367 625.078125 1077.231445 0.0 0.0 0.0 0.0 0.0 0.0 0.0 0.506836
Person 0.0 0 0.0 81.650391 0.000000 127.646484 83.320312 0.0 0.0 0.0 0.0 0.0 0.0 0.0 0.646906
Person 0.0 0 0.0 104.809570 0.000000 147.612305 73.696289 0.0 0.0 0.0 0.0 0.0 0.0 0.0 0.681727
Person 0.0 0 0.0 1438.125000 0.197754 1520.625000 170.002441 0.0 0.0 0.0 0.0 0.0 0.0 0.0 0.785309
Person 0.0 0 0.0 1263.354492 0.000000 1320.395508 236.381836 0.0 0.0 0.0 0.0 0.0 0.0 0.0 0.788583
Person 0.0 0 0.0 195.366211 0.000000 253.696289 143.964844 0.0 0.0 0.0 0.0 0.0 0.0 0.0 0.902266
Person 0.0 0 0.0 243.632812 402.231445 457.617188 714.682617 0.0 0.0 0.0 0.0 0.0 0.0 0.0 0.911495
Person 0.0 0 0.0 1181.689453 2.768555 1278.310547 303.090820 0.0 0.0 0.0 0.0 0.0 0.0 0.0 0.913368
Person 0.0 0 0.0 1300.488281 0.000000 1397.636719 289.116211 0.0 0.0 0.0 0.0 0.0 0.0 0.0 0.923039
Person 0.0 0 0.0 159.199219 132.297363 291.503906 365.251465 0.0 0.0 0.0 0.0 0.0 0.0 0.0 0.923316
Person 0.0 0 0.0 242.753906 109.555664 400.371094 383.247070 0.0 0.0 0.0 0.0 0.0 0.0 0.0 0.932453
Person 0.0 0 0.0 33.398438 116.542969 116.835938 300.058594 0.0 0.0 0.0 0.0 0.0 0.0 0.0 0.937440
