Person 0.0 0 0.0 34.541016 18.588867 101.162109 184.438477 0.0 0.0 0.0 0.0 0.0 0.0 0.0 0.303629
Person 0.0 0 0.0 269.033203 50.493164 369.873047 265.913086 0.0 0.0 0.0 0.0 0.0 0.0 0.0 0.325521
Person 0.0 0 0.0 268.066406 49.702148 331.464844 146.997070 0.0 0.0 0.0 0.0 0.0 0.0 0.0 0.363873
Person 0.0 0 0.0 32.885742 15.161133 62.504883 86.682129 0.0 0.0 0.0 0.0 0.0 0.0 0.0 0.416797
Person 0.0 0 0.0 15.197754 1.582031 38.796387 73.366699 0.0 0.0 0.0 0.0 0.0 0.0 0.0 0.483405
Person 0.0 0 0.0 237.641602 0.000000 292.045898 67.977905 0.0 0.0 0.0 0.0 0.0 0.0 0.0 0.572723
Person 0.0 0 0.0 425.493164 0.000000 469.350586 128.540039 0.0 0.0 0.0 0.0 0.0 0.0 0.0 0.578448
Person 0.0 0 0.0 362.929688 925.949707 646.757812 1076.901855 0.0 0.0 0.0 0.0 0.0 0.0 0.0 0.654895
Person 0.0 0 0.0 1437.890625 0.065918 1520.859375 169.475098 0.0 0.0 0.0 0.0 0.0 0.0 0.0 0.700895
Person 0.0 0 0.0 1247.812500 0.000000 1315.312500 226.230469 0.0 0.0 0.0 0.0 0.0 0.0 0.0 0.770465
Person 0.0 0 0.0 244.628906 105.600586 385.371094 385.356445 0.0 0.0 0.0 0.0 0.0 0.0 0.0 0.773216
Person 0.0 0 0.0 200.449219 355.825195 407.050781 659.838867 0.0 0.0 0.0 0.0 0.0 0.0 0.0 0.848972
Person 0.0 0 0.0 33.105469 49.438477 102.128906 211.596680 0.0 0.0 0.0 0.0 0.0 0.0 0.0 0.854399
Person 0.0 0 0.0 1297.910156 0.000000 1390.839844 288.588867 0.0 0.0 0.0 0.0 0.0 0.0 0.0 0.864768
Person 0.0 0 0.0 1162.148438 0.000000 1269.726562 290.961914 0.0 0.0 0.0 0.0 0.0 0.0 0.0 0.872782
Person 0.0 0 0.0 385.517578 0.000000 454.013672 156.027832 0.0 0.0 0.0 0.0 0.0 0.0 0.0 0.901227
Person 0.0 0 0.0 146.894531 5.339355 215.917969 147.326660 0.0 0.0 0.0 0.0 0.0 0.0 0.0 0.911810
Person 0.0 0 0.0 544.160156 1.054688 668.964844 282.656250 0.0 0.0 0.0 0.0 0.0 0.0 0.0 0.925500
Person 0.0 0 0.0 317.812500 336.577148 498.281250 701.235352 0.0 0.0 0.0 0.0 0.0 0.0 0.0 0.929440
Person 0.0 0 0.0 174.492188 119.377441 290.273438 364.987793 0.0 0.0 0.0 0.0 0.0 0.0 0.0 0.945197
