Person 0.0 0 0.0 1270.371094 0.000000 1343.378906 235.393066 0.0 0.0 0.0 0.0 0.0 0.0 0.0 0.362066
Person 0.0 0 0.0 37.587891 89.582520 119.794922 257.673340 0.0 0.0 0.0 0.0 0.0 0.0 0.0 0.365683
Person 0.0 0 0.0 107.504883 0.000000 144.916992 71.883545 0.0 0.0 0.0 0.0 0.0 0.0 0.0 0.395134
Person 0.0 0 0.0 1231.904297 0.197754 1338.720703 234.733887 0.0 0.0 0.0 0.0 0.0 0.0 0.0 0.404507
Person 0.0 0 0.0 1476.665039 0.000000 1536.459961 157.148438 0.0 0.0 0.0 0.0 0.0 0.0 0.0 0.408277
Person 0.0 0 0.0 36.591797 40.078125 111.416016 195.644531 0.0 0.0 0.0 0.0 0.0 0.0 0.0 0.463930
Person 0.0 0 0.0 369.580078 0.000000 436.669922 120.695801 0.0 0.0 0.0 0.0 0.0 0.0 0.0 0.499023
Person 0.0 0 0.0 435.703125 965.830078 690.234375 1077.099609 0.0 0.0 0.0 0.0 0.0 0.0 0.0 0.576542
Person 0.0 0 0.0 244.628906 405.131836 446.308594 714.946289 0.0 0.0 0.0 0.0 0.0 0.0 0.0 0.616936
Person 0.0 0 0.0 81.298828 0.065918 127.998047 83.649902 0.0 0.0 0.0 0.0 0.0 0.0 0.0 0.622459
Person 0.0 0 0.0 225.644531 71.982422 308.730469 318.515625 0.0 0.0 0.0 0.0 0.0 0.0 0.0 0.689306
Person 0.0 0 0.0 1392.216797 0.000000 1493.408203 199.929199 0.0 0.0 0.0 0.0 0.0 0.0 0.0 0.853913
Person 0.0 0 0.0 264.550781 95.449219 401.542969 377.578125 0.0 0.0 0.0 0.0 0.0 0.0 0.0 0.917006
Person 0.0 0 0.0 121.289062 13.381348 184.570312 141.262207 0.0 0.0 0.0 0.0 0.0 0.0 0.0 0.924142
Person 0.0 0 0.0 1296.445312 0.000000 1414.804688 290.434570 0.0 0.0 0.0 0.0 0.0 0.0 0.0 0.929440
Person 0.0 0 0.0 1662.480469 95.119629 1789.394531 362.614746 0.0 0.0 0.0 0.0 0.0 0.0 0.0 0.929696
Person 0.0 0 0.0 1177.089844 10.810547 1307.285156 298.740234 0.0 0.0 0.0 0.0 0.0 0.0 0.0 0.931711
Person 0.0 0 0.0 31.669922 118.916016 110.830078 301.376953 0.0 0.0 0.0 0.0 0.0 0.0 0.0 0.942082
Person 0.0 0 0.0 159.550781 135.856934 285.058594 381.203613 0.0 0.0 0.0 0.0 0.0 0.0 0.0 0.948917
