Person 0.0 0 0.0 248.437500 44.033203 360.468750 138.427734 0.0 0.0 0.0 0.0 0.0 0.0 0.0 0.354880
Person 0.0 0 0.0 196.992188 346.464844 441.445312 665.507812 0.0 0.0 0.0 0.0 0.0 0.0 0.0 0.368406
Person 0.0 0 0.0 194.882812 346.069336 347.460938 661.684570 0.0 0.0 0.0 0.0 0.0 0.0 0.0 0.386763
Person 0.0 0 0.0 35.507812 97.097168 117.539062 255.959473 0.0 0.0 0.0 0.0 0.0 0.0 0.0 0.495117
Person 0.0 0 0.0 297.216797 0.000000 395.126953 129.759521 0.0 0.0 0.0 0.0 0.0 0.0 0.0 0.501953
Person 0.0 0 0.0 81.240234 0.000000 128.408203 83.089600 0.0 0.0 0.0 0.0 0.0 0.0 0.0 0.506836
Person 0.0 0 0.0 424.804688 973.278809 676.757812 1078.014648 0.0 0.0 0.0 0.0 0.0 0.0 0.0 0.526343
Person 0.0 0 0.0 1263.164062 0.000000 1337.460938 232.229004 0.0 0.0 0.0 0.0 0.0 0.0 0.0 0.536070
Person 0.0 0 0.0 103.637695 0.000000 148.784180 75.509033 0.0 0.0 0.0 0.0 0.0 0.0 0.0 0.551574
Person 0.0 0 0.0 38.964844 36.716309 113.261719 187.009277 0.0 0.0 0.0 0.0 0.0 0.0 0.0 0.641535
Person 0.0 0 0.0 1445.419922 0.000000 1524.580078 168.090820 0.0 0.0 0.0 0.0 0.0 0.0 0.0 0.704973
Person 0.0 0 0.0 224.501953 72.114258 323.466797 322.602539 0.0 0.0 0.0 0.0 0.0 0.0 0.0 0.715424
Person 0.0 0 0.0 219.375000 404.208984 446.718750 715.869141 0.0 0.0 0.0 0.0 0.0 0.0 0.0 0.744656
Person 0.0 0 0.0 1756.933594 190.832520 1904.941406 437.761230 0.0 0.0 0.0 0.0 0.0 0.0 0.0 0.866585
Person 0.0 0 0.0 353.408203 0.000000 441.123047 174.353027 0.0 0.0 0.0 0.0 0.0 0.0 0.0 0.891434
Person 0.0 0 0.0 1306.230469 0.000000 1408.769531 286.875000 0.0 0.0 0.0 0.0 0.0 0.0 0.0 0.917303
Person 0.0 0 0.0 1168.417969 13.315430 1299.082031 298.872070 0.0 0.0 0.0 0.0 0.0 0.0 0.0 0.940790
Person 0.0 0 0.0 18.193359 126.166992 112.001953 287.797852 0.0 0.0 0.0 0.0 0.0 0.0 0.0 0.949295
Person 0.0 0 0.0 269.355469 88.989258 400.488281 376.918945 0.0 0.0 0.0 0.0 0.0 0.0 0.0 0.952042
Person 0.0 0 0.0 166.171875 135.659180 284.531250 379.819336 0.0 0.0 0.0 0.0 0.0 0.0 0.0 0.961822
