Person 0.0 0 0.0 206.484375 354.111328 450.234375 664.189453 0.0 0.0 0.0 0.0 0.0 0.0 0.0 0.322953
Person 0.0 0 0.0 204.785156 71.191406 259.277344 249.697266 0.0 0.0 0.0 0.0 0.0 0.0 0.0 0.331120
Person 0.0 0 0.0 266.484375 0.000000 329.296875 118.850098 0.0 0.0 0.0 0.0 0.0 0.0 0.0 0.332419
Person 0.0 0 0.0 205.136719 353.583984 369.082031 663.134766 0.0 0.0 0.0 0.0 0.0 0.0 0.0 0.338952
Person 0.0 0 0.0 204.726562 70.169678 249.023438 185.592041 0.0 0.0 0.0 0.0 0.0 0.0 0.0 0.358465
Person 0.0 0 0.0 205.136719 70.795898 275.332031 281.733398 0.0 0.0 0.0 0.0 0.0 0.0 0.0 0.391406
Person 0.0 0 0.0 266.835938 0.000000 321.445312 74.586182 0.0 0.0 0.0 0.0 0.0 0.0 0.0 0.459076
Person 0.0 0 0.0 38.342285 13.809814 66.188965 81.243896 0.0 0.0 0.0 0.0 0.0 0.0 0.0 0.490236
Person 0.0 0 0.0 378.515625 938.803711 637.734375 1075.649414 0.0 0.0 0.0 0.0 0.0 0.0 0.0 0.580352
Person 0.0 0 0.0 15.219727 1.582031 46.596680 95.449219 0.0 0.0 0.0 0.0 0.0 0.0 0.0 0.727201
Person 0.0 0 0.0 1438.066406 0.131836 1522.558594 170.595703 0.0 0.0 0.0 0.0 0.0 0.0 0.0 0.740925
Person 0.0 0 0.0 365.771484 0.000000 447.978516 127.749023 0.0 0.0 0.0 0.0 0.0 0.0 0.0 0.746878
Person 0.0 0 0.0 242.285156 103.491211 386.308594 387.465820 0.0 0.0 0.0 0.0 0.0 0.0 0.0 0.823328
Person 0.0 0 0.0 1264.218750 0.000000 1334.531250 235.393066 0.0 0.0 0.0 0.0 0.0 0.0 0.0 0.838151
Person 0.0 0 0.0 33.867188 47.724609 106.054688 210.146484 0.0 0.0 0.0 0.0 0.0 0.0 0.0 0.894421
Person 0.0 0 0.0 245.917969 388.256836 482.988281 698.071289 0.0 0.0 0.0 0.0 0.0 0.0 0.0 0.906653
Person 0.0 0 0.0 150.966797 7.745361 209.970703 140.306396 0.0 0.0 0.0 0.0 0.0 0.0 0.0 0.921922
Person 0.0 0 0.0 1301.513672 0.000000 1398.486328 288.852539 0.0 0.0 0.0 0.0 0.0 0.0 0.0 0.934872
Person 0.0 0 0.0 167.812500 128.408203 290.390625 367.294922 0.0 0.0 0.0 0.0 0.0 0.0 0.0 0.944177
Person 0.0 0 0.0 1170.175781 7.382812 1297.324219 291.093750 0.0 0.0 0.0 0.0 0.0 0.0 0.0 0.961098
