Person 0.0 0 0.0 276.005859 5.603027 382.587891 233.811035 0.0 0.0 0.0 0.0 0.0 0.0 0.0 0.310276
Person 0.0 0 0.0 302.534180 0.197754 361.215820 125.837402 0.0 0.0 0.0 0.0 0.0 0.0 0.0 0.368406
Person 0.0 0 0.0 197.343750 352.001953 344.062500 664.716797 0.0 0.0 0.0 0.0 0.0 0.0 0.0 0.463930
Person 0.0 0 0.0 274.628906 3.559570 353.027344 154.775391 0.0 0.0 0.0 0.0 0.0 0.0 0.0 0.487307
Person 0.0 0 0.0 37.265625 39.155273 112.382812 217.397461 0.0 0.0 0.0 0.0 0.0 0.0 0.0 0.492188
Person 0.0 0 0.0 81.196289 0.065918 129.624023 83.781738 0.0 0.0 0.0 0.0 0.0 0.0 0.0 0.547706
Person 0.0 0 0.0 430.429688 978.980713 676.757812 1077.659912 0.0 0.0 0.0 0.0 0.0 0.0 0.0 0.565059
Person 0.0 0 0.0 104.750977 0.000000 149.545898 73.828125 0.0 0.0 0.0 0.0 0.0 0.0 0.0 0.603932
Person 0.0 0 0.0 232.851562 10.711670 278.085938 129.166260 0.0 0.0 0.0 0.0 0.0 0.0 0.0 0.709824
Person 0.0 0 0.0 1458.662109 0.000000 1531.962891 172.705078 0.0 0.0 0.0 0.0 0.0 0.0 0.0 0.796925
Person 0.0 0 0.0 1262.900391 0.000000 1337.724609 232.031250 0.0 0.0 0.0 0.0 0.0 0.0 0.0 0.808067
Person 0.0 0 0.0 197.373047 82.727051 304.189453 333.874512 0.0 0.0 0.0 0.0 0.0 0.0 0.0 0.892563
Person 0.0 0 0.0 1305.029297 0.000000 1415.595703 286.611328 0.0 0.0 0.0 0.0 0.0 0.0 0.0 0.914596
Person 0.0 0 0.0 216.855469 417.260742 456.738281 726.020508 0.0 0.0 0.0 0.0 0.0 0.0 0.0 0.926037
Person 0.0 0 0.0 33.339844 115.554199 117.714844 301.311035 0.0 0.0 0.0 0.0 0.0 0.0 0.0 0.934634
Person 0.0 0 0.0 1398.515625 95.712891 1577.109375 390.498047 0.0 0.0 0.0 0.0 0.0 0.0 0.0 0.944587
Person 0.0 0 0.0 1167.597656 8.833008 1296.152344 300.190430 0.0 0.0 0.0 0.0 0.0 0.0 0.0 0.950411
Person 0.0 0 0.0 260.625000 95.053711 400.312500 377.182617 0.0 0.0 0.0 0.0 0.0 0.0 0.0 0.951863
Person 0.0 0 0.0 151.816406 144.558105 272.402344 388.322754 0.0 0.0 0.0 0.0 0.0 0.0 0.0 0.959913
