Person 0.0 0 0.0 249.565430 65.159912 302.622070 179.791260 0.0 0.0 0.0 0.0 0.0 0.0 0.0 0.340705
Person 0.0 0 0.0 200.273438 348.969727 443.320312 666.694336 0.0 0.0 0.0 0.0 0.0 0.0 0.0 0.349089
Person 0.0 0 0.0 229.863281 13.183594 289.980469 177.978516 0.0 0.0 0.0 0.0 0.0 0.0 0.0 0.382141
Person 0.0 0 0.0 230.097656 12.293701 288.339844 118.948975 0.0 0.0 0.0 0.0 0.0 0.0 0.0 0.388618
Person 0.0 0 0.0 1261.406250 0.131836 1337.343750 234.799805 0.0 0.0 0.0 0.0 0.0 0.0 0.0 0.447460
Person 0.0 0 0.0 33.515625 98.020020 118.359375 257.145996 0.0 0.0 0.0 0.0 0.0 0.0 0.0 0.454230
Person 0.0 0 0.0 427.500000 976.047363 675.937500 1077.429199 0.0 0.0 0.0 0.0 0.0 0.0 0.0 0.501953
Person 0.0 0 0.0 79.951172 0.000000 129.697266 83.386230 0.0 0.0 0.0 0.0 0.0 0.0 0.0 0.556400
Person 0.0 0 0.0 1189.218750 0.000000 1336.406250 234.140625 0.0 0.0 0.0 0.0 0.0 0.0 0.0 0.595493
Person 0.0 0 0.0 104.750977 0.000000 149.545898 74.981689 0.0 0.0 0.0 0.0 0.0 0.0 0.0 0.629775
Person 0.0 0 0.0 37.792969 39.418945 112.089844 187.866211 0.0 0.0 0.0 0.0 0.0 0.0 0.0 0.677474
Person 0.0 0 0.0 1446.093750 0.131836 1523.906250 167.563477 0.0 0.0 0.0 0.0 0.0 0.0 0.0 0.761361
Person 0.0 0 0.0 289.833984 0.461426 393.134766 224.055176 0.0 0.0 0.0 0.0 0.0 0.0 0.0 0.873215
Person 0.0 0 0.0 206.484375 408.032227 453.046875 721.538086 0.0 0.0 0.0 0.0 0.0 0.0 0.0 0.910545
Person 0.0 0 0.0 1307.343750 0.263672 1411.406250 286.083984 0.0 0.0 0.0 0.0 0.0 0.0 0.0 0.928149
Person 0.0 0 0.0 18.398438 126.101074 109.804688 289.182129 0.0 0.0 0.0 0.0 0.0 0.0 0.0 0.935817
Person 0.0 0 0.0 156.972656 142.250977 283.652344 380.083008 0.0 0.0 0.0 0.0 0.0 0.0 0.0 0.937669
Person 0.0 0 0.0 261.269531 100.327148 402.011719 377.446289 0.0 0.0 0.0 0.0 0.0 0.0 0.0 0.943764
Person 0.0 0 0.0 1700.332031 163.542480 1830.292969 429.191895 0.0 0.0 0.0 0.0 0.0 0.0 0.0 0.950227
Person 0.0 0 0.0 1165.253906 8.173828 1285.371094 301.640625 0.0 0.0 0.0 0.0 0.0 0.0 0.0 0.957912
