Person 0.0 0 0.0 39.814453 41.198730 113.818359 233.547363 0.0 0.0 0.0 0.0 0.0 0.0 0.0 0.321247
Person 0.0 0 0.0 31.640625 88.527832 117.421875 253.981934 0.0 0.0 0.0 0.0 0.0 0.0 0.0 0.343342
Person 0.0 0 0.0 198.457031 346.596680 342.480469 661.684570 0.0 0.0 0.0 0.0 0.0 0.0 0.0 0.402627
Person 0.0 0 0.0 39.609375 38.430176 105.937500 194.392090 0.0 0.0 0.0 0.0 0.0 0.0 0.0 0.461988
Person 0.0 0 0.0 241.201172 10.415039 283.330078 114.697266 0.0 0.0 0.0 0.0 0.0 0.0 0.0 0.493164
Person 0.0 0 0.0 82.543945 0.065918 127.924805 83.320312 0.0 0.0 0.0 0.0 0.0 0.0 0.0 0.521471
Person 0.0 0 0.0 427.617188 971.235352 679.570312 1076.967773 0.0 0.0 0.0 0.0 0.0 0.0 0.0 0.544801
Person 0.0 0 0.0 279.667969 14.963379 352.675781 145.612793 0.0 0.0 0.0 0.0 0.0 0.0 0.0 0.611382
Person 0.0 0 0.0 102.656250 0.000000 147.890625 75.640869 0.0 0.0 0.0 0.0 0.0 0.0 0.0 0.619701
Person 0.0 0 0.0 202.265625 347.783203 456.796875 725.888672 0.0 0.0 0.0 0.0 0.0 0.0 0.0 0.828384
Person 0.0 0 0.0 208.974609 75.739746 309.462891 335.588379 0.0 0.0 0.0 0.0 0.0 0.0 0.0 0.877056
Person 0.0 0 0.0 1165.957031 11.469727 1282.792969 301.772461 0.0 0.0 0.0 0.0 0.0 0.0 0.0 0.894789
Person 0.0 0 0.0 1260.322266 0.000000 1336.552734 234.140625 0.0 0.0 0.0 0.0 0.0 0.0 0.0 0.903294
Person 0.0 0 0.0 1304.677734 0.000000 1414.072266 286.611328 0.0 0.0 0.0 0.0 0.0 0.0 0.0 0.909907
Person 0.0 0 0.0 147.832031 147.392578 272.636719 389.179688 0.0 0.0 0.0 0.0 0.0 0.0 0.0 0.925230
Person 0.0 0 0.0 30.380859 117.333984 108.486328 299.794922 0.0 0.0 0.0 0.0 0.0 0.0 0.0 0.936285
Person 0.0 0 0.0 262.089844 93.735352 400.253906 377.446289 0.0 0.0 0.0 0.0 0.0 0.0 0.0 0.941007
Person 0.0 0 0.0 626.572266 24.521484 717.802734 326.953125 0.0 0.0 0.0 0.0 0.0 0.0 0.0 0.946001
