Person 0.0 0 0.0 253.007812 45.648193 328.710938 160.279541 0.0 0.0 0.0 0.0 0.0 0.0 0.0 0.303629
Person 0.0 0 0.0 259.628906 0.000000 314.121094 74.718018 0.0 0.0 0.0 0.0 0.0 0.0 0.0 0.317850
Person 0.0 0 0.0 232.207031 64.566650 330.292969 174.847412 0.0 0.0 0.0 0.0 0.0 0.0 0.0 0.325950
Person 0.0 0 0.0 206.718750 354.638672 449.531250 665.771484 0.0 0.0 0.0 0.0 0.0 0.0 0.0 0.332852
Person 0.0 0 0.0 264.111328 0.000000 312.451172 53.657227 0.0 0.0 0.0 0.0 0.0 0.0 0.0 0.347759
Person 0.0 0 0.0 275.332031 31.838379 359.824219 215.222168 0.0 0.0 0.0 0.0 0.0 0.0 0.0 0.351311
Person 0.0 0 0.0 204.726562 353.979492 371.367188 662.739258 0.0 0.0 0.0 0.0 0.0 0.0 0.0 0.395134
Person 0.0 0 0.0 380.039062 943.780518 630.585938 1077.000732 0.0 0.0 0.0 0.0 0.0 0.0 0.0 0.609524
Person 0.0 0 0.0 391.640625 0.000000 475.078125 129.594727 0.0 0.0 0.0 0.0 0.0 0.0 0.0 0.731059
Person 0.0 0 0.0 14.326172 0.626221 65.712891 95.877686 0.0 0.0 0.0 0.0 0.0 0.0 0.0 0.742422
Person 0.0 0 0.0 1437.978516 0.000000 1522.646484 170.727539 0.0 0.0 0.0 0.0 0.0 0.0 0.0 0.770465
Person 0.0 0 0.0 238.359375 97.558594 385.546875 386.806641 0.0 0.0 0.0 0.0 0.0 0.0 0.0 0.862004
Person 0.0 0 0.0 1260.791016 0.000000 1334.208984 236.052246 0.0 0.0 0.0 0.0 0.0 0.0 0.0 0.863852
Person 0.0 0 0.0 247.265625 389.311523 482.109375 698.071289 0.0 0.0 0.0 0.0 0.0 0.0 0.0 0.882833
Person 0.0 0 0.0 33.925781 41.857910 107.519531 220.759277 0.0 0.0 0.0 0.0 0.0 0.0 0.0 0.898411
Person 0.0 0 0.0 149.179688 6.525879 219.492188 153.786621 0.0 0.0 0.0 0.0 0.0 0.0 0.0 0.908618
Person 0.0 0 0.0 1300.283203 0.000000 1397.841797 288.984375 0.0 0.0 0.0 0.0 0.0 0.0 0.0 0.943138
Person 0.0 0 0.0 168.984375 127.485352 291.093750 367.690430 0.0 0.0 0.0 0.0 0.0 0.0 0.0 0.953794
Person 0.0 0 0.0 1168.183594 8.569336 1293.691406 291.752930 0.0 0.0 0.0 0.0 0.0 0.0 0.0 0.966283
