Person 0.0 0 0.0 276.269531 2.768555 354.667969 145.019531 0.0 0.0 0.0 0.0 0.0 0.0 0.0 0.334155
Person 0.0 0 0.0 279.638672 31.212158 353.642578 145.843506 0.0 0.0 0.0 0.0 0.0 0.0 0.0 0.341583
Person 0.0 0 0.0 198.691406 346.464844 344.589844 662.343750 0.0 0.0 0.0 0.0 0.0 0.0 0.0 0.376623
Person 0.0 0 0.0 242.387695 10.678711 286.831055 123.728027 0.0 0.0 0.0 0.0 0.0 0.0 0.0 0.383988
Person 0.0 0 0.0 37.851562 38.166504 109.804688 187.141113 0.0 0.0 0.0 0.0 0.0 0.0 0.0 0.401688
Person 0.0 0 0.0 31.816406 90.637207 117.597656 259.255371 0.0 0.0 0.0 0.0 0.0 0.0 0.0 0.448426
Person 0.0 0 0.0 81.342773 0.164795 127.954102 83.880615 0.0 0.0 0.0 0.0 0.0 0.0 0.0 0.554470
Person 0.0 0 0.0 429.140625 971.400146 681.796875 1077.857666 0.0 0.0 0.0 0.0 0.0 0.0 0.0 0.577495
Person 0.0 0 0.0 103.051758 0.000000 148.432617 75.574951 0.0 0.0 0.0 0.0 0.0 0.0 0.0 0.637031
Person 0.0 0 0.0 204.257812 349.233398 456.210938 727.075195 0.0 0.0 0.0 0.0 0.0 0.0 0.0 0.831691
Person 0.0 0 0.0 1248.457031 0.000000 1337.167969 235.722656 0.0 0.0 0.0 0.0 0.0 0.0 0.0 0.896251
Person 0.0 0 0.0 205.927734 79.101562 309.228516 334.863281 0.0 0.0 0.0 0.0 0.0 0.0 0.0 0.900179
Person 0.0 0 0.0 1305.937500 0.000000 1414.687500 286.611328 0.0 0.0 0.0 0.0 0.0 0.0 0.0 0.923592
Person 0.0 0 0.0 25.195312 119.443359 108.281250 301.640625 0.0 0.0 0.0 0.0 0.0 0.0 0.0 0.935110
Person 0.0 0 0.0 1165.605469 11.601562 1273.769531 302.431641 0.0 0.0 0.0 0.0 0.0 0.0 0.0 0.936749
Person 0.0 0 0.0 262.207031 94.658203 400.136719 377.314453 0.0 0.0 0.0 0.0 0.0 0.0 0.0 0.940134
Person 0.0 0 0.0 147.832031 147.524414 271.933594 390.366211 0.0 0.0 0.0 0.0 0.0 0.0 0.0 0.941654
Person 0.0 0 0.0 662.636719 42.978516 773.613281 358.593750 0.0 0.0 0.0 0.0 0.0 0.0 0.0 0.942082
