Person 0.0 0 0.0 229.833984 72.344971 307.822266 176.033936 0.0 0.0 0.0 0.0 0.0 0.0 0.0 0.375706
Person 0.0 0 0.0 15.058594 0.527344 57.539062 98.151855 0.0 0.0 0.0 0.0 0.0 0.0 0.0 0.459076
Person 0.0 0 0.0 222.333984 0.000000 286.728516 100.228271 0.0 0.0 0.0 0.0 0.0 0.0 0.0 0.506836
Person 0.0 0 0.0 367.148438 924.960938 645.351562 1076.835938 0.0 0.0 0.0 0.0 0.0 0.0 0.0 0.658418
Person 0.0 0 0.0 202.792969 352.792969 397.207031 659.707031 0.0 0.0 0.0 0.0 0.0 0.0 0.0 0.743913
Person 0.0 0 0.0 1437.890625 0.197754 1522.734375 170.925293 0.0 0.0 0.0 0.0 0.0 0.0 0.0 0.758511
Person 0.0 0 0.0 1782.421875 138.295898 1903.828125 377.182617 0.0 0.0 0.0 0.0 0.0 0.0 0.0 0.796292
Person 0.0 0 0.0 1260.878906 0.000000 1339.746094 235.920410 0.0 0.0 0.0 0.0 0.0 0.0 0.0 0.841305
Person 0.0 0 0.0 242.109375 97.163086 386.484375 374.018555 0.0 0.0 0.0 0.0 0.0 0.0 0.0 0.871037
Person 0.0 0 0.0 419.648438 1.318359 531.445312 232.426758 0.0 0.0 0.0 0.0 0.0 0.0 0.0 0.877477
Person 0.0 0 0.0 33.867188 45.153809 107.578125 219.440918 0.0 0.0 0.0 0.0 0.0 0.0 0.0 0.883236
Person 0.0 0 0.0 336.914062 9.294434 443.085938 179.890137 0.0 0.0 0.0 0.0 0.0 0.0 0.0 0.901227
Person 0.0 0 0.0 284.882812 360.703125 495.117188 668.671875 0.0 0.0 0.0 0.0 0.0 0.0 0.0 0.916708
Person 0.0 0 0.0 1300.517578 0.000000 1399.482422 289.775391 0.0 0.0 0.0 0.0 0.0 0.0 0.0 0.921074
Person 0.0 0 0.0 148.828125 7.119141 219.843750 152.929688 0.0 0.0 0.0 0.0 0.0 0.0 0.0 0.928149
Person 0.0 0 0.0 1166.367188 2.900391 1288.007812 290.566406 0.0 0.0 0.0 0.0 0.0 0.0 0.0 0.951323
Person 0.0 0 0.0 169.570312 126.694336 291.679688 364.262695 0.0 0.0 0.0 0.0 0.0 0.0 0.0 0.960212
