Person 0.0 0 0.0 110.185547 0.000000 144.580078 58.897705 0.0 0.0 0.0 0.0 0.0 0.0 0.0 0.418697
Person 0.0 0 0.0 240.000000 41.462402 308.906250 153.127441 0.0 0.0 0.0 0.0 0.0 0.0 0.0 0.462959
Person 0.0 0 0.0 208.798828 0.000000 243.544922 67.153931 0.0 0.0 0.0 0.0 0.0 0.0 0.0 0.561215
Person 0.0 0 0.0 33.354492 17.039795 60.043945 90.274658 0.0 0.0 0.0 0.0 0.0 0.0 0.0 0.582254
Person 0.0 0 0.0 411.342773 0.000000 459.594727 122.178955 0.0 0.0 0.0 0.0 0.0 0.0 0.0 0.586049
Person 0.0 0 0.0 201.093750 353.979492 396.093750 662.211914 0.0 0.0 0.0 0.0 0.0 0.0 0.0 0.682574
Person 0.0 0 0.0 368.320312 920.808105 643.242188 1075.715332 0.0 0.0 0.0 0.0 0.0 0.0 0.0 0.702530
Person 0.0 0 0.0 1437.802734 0.197754 1522.822266 170.266113 0.0 0.0 0.0 0.0 0.0 0.0 0.0 0.726426
Person 0.0 0 0.0 12.722168 3.526611 40.041504 104.183350 0.0 0.0 0.0 0.0 0.0 0.0 0.0 0.768386
Person 0.0 0 0.0 241.640625 104.545898 386.015625 371.645508 0.0 0.0 0.0 0.0 0.0 0.0 0.0 0.848972
Person 0.0 0 0.0 1781.162109 133.747559 1891.962891 402.297363 0.0 0.0 0.0 0.0 0.0 0.0 0.0 0.863392
Person 0.0 0 0.0 1232.109375 0.000000 1338.515625 233.745117 0.0 0.0 0.0 0.0 0.0 0.0 0.0 0.871037
Person 0.0 0 0.0 1152.978516 0.000000 1248.896484 283.579102 0.0 0.0 0.0 0.0 0.0 0.0 0.0 0.898053
Person 0.0 0 0.0 35.478516 52.866211 105.146484 216.870117 0.0 0.0 0.0 0.0 0.0 0.0 0.0 0.899121
Person 0.0 0 0.0 446.513672 0.461426 544.423828 237.370605 0.0 0.0 0.0 0.0 0.0 0.0 0.0 0.904987
Person 0.0 0 0.0 291.210938 354.375000 495.351562 698.730469 0.0 0.0 0.0 0.0 0.0 0.0 0.0 0.906983
Person 0.0 0 0.0 378.603516 0.000000 455.302734 178.637695 0.0 0.0 0.0 0.0 0.0 0.0 0.0 0.921358
Person 0.0 0 0.0 149.707031 7.316895 218.964844 152.731934 0.0 0.0 0.0 0.0 0.0 0.0 0.0 0.930205
Person 0.0 0 0.0 170.566406 124.782715 291.152344 364.064941 0.0 0.0 0.0 0.0 0.0 0.0 0.0 0.953966
