Person 0.0 0 0.0 452.929688 0.000000 525.820312 71.026611 0.0 0.0 0.0 0.0 0.0 0.0 0.0 0.328960
Person 0.0 0 0.0 38.935547 89.780273 119.736328 257.475586 0.0 0.0 0.0 0.0 0.0 0.0 0.0 0.397003
Person 0.0 0 0.0 37.412109 38.562012 111.416016 201.247559 0.0 0.0 0.0 0.0 0.0 0.0 0.0 0.461988
Person 0.0 0 0.0 181.406250 365.185547 356.250000 680.537109 0.0 0.0 0.0 0.0 0.0 0.0 0.0 0.524395
Person 0.0 0 0.0 431.484375 964.511719 689.765625 1077.363281 0.0 0.0 0.0 0.0 0.0 0.0 0.0 0.572723
Person 0.0 0 0.0 258.457031 0.000000 320.917969 103.194580 0.0 0.0 0.0 0.0 0.0 0.0 0.0 0.623377
Person 0.0 0 0.0 226.259766 73.498535 308.583984 318.581543 0.0 0.0 0.0 0.0 0.0 0.0 0.0 0.644225
Person 0.0 0 0.0 82.133789 0.098877 125.170898 84.869385 0.0 0.0 0.0 0.0 0.0 0.0 0.0 0.671471
Person 0.0 0 0.0 1437.509766 0.000000 1521.240234 156.225586 0.0 0.0 0.0 0.0 0.0 0.0 0.0 0.743913
Person 0.0 0 0.0 1266.298828 0.000000 1338.076172 232.888184 0.0 0.0 0.0 0.0 0.0 0.0 0.0 0.764892
Person 0.0 0 0.0 237.304688 410.800781 446.132812 714.550781 0.0 0.0 0.0 0.0 0.0 0.0 0.0 0.887205
Person 0.0 0 0.0 108.398438 13.183594 176.132812 149.501953 0.0 0.0 0.0 0.0 0.0 0.0 0.0 0.897336
Person 0.0 0 0.0 264.316406 95.581055 401.777344 377.709961 0.0 0.0 0.0 0.0 0.0 0.0 0.0 0.929440
Person 0.0 0 0.0 32.490234 117.136230 111.064453 301.311035 0.0 0.0 0.0 0.0 0.0 0.0 0.0 0.933915
Person 0.0 0 0.0 1298.261719 0.000000 1397.988281 289.643555 0.0 0.0 0.0 0.0 0.0 0.0 0.0 0.934395
Person 0.0 0 0.0 158.496094 136.318359 283.769531 381.796875 0.0 0.0 0.0 0.0 0.0 0.0 0.0 0.937669
Person 0.0 0 0.0 1174.013672 9.755859 1293.486328 299.003906 0.0 0.0 0.0 0.0 0.0 0.0 0.0 0.946990
Person 0.0 0 0.0 1507.089844 40.407715 1635.410156 296.828613 0.0 0.0 0.0 0.0 0.0 0.0 0.0 0.964987
