Person 0.0 0 0.0 207.128906 351.738281 414.902344 666.562500 0.0 0.0 0.0 0.0 0.0 0.0 0.0 0.323380
Person 0.0 0 0.0 1012.177734 0.000000 1076.572266 83.155518 0.0 0.0 0.0 0.0 0.0 0.0 0.0 0.388618
Person 0.0 0 0.0 233.876953 65.423584 311.279297 173.990479 0.0 0.0 0.0 0.0 0.0 0.0 0.0 0.393268
Person 0.0 0 0.0 207.304688 351.210938 361.289062 667.617188 0.0 0.0 0.0 0.0 0.0 0.0 0.0 0.432063
Person 0.0 0 0.0 37.646484 89.187012 119.501953 257.277832 0.0 0.0 0.0 0.0 0.0 0.0 0.0 0.462959
Person 0.0 0 0.0 38.085938 39.221191 110.976562 208.234863 0.0 0.0 0.0 0.0 0.0 0.0 0.0 0.469763
Person 0.0 0 0.0 364.570312 975.618896 625.429688 1077.857666 0.0 0.0 0.0 0.0 0.0 0.0 0.0 0.577495
Person 0.0 0 0.0 81.328125 0.000000 127.148438 83.254395 0.0 0.0 0.0 0.0 0.0 0.0 0.0 0.674908
Person 0.0 0 0.0 104.663086 0.000000 147.290039 73.630371 0.0 0.0 0.0 0.0 0.0 0.0 0.0 0.720172
Person 0.0 0 0.0 1437.978516 0.000000 1520.771484 170.200195 0.0 0.0 0.0 0.0 0.0 0.0 0.0 0.804406
Person 0.0 0 0.0 1262.226562 0.000000 1342.148438 235.920410 0.0 0.0 0.0 0.0 0.0 0.0 0.0 0.856812
Person 0.0 0 0.0 196.230469 0.000000 252.832031 144.360352 0.0 0.0 0.0 0.0 0.0 0.0 0.0 0.924415
Person 0.0 0 0.0 246.386719 401.176758 458.144531 714.682617 0.0 0.0 0.0 0.0 0.0 0.0 0.0 0.936981
Person 0.0 0 0.0 1180.488281 4.350586 1277.636719 303.618164 0.0 0.0 0.0 0.0 0.0 0.0 0.0 0.945399
Person 0.0 0 0.0 160.253906 131.638184 291.152344 365.646973 0.0 0.0 0.0 0.0 0.0 0.0 0.0 0.945601
Person 0.0 0 0.0 1300.517578 0.000000 1399.482422 288.984375 0.0 0.0 0.0 0.0 0.0 0.0 0.0 0.946001
Person 0.0 0 0.0 31.376953 118.718262 110.068359 301.047363 0.0 0.0 0.0 0.0 0.0 0.0 0.0 0.946990
Person 0.0 0 0.0 252.011719 105.600586 400.019531 381.928711 0.0 0.0 0.0 0.0 0.0 0.0 0.0 0.952220
