Person 0.0 0 0.0 44.150391 89.714355 119.560547 257.277832 0.0 0.0 0.0 0.0 0.0 0.0 0.0 0.370225
Person 0.0 0 0.0 339.931641 0.000000 428.818359 123.266602 0.0 0.0 0.0 0.0 0.0 0.0 0.0 0.408277
Person 0.0 0 0.0 196.582031 350.419922 350.917969 662.080078 0.0 0.0 0.0 0.0 0.0 0.0 0.0 0.409221
Person 0.0 0 0.0 38.466797 38.232422 111.767578 189.052734 0.0 0.0 0.0 0.0 0.0 0.0 0.0 0.475605
Person 0.0 0 0.0 1235.859375 0.000000 1329.140625 233.679199 0.0 0.0 0.0 0.0 0.0 0.0 0.0 0.515620
Person 0.0 0 0.0 81.254883 0.098877 127.690430 84.407959 0.0 0.0 0.0 0.0 0.0 0.0 0.0 0.610453
Person 0.0 0 0.0 442.500000 969.686279 704.062500 1077.462158 0.0 0.0 0.0 0.0 0.0 0.0 0.0 0.660172
Person 0.0 0 0.0 104.516602 0.000000 148.374023 73.927002 0.0 0.0 0.0 0.0 0.0 0.0 0.0 0.699254
Person 0.0 0 0.0 1446.093750 0.395508 1523.906250 167.695312 0.0 0.0 0.0 0.0 0.0 0.0 0.0 0.780662
Person 0.0 0 0.0 227.343750 68.620605 309.375000 318.449707 0.0 0.0 0.0 0.0 0.0 0.0 0.0 0.789883
Person 0.0 0 0.0 1176.035156 11.601562 1302.714844 297.949219 0.0 0.0 0.0 0.0 0.0 0.0 0.0 0.866132
Person 0.0 0 0.0 1320.644531 0.000000 1450.605469 283.315430 0.0 0.0 0.0 0.0 0.0 0.0 0.0 0.892937
Person 0.0 0 0.0 338.466797 1.779785 434.033203 195.314941 0.0 0.0 0.0 0.0 0.0 0.0 0.0 0.933188
Person 0.0 0 0.0 264.257812 96.108398 403.242188 377.973633 0.0 0.0 0.0 0.0 0.0 0.0 0.0 0.934872
Person 0.0 0 0.0 33.339844 117.004395 111.035156 301.442871 0.0 0.0 0.0 0.0 0.0 0.0 0.0 0.946597
Person 0.0 0 0.0 157.675781 134.406738 283.886719 380.280762 0.0 0.0 0.0 0.0 0.0 0.0 0.0 0.965381
