Person 0.0 0 0.0 42.773438 46.340332 108.632812 188.591309 0.0 0.0 0.0 0.0 0.0 0.0 0.0 0.363873
Person 0.0 0 0.0 28.271484 15.556641 109.541016 187.470703 0.0 0.0 0.0 0.0 0.0 0.0 0.0 0.367497
Person 0.0 0 0.0 1372.031250 0.000000 1492.968750 144.492188 0.0 0.0 0.0 0.0 0.0 0.0 0.0 0.381220
Person 0.0 0 0.0 27.714844 15.260010 58.007812 88.363037 0.0 0.0 0.0 0.0 0.0 0.0 0.0 0.424412
Person 0.0 0 0.0 143.027344 0.000000 197.519531 84.407959 0.0 0.0 0.0 0.0 0.0 0.0 0.0 0.427277
Person 0.0 0 0.0 384.140625 973.509521 639.609375 1075.748291 0.0 0.0 0.0 0.0 0.0 0.0 0.0 0.433022
Person 0.0 0 0.0 256.728516 45.087891 341.396484 303.750000 0.0 0.0 0.0 0.0 0.0 0.0 0.0 0.471710
Person 0.0 0 0.0 496.860352 0.000000 550.327148 139.812012 0.0 0.0 0.0 0.0 0.0 0.0 0.0 0.573678
Person 0.0 0 0.0 301.757812 110.083008 459.960938 382.719727 0.0 0.0 0.0 0.0 0.0 0.0 0.0 0.670608
Person 0.0 0 0.0 455.771484 0.000000 521.103516 161.894531 0.0 0.0 0.0 0.0 0.0 0.0 0.0 0.685107
Person 0.0 0 0.0 1362.480469 0.000000 1463.144531 173.693848 0.0 0.0 0.0 0.0 0.0 0.0 0.0 0.734120
Person 0.0 0 0.0 1480.957031 0.000000 1564.042969 178.901367 0.0 0.0 0.0 0.0 0.0 0.0 0.0 0.750553
Person 0.0 0 0.0 1066.816406 0.593262 1149.433594 235.920410 0.0 0.0 0.0 0.0 0.0 0.0 0.0 0.816406
Person 0.0 0 0.0 211.289062 346.992188 416.835938 669.726562 0.0 0.0 0.0 0.0 0.0 0.0 0.0 0.838151
Person 0.0 0 0.0 38.847656 88.923340 127.089844 266.506348 0.0 0.0 0.0 0.0 0.0 0.0 0.0 0.913984
Person 0.0 0 0.0 842.812500 601.962891 1067.812500 1013.818359 0.0 0.0 0.0 0.0 0.0 0.0 0.0 0.917893
Person 0.0 0 0.0 765.292969 0.000000 873.457031 272.504883 0.0 0.0 0.0 0.0 0.0 0.0 0.0 0.929696
Person 0.0 0 0.0 341.425781 308.891602 499.042969 659.311523 0.0 0.0 0.0 0.0 0.0 0.0 0.0 0.939471
Person 0.0 0 0.0 417.011719 0.000000 506.894531 235.854492 0.0 0.0 0.0 0.0 0.0 0.0 0.0 0.946399
Person 0.0 0 0.0 212.109375 130.781250 351.328125 419.765625 0.0 0.0 0.0 0.0 0.0 0.0 0.0 0.961822
