Person 0.0 0 0.0 39.433594 89.187012 119.472656 257.277832 0.0 0.0 0.0 0.0 0.0 0.0 0.0 0.372049
Person 0.0 0 0.0 188.730469 357.143555 356.894531 676.450195 0.0 0.0 0.0 0.0 0.0 0.0 0.0 0.417746
Person 0.0 0 0.0 1116.005859 0.000000 1184.619141 106.688232 0.0 0.0 0.0 0.0 0.0 0.0 0.0 0.459076
Person 0.0 0 0.0 37.529297 45.417480 112.353516 213.112793 0.0 0.0 0.0 0.0 0.0 0.0 0.0 0.465873
Person 0.0 0 0.0 1269.755859 0.000000 1334.619141 229.262695 0.0 0.0 0.0 0.0 0.0 0.0 0.0 0.511717
Person 0.0 0 0.0 428.789062 962.896729 692.460938 1077.923584 0.0 0.0 0.0 0.0 0.0 0.0 0.0 0.592667
Person 0.0 0 0.0 81.752930 0.000000 126.723633 82.496338 0.0 0.0 0.0 0.0 0.0 0.0 0.0 0.652241
Person 0.0 0 0.0 1445.947266 0.197754 1531.552734 167.497559 0.0 0.0 0.0 0.0 0.0 0.0 0.0 0.668015
Person 0.0 0 0.0 104.926758 0.000000 147.963867 75.871582 0.0 0.0 0.0 0.0 0.0 0.0 0.0 0.704160
Person 0.0 0 0.0 228.574219 412.646484 445.957031 715.869141 0.0 0.0 0.0 0.0 0.0 0.0 0.0 0.788583
Person 0.0 0 0.0 217.353516 70.334473 310.458984 318.054199 0.0 0.0 0.0 0.0 0.0 0.0 0.0 0.858719
Person 0.0 0 0.0 147.773438 0.000000 213.867188 135.527344 0.0 0.0 0.0 0.0 0.0 0.0 0.0 0.907967
Person 0.0 0 0.0 266.367188 93.471680 401.601562 377.709961 0.0 0.0 0.0 0.0 0.0 0.0 0.0 0.918480
Person 0.0 0 0.0 355.810547 0.197754 457.939453 179.758301 0.0 0.0 0.0 0.0 0.0 0.0 0.0 0.930711
Person 0.0 0 0.0 1298.730469 0.000000 1401.269531 289.511719 0.0 0.0 0.0 0.0 0.0 0.0 0.0 0.939913
Person 0.0 0 0.0 32.988281 117.729492 115.019531 301.245117 0.0 0.0 0.0 0.0 0.0 0.0 0.0 0.946200
Person 0.0 0 0.0 155.917969 138.559570 284.003906 381.401367 0.0 0.0 0.0 0.0 0.0 0.0 0.0 0.952397
Person 0.0 0 0.0 1173.808594 9.755859 1303.066406 294.521484 0.0 0.0 0.0 0.0 0.0 0.0 0.0 0.954137
