Person 0.0 0 0.0 30.263672 21.884766 62.607422 81.738281 0.0 0.0 0.0 0.0 0.0 0.0 0.0 0.306112
Person 0.0 0 0.0 162.246094 54.909668 252.597656 241.193848 0.0 0.0 0.0 0.0 0.0 0.0 0.0 0.338514
Person 0.0 0 0.0 162.158203 52.701416 236.982422 182.230225 0.0 0.0 0.0 0.0 0.0 0.0 0.0 0.374791
Person 0.0 0 0.0 327.934570 0.000000 387.846680 74.520264 0.0 0.0 0.0 0.0 0.0 0.0 0.0 0.445530
Person 0.0 0 0.0 198.574219 360.571289 371.894531 660.893555 0.0 0.0 0.0 0.0 0.0 0.0 0.0 0.466846
Person 0.0 0 0.0 23.334961 0.000000 57.348633 59.606323 0.0 0.0 0.0 0.0 0.0 0.0 0.0 0.531209
Person 0.0 0 0.0 373.007812 937.683105 637.617188 1075.715332 0.0 0.0 0.0 0.0 0.0 0.0 0.0 0.681727
Person 0.0 0 0.0 1437.890625 0.000000 1522.734375 170.463867 0.0 0.0 0.0 0.0 0.0 0.0 0.0 0.746878
Person 0.0 0 0.0 31.875000 48.251953 110.156250 217.265625 0.0 0.0 0.0 0.0 0.0 0.0 0.0 0.749087
Person 0.0 0 0.0 154.248047 0.988770 228.955078 142.580566 0.0 0.0 0.0 0.0 0.0 0.0 0.0 0.751283
Person 0.0 0 0.0 240.175781 79.101562 385.605469 387.597656 0.0 0.0 0.0 0.0 0.0 0.0 0.0 0.781997
Person 0.0 0 0.0 217.617188 0.000000 289.570312 107.742920 0.0 0.0 0.0 0.0 0.0 0.0 0.0 0.824462
Person 0.0 0 0.0 1258.945312 0.000000 1336.054688 235.656738 0.0 0.0 0.0 0.0 0.0 0.0 0.0 0.871037
Person 0.0 0 0.0 1301.542969 0.000000 1400.332031 288.852539 0.0 0.0 0.0 0.0 0.0 0.0 0.0 0.931960
Person 0.0 0 0.0 238.652344 398.671875 457.441406 714.023438 0.0 0.0 0.0 0.0 0.0 0.0 0.0 0.934395
Person 0.0 0 0.0 1168.945312 1.977539 1287.304688 291.489258 0.0 0.0 0.0 0.0 0.0 0.0 0.0 0.939248
Person 0.0 0 0.0 166.816406 124.782715 291.386719 365.119629 0.0 0.0 0.0 0.0 0.0 0.0 0.0 0.948917
