Person 0.0 0 0.0 274.248047 3.757324 353.876953 152.863770 0.0 0.0 0.0 0.0 0.0 0.0 0.0 0.373876
Person 0.0 0 0.0 197.812500 346.596680 345.000000 666.958008 0.0 0.0 0.0 0.0 0.0 0.0 0.0 0.383988
Person 0.0 0 0.0 300.703125 0.065918 362.109375 119.377441 0.0 0.0 0.0 0.0 0.0 0.0 0.0 0.390476
Person 0.0 0 0.0 33.750000 102.634277 117.304688 258.332520 0.0 0.0 0.0 0.0 0.0 0.0 0.0 0.402627
Person 0.0 0 0.0 86.762695 0.000000 131.206055 83.583984 0.0 0.0 0.0 0.0 0.0 0.0 0.0 0.454230
Person 0.0 0 0.0 224.267578 74.948730 311.044922 319.504395 0.0 0.0 0.0 0.0 0.0 0.0 0.0 0.513668
Person 0.0 0 0.0 435.117188 979.409180 682.382812 1077.231445 0.0 0.0 0.0 0.0 0.0 0.0 0.0 0.531209
Person 0.0 0 0.0 234.667969 7.448730 278.613281 104.743652 0.0 0.0 0.0 0.0 0.0 0.0 0.0 0.543832
Person 0.0 0 0.0 104.018555 0.000000 149.340820 74.322510 0.0 0.0 0.0 0.0 0.0 0.0 0.0 0.574633
Person 0.0 0 0.0 37.734375 38.166504 109.101562 186.745605 0.0 0.0 0.0 0.0 0.0 0.0 0.0 0.612310
Person 0.0 0 0.0 1445.302734 0.000000 1513.447266 166.376953 0.0 0.0 0.0 0.0 0.0 0.0 0.0 0.749087
Person 0.0 0 0.0 213.046875 420.556641 456.796875 727.998047 0.0 0.0 0.0 0.0 0.0 0.0 0.0 0.891811
Person 0.0 0 0.0 1237.500000 0.000000 1336.875000 233.679199 0.0 0.0 0.0 0.0 0.0 0.0 0.0 0.896976
Person 0.0 0 0.0 1167.363281 10.415039 1290.761719 299.663086 0.0 0.0 0.0 0.0 0.0 0.0 0.0 0.915507
Person 0.0 0 0.0 1306.259766 0.000000 1421.865234 286.875000 0.0 0.0 0.0 0.0 0.0 0.0 0.0 0.917303
Person 0.0 0 0.0 146.367188 145.876465 269.179688 387.004395 0.0 0.0 0.0 0.0 0.0 0.0 0.0 0.924688
Person 0.0 0 0.0 261.445312 100.590820 400.429688 377.446289 0.0 0.0 0.0 0.0 0.0 0.0 0.0 0.929440
Person 0.0 0 0.0 1640.214844 147.590332 1777.910156 408.757324 0.0 0.0 0.0 0.0 0.0 0.0 0.0 0.939692
Person 0.0 0 0.0 19.394531 124.848633 110.097656 290.698242 0.0 0.0 0.0 0.0 0.0 0.0 0.0 0.940353
Person 0.0 0 0.0 1787.783203 77.321777 1881.591797 304.211426 0.0 0.0 0.0 0.0 0.0 0.0 0.0 0.941223
