Person 0.0 0 0.0 1437.275391 0.000000 1519.599609 164.399414 0.0 0.0 0.0 0.0 0.0 0.0 0.0 0.329392
Person 0.0 0 0.0 1473.632812 0.000000 1522.617188 161.235352 0.0 0.0 0.0 0.0 0.0 0.0 0.0 0.338077
Person 0.0 0 0.0 195.703125 352.924805 451.171875 676.977539 0.0 0.0 0.0 0.0 0.0 0.0 0.0 0.356223
Person 0.0 0 0.0 195.117188 352.397461 359.414062 669.594727 0.0 0.0 0.0 0.0 0.0 0.0 0.0 0.396068
Person 0.0 0 0.0 36.650391 38.759766 110.771484 208.696289 0.0 0.0 0.0 0.0 0.0 0.0 0.0 0.423458
Person 0.0 0 0.0 357.656250 970.279541 621.093750 1077.923584 0.0 0.0 0.0 0.0 0.0 0.0 0.0 0.487307
Person 0.0 0 0.0 81.284180 0.000000 126.840820 83.386230 0.0 0.0 0.0 0.0 0.0 0.0 0.0 0.566019
Person 0.0 0 0.0 231.884766 62.753906 306.708984 315.878906 0.0 0.0 0.0 0.0 0.0 0.0 0.0 0.585101
Person 0.0 0 0.0 104.326172 0.032959 148.095703 74.718018 0.0 0.0 0.0 0.0 0.0 0.0 0.0 0.626124
Person 0.0 0 0.0 193.725586 0.000000 246.899414 144.492188 0.0 0.0 0.0 0.0 0.0 0.0 0.0 0.868381
Person 0.0 0 0.0 1173.134766 4.746094 1290.615234 299.267578 0.0 0.0 0.0 0.0 0.0 0.0 0.0 0.878314
Person 0.0 0 0.0 1261.376953 0.000000 1329.873047 233.876953 0.0 0.0 0.0 0.0 0.0 0.0 0.0 0.879147
Person 0.0 0 0.0 235.371094 409.746094 458.378906 714.550781 0.0 0.0 0.0 0.0 0.0 0.0 0.0 0.910227
Person 0.0 0 0.0 1379.267578 0.131836 1496.982422 215.156250 0.0 0.0 0.0 0.0 0.0 0.0 0.0 0.924142
Person 0.0 0 0.0 1299.550781 0.000000 1396.699219 289.248047 0.0 0.0 0.0 0.0 0.0 0.0 0.0 0.943138
Person 0.0 0 0.0 32.900391 96.635742 114.755859 284.370117 0.0 0.0 0.0 0.0 0.0 0.0 0.0 0.943556
Person 0.0 0 0.0 260.683594 101.909180 391.347656 380.610352 0.0 0.0 0.0 0.0 0.0 0.0 0.0 0.950960
Person 0.0 0 0.0 165.058594 130.385742 291.972656 364.790039 0.0 0.0 0.0 0.0 0.0 0.0 0.0 0.966028
