Person 0.0 0 0.0 222.246094 0.000000 284.003906 100.590820 0.0 0.0 0.0 0.0 0.0 0.0 0.0 0.306112
Person 0.0 0 0.0 1231.230469 0.065918 1339.394531 101.447754 0.0 0.0 0.0 0.0 0.0 0.0 0.0 0.308190
Person 0.0 0 0.0 60.966797 104.414062 120.087891 256.816406 0.0 0.0 0.0 0.0 0.0 0.0 0.0 0.315736
Person 0.0 0 0.0 38.613281 91.691895 119.707031 257.409668 0.0 0.0 0.0 0.0 0.0 0.0 0.0 0.340266
Person 0.0 0 0.0 1232.988281 0.000000 1341.386719 191.821289 0.0 0.0 0.0 0.0 0.0 0.0 0.0 0.358465
Person 0.0 0 0.0 36.357422 39.616699 111.064453 187.668457 0.0 0.0 0.0 0.0 0.0 0.0 0.0 0.491212
Person 0.0 0 0.0 431.601562 965.731201 690.585938 1077.198486 0.0 0.0 0.0 0.0 0.0 0.0 0.0 0.540924
Person 0.0 0 0.0 326.250000 0.000000 399.843750 109.885254 0.0 0.0 0.0 0.0 0.0 0.0 0.0 0.556400
Person 0.0 0 0.0 81.899414 0.032959 124.702148 86.055908 0.0 0.0 0.0 0.0 0.0 0.0 0.0 0.621541
Person 0.0 0 0.0 213.984375 355.429688 446.015625 715.078125 0.0 0.0 0.0 0.0 0.0 0.0 0.0 0.625209
Person 0.0 0 0.0 226.259766 71.323242 309.052734 319.174805 0.0 0.0 0.0 0.0 0.0 0.0 0.0 0.667148
Person 0.0 0 0.0 1438.212891 0.000000 1537.412109 156.687012 0.0 0.0 0.0 0.0 0.0 0.0 0.0 0.699254
Person 0.0 0 0.0 1390.253906 0.000000 1469.121094 181.340332 0.0 0.0 0.0 0.0 0.0 0.0 0.0 0.814053
Person 0.0 0 0.0 108.398438 14.304199 174.492188 150.754395 0.0 0.0 0.0 0.0 0.0 0.0 0.0 0.884439
Person 0.0 0 0.0 1298.437500 0.000000 1407.187500 290.170898 0.0 0.0 0.0 0.0 0.0 0.0 0.0 0.933431
Person 0.0 0 0.0 263.964844 96.372070 402.128906 377.709961 0.0 0.0 0.0 0.0 0.0 0.0 0.0 0.935582
Person 0.0 0 0.0 1178.496094 10.283203 1307.753906 297.949219 0.0 0.0 0.0 0.0 0.0 0.0 0.0 0.936285
Person 0.0 0 0.0 31.640625 119.245605 110.039062 301.311035 0.0 0.0 0.0 0.0 0.0 0.0 0.0 0.945601
Person 0.0 0 0.0 1635.058594 102.041016 1768.066406 359.912109 0.0 0.0 0.0 0.0 0.0 0.0 0.0 0.947381
Person 0.0 0 0.0 157.441406 138.493652 285.527344 381.203613 0.0 0.0 0.0 0.0 0.0 0.0 0.0 0.947962
