Person 0.0 0 0.0 1247.080078 0.065918 1334.794922 231.569824 0.0 0.0 0.0 0.0 0.0 0.0 0.0 0.362969
Person 0.0 0 0.0 317.021484 0.000000 403.916016 122.178955 0.0 0.0 0.0 0.0 0.0 0.0 0.0 0.366590
Person 0.0 0 0.0 1231.406250 0.263672 1335.468750 228.603516 0.0 0.0 0.0 0.0 0.0 0.0 0.0 0.396068
Person 0.0 0 0.0 37.031250 91.955566 116.367188 256.882324 0.0 0.0 0.0 0.0 0.0 0.0 0.0 0.486332
Person 0.0 0 0.0 197.226562 346.201172 347.460938 659.970703 0.0 0.0 0.0 0.0 0.0 0.0 0.0 0.487307
Person 0.0 0 0.0 429.843750 975.190430 680.156250 1077.231445 0.0 0.0 0.0 0.0 0.0 0.0 0.0 0.542863
Person 0.0 0 0.0 37.119141 37.770996 112.529297 188.723145 0.0 0.0 0.0 0.0 0.0 0.0 0.0 0.591723
Person 0.0 0 0.0 80.141602 0.000000 129.506836 84.506836 0.0 0.0 0.0 0.0 0.0 0.0 0.0 0.605799
Person 0.0 0 0.0 103.828125 0.000000 149.062500 74.586182 0.0 0.0 0.0 0.0 0.0 0.0 0.0 0.653127
Person 0.0 0 0.0 1445.332031 0.000000 1524.667969 168.156738 0.0 0.0 0.0 0.0 0.0 0.0 0.0 0.724091
Person 0.0 0 0.0 241.757812 414.492188 445.898438 716.132812 0.0 0.0 0.0 0.0 0.0 0.0 0.0 0.790530
Person 0.0 0 0.0 1809.814453 89.318848 1883.935547 298.542480 0.0 0.0 0.0 0.0 0.0 0.0 0.0 0.805020
Person 0.0 0 0.0 195.878906 79.365234 313.183594 317.460938 0.0 0.0 0.0 0.0 0.0 0.0 0.0 0.806853
Person 0.0 0 0.0 394.980469 0.000000 472.675781 154.709473 0.0 0.0 0.0 0.0 0.0 0.0 0.0 0.879974
Person 0.0 0 0.0 1166.367188 9.755859 1308.632812 301.113281 0.0 0.0 0.0 0.0 0.0 0.0 0.0 0.900879
Person 0.0 0 0.0 1308.193359 0.000000 1408.681641 287.006836 0.0 0.0 0.0 0.0 0.0 0.0 0.0 0.905990
Person 0.0 0 0.0 270.058594 92.021484 407.753906 377.841797 0.0 0.0 0.0 0.0 0.0 0.0 0.0 0.933188
Person 0.0 0 0.0 158.144531 138.757324 283.417969 380.939941 0.0 0.0 0.0 0.0 0.0 0.0 0.0 0.936518
Person 0.0 0 0.0 18.896484 126.628418 112.001953 292.873535 0.0 0.0 0.0 0.0 0.0 0.0 0.0 0.948346
Person 0.0 0 0.0 311.337891 3.889160 426.943359 211.398926 0.0 0.0 0.0 0.0 0.0 0.0 0.0 0.949669
