Person 0.0 0 0.0 196.347656 346.201172 345.996094 662.607422 0.0 0.0 0.0 0.0 0.0 0.0 0.0 0.358465
Person 0.0 0 0.0 196.875000 346.728516 442.500000 663.134766 0.0 0.0 0.0 0.0 0.0 0.0 0.0 0.366590
Person 0.0 0 0.0 36.152344 96.306152 117.246094 254.641113 0.0 0.0 0.0 0.0 0.0 0.0 0.0 0.449393
Person 0.0 0 0.0 426.914062 971.564941 676.523438 1077.692871 0.0 0.0 0.0 0.0 0.0 0.0 0.0 0.529263
Person 0.0 0 0.0 81.020508 0.000000 129.096680 83.386230 0.0 0.0 0.0 0.0 0.0 0.0 0.0 0.541894
Person 0.0 0 0.0 104.003906 0.000000 148.886719 75.245361 0.0 0.0 0.0 0.0 0.0 0.0 0.0 0.574633
Person 0.0 0 0.0 39.023438 36.584473 112.617188 187.536621 0.0 0.0 0.0 0.0 0.0 0.0 0.0 0.627038
Person 0.0 0 0.0 1812.041016 195.249023 1918.000000 437.563477 0.0 0.0 0.0 0.0 0.0 0.0 0.0 0.670608
Person 0.0 0 0.0 1445.332031 0.000000 1524.667969 168.090820 0.0 0.0 0.0 0.0 0.0 0.0 0.0 0.712232
Person 0.0 0 0.0 357.333984 0.000000 439.541016 173.232422 0.0 0.0 0.0 0.0 0.0 0.0 0.0 0.821617
Person 0.0 0 0.0 221.367188 73.168945 315.351562 311.000977 0.0 0.0 0.0 0.0 0.0 0.0 0.0 0.832781
Person 0.0 0 0.0 217.675781 414.096680 446.542969 716.528320 0.0 0.0 0.0 0.0 0.0 0.0 0.0 0.865224
Person 0.0 0 0.0 1249.804688 0.000000 1337.695312 235.261230 0.0 0.0 0.0 0.0 0.0 0.0 0.0 0.877896
Person 0.0 0 0.0 1305.498047 0.000000 1407.626953 286.875000 0.0 0.0 0.0 0.0 0.0 0.0 0.0 0.923316
Person 0.0 0 0.0 1168.183594 8.569336 1288.066406 299.135742 0.0 0.0 0.0 0.0 0.0 0.0 0.0 0.938124
Person 0.0 0 0.0 312.861328 5.339355 423.076172 216.408691 0.0 0.0 0.0 0.0 0.0 0.0 0.0 0.939025
Person 0.0 0 0.0 267.011719 85.561523 400.488281 376.655273 0.0 0.0 0.0 0.0 0.0 0.0 0.0 0.954647
Person 0.0 0 0.0 17.929688 126.298828 112.968750 287.929688 0.0 0.0 0.0 0.0 0.0 0.0 0.0 0.956145
Person 0.0 0 0.0 165.966797 135.922852 284.736328 380.346680 0.0 0.0 0.0 0.0 0.0 0.0 0.0 0.962391
