Person 0.0 0 0.0 33.164062 93.010254 113.671875 271.647949 0.0 0.0 0.0 0.0 0.0 0.0 0.0 0.319546
Person 0.0 0 0.0 38.671875 45.285645 124.804688 259.519043 0.0 0.0 0.0 0.0 0.0 0.0 0.0 0.326808
Person 0.0 0 0.0 200.625000 354.111328 440.156250 671.044922 0.0 0.0 0.0 0.0 0.0 0.0 0.0 0.340266
Person 0.0 0 0.0 198.281250 353.583984 359.062500 665.244141 0.0 0.0 0.0 0.0 0.0 0.0 0.0 0.392337
Person 0.0 0 0.0 39.726562 37.375488 111.093750 184.768066 0.0 0.0 0.0 0.0 0.0 0.0 0.0 0.439747
Person 0.0 0 0.0 368.437500 990.516357 610.312500 1076.671143 0.0 0.0 0.0 0.0 0.0 0.0 0.0 0.514644
Person 0.0 0 0.0 64.233398 0.032959 100.180664 73.795166 0.0 0.0 0.0 0.0 0.0 0.0 0.0 0.519521
Person 0.0 0 0.0 236.015625 45.483398 307.265625 318.120117 0.0 0.0 0.0 0.0 0.0 0.0 0.0 0.656658
Person 0.0 0 0.0 1438.125000 0.000000 1522.500000 169.541016 0.0 0.0 0.0 0.0 0.0 0.0 0.0 0.785966
Person 0.0 0 0.0 1261.992188 0.000000 1333.007812 234.602051 0.0 0.0 0.0 0.0 0.0 0.0 0.0 0.816991
Person 0.0 0 0.0 242.167969 409.218750 457.675781 714.023438 0.0 0.0 0.0 0.0 0.0 0.0 0.0 0.865679
Person 0.0 0 0.0 179.179688 0.000000 245.039062 144.492188 0.0 0.0 0.0 0.0 0.0 0.0 0.0 0.889144
Person 0.0 0 0.0 1177.587891 3.823242 1286.162109 297.553711 0.0 0.0 0.0 0.0 0.0 0.0 0.0 0.900879
Person 0.0 0 0.0 85.751953 1.054688 139.130859 90.175781 0.0 0.0 0.0 0.0 0.0 0.0 0.0 0.905322
Person 0.0 0 0.0 1301.630859 0.000000 1400.244141 288.720703 0.0 0.0 0.0 0.0 0.0 0.0 0.0 0.916409
Person 0.0 0 0.0 269.941406 96.635742 394.277344 374.545898 0.0 0.0 0.0 0.0 0.0 0.0 0.0 0.930458
Person 0.0 0 0.0 32.167969 95.185547 135.292969 286.347656 0.0 0.0 0.0 0.0 0.0 0.0 0.0 0.941439
Person 0.0 0 0.0 165.410156 129.726562 291.621094 364.130859 0.0 0.0 0.0 0.0 0.0 0.0 0.0 0.947381
