Person 0.0 0 0.0 199.687500 354.111328 448.593750 672.099609 0.0 0.0 0.0 0.0 0.0 0.0 0.0 0.349089
Person 0.0 0 0.0 37.353516 90.439453 118.037109 258.662109 0.0 0.0 0.0 0.0 0.0 0.0 0.0 0.361165
Person 0.0 0 0.0 197.519531 353.320312 361.230469 668.671875 0.0 0.0 0.0 0.0 0.0 0.0 0.0 0.379378
Person 0.0 0 0.0 87.744141 0.000000 127.763672 82.792969 0.0 0.0 0.0 0.0 0.0 0.0 0.0 0.463930
Person 0.0 0 0.0 370.312500 972.850342 690.937500 1077.462158 0.0 0.0 0.0 0.0 0.0 0.0 0.0 0.500000
Person 0.0 0 0.0 36.972656 37.375488 112.675781 208.762207 0.0 0.0 0.0 0.0 0.0 0.0 0.0 0.504883
Person 0.0 0 0.0 103.681641 0.000000 149.677734 74.586182 0.0 0.0 0.0 0.0 0.0 0.0 0.0 0.617859
Person 0.0 0 0.0 1437.744141 0.000000 1521.005859 169.804688 0.0 0.0 0.0 0.0 0.0 0.0 0.0 0.777975
Person 0.0 0 0.0 231.972656 62.556152 308.964844 318.186035 0.0 0.0 0.0 0.0 0.0 0.0 0.0 0.801936
Person 0.0 0 0.0 1178.818359 4.482422 1286.806641 298.476562 0.0 0.0 0.0 0.0 0.0 0.0 0.0 0.837088
Person 0.0 0 0.0 1261.406250 0.000000 1333.593750 234.536133 0.0 0.0 0.0 0.0 0.0 0.0 0.0 0.861538
Person 0.0 0 0.0 194.194336 0.000000 243.383789 143.898926 0.0 0.0 0.0 0.0 0.0 0.0 0.0 0.873215
Person 0.0 0 0.0 1548.574219 19.907227 1661.425781 287.534180 0.0 0.0 0.0 0.0 0.0 0.0 0.0 0.885235
Person 0.0 0 0.0 238.886719 410.273438 457.675781 715.078125 0.0 0.0 0.0 0.0 0.0 0.0 0.0 0.917303
Person 0.0 0 0.0 34.042969 100.854492 111.738281 284.370117 0.0 0.0 0.0 0.0 0.0 0.0 0.0 0.920790
Person 0.0 0 0.0 1300.898438 0.000000 1400.976562 288.984375 0.0 0.0 0.0 0.0 0.0 0.0 0.0 0.928668
Person 0.0 0 0.0 273.046875 95.317383 395.390625 374.018555 0.0 0.0 0.0 0.0 0.0 0.0 0.0 0.939471
Person 0.0 0 0.0 161.191406 130.583496 291.152344 364.592285 0.0 0.0 0.0 0.0 0.0 0.0 0.0 0.956472
