Person 0.0 0 0.0 345.439453 0.000000 402.685547 127.419434 0.0 0.0 0.0 0.0 0.0 0.0 0.0 0.380299
Person 0.0 0 0.0 314.648438 0.000000 402.070312 128.770752 0.0 0.0 0.0 0.0 0.0 0.0 0.0 0.387690
Person 0.0 0 0.0 1259.941406 0.131836 1336.933594 233.217773 0.0 0.0 0.0 0.0 0.0 0.0 0.0 0.466846
Person 0.0 0 0.0 1231.787109 0.065918 1335.087891 231.174316 0.0 0.0 0.0 0.0 0.0 0.0 0.0 0.474631
Person 0.0 0 0.0 197.226562 346.728516 347.929688 657.861328 0.0 0.0 0.0 0.0 0.0 0.0 0.0 0.488283
Person 0.0 0 0.0 39.492188 92.878418 118.828125 256.750488 0.0 0.0 0.0 0.0 0.0 0.0 0.0 0.500000
Person 0.0 0 0.0 80.141602 0.098877 129.506836 84.407959 0.0 0.0 0.0 0.0 0.0 0.0 0.0 0.560253
Person 0.0 0 0.0 37.763672 37.705078 112.470703 189.184570 0.0 0.0 0.0 0.0 0.0 0.0 0.0 0.564098
Person 0.0 0 0.0 103.520508 0.000000 148.901367 75.080566 0.0 0.0 0.0 0.0 0.0 0.0 0.0 0.606731
Person 0.0 0 0.0 1445.419922 0.000000 1524.580078 168.156738 0.0 0.0 0.0 0.0 0.0 0.0 0.0 0.727975
Person 0.0 0 0.0 193.388672 82.661133 307.705078 315.483398 0.0 0.0 0.0 0.0 0.0 0.0 0.0 0.746878
Person 0.0 0 0.0 240.937500 414.624023 445.781250 714.946289 0.0 0.0 0.0 0.0 0.0 0.0 0.0 0.752013
Person 0.0 0 0.0 399.404297 0.131836 476.220703 145.283203 0.0 0.0 0.0 0.0 0.0 0.0 0.0 0.830594
Person 0.0 0 0.0 1799.150391 73.630371 1875.849609 269.143066 0.0 0.0 0.0 0.0 0.0 0.0 0.0 0.870597
Person 0.0 0 0.0 1170.351562 11.074219 1306.523438 300.585938 0.0 0.0 0.0 0.0 0.0 0.0 0.0 0.893309
Person 0.0 0 0.0 1307.167969 0.000000 1407.832031 287.138672 0.0 0.0 0.0 0.0 0.0 0.0 0.0 0.903635
Person 0.0 0 0.0 269.414062 92.944336 405.585938 377.709961 0.0 0.0 0.0 0.0 0.0 0.0 0.0 0.907967
Person 0.0 0 0.0 159.960938 138.493652 283.007812 380.148926 0.0 0.0 0.0 0.0 0.0 0.0 0.0 0.921640
Person 0.0 0 0.0 306.708984 7.712402 425.478516 205.993652 0.0 0.0 0.0 0.0 0.0 0.0 0.0 0.936285
Person 0.0 0 0.0 18.105469 126.958008 113.847656 292.280273 0.0 0.0 0.0 0.0 0.0 0.0 0.0 0.939471
