Person 0.0 0 0.0 249.902344 0.000000 303.691406 70.235596 0.0 0.0 0.0 0.0 0.0 0.0 0.0 0.355327
Person 0.0 0 0.0 250.400391 0.000000 315.849609 97.624512 0.0 0.0 0.0 0.0 0.0 0.0 0.0 0.375706
Person 0.0 0 0.0 1373.789062 0.000000 1494.960938 141.130371 0.0 0.0 0.0 0.0 0.0 0.0 0.0 0.428233
Person 0.0 0 0.0 1371.386719 0.000000 1461.738281 170.991211 0.0 0.0 0.0 0.0 0.0 0.0 0.0 0.434941
Person 0.0 0 0.0 255.527344 56.887207 317.753906 148.645020 0.0 0.0 0.0 0.0 0.0 0.0 0.0 0.442636
Person 0.0 0 0.0 47.695312 37.770996 110.625000 187.141113 0.0 0.0 0.0 0.0 0.0 0.0 0.0 0.494141
Person 0.0 0 0.0 202.338867 0.000000 253.051758 102.996826 0.0 0.0 0.0 0.0 0.0 0.0 0.0 0.510741
Person 0.0 0 0.0 121.699219 0.000000 185.800781 93.273926 0.0 0.0 0.0 0.0 0.0 0.0 0.0 0.546738
Person 0.0 0 0.0 393.867188 954.327393 641.132812 1077.000732 0.0 0.0 0.0 0.0 0.0 0.0 0.0 0.566978
Person 0.0 0 0.0 26.000977 19.709473 55.620117 96.042480 0.0 0.0 0.0 0.0 0.0 0.0 0.0 0.636127
Person 0.0 0 0.0 456.972656 0.000000 520.839844 126.068115 0.0 0.0 0.0 0.0 0.0 0.0 0.0 0.746139
Person 0.0 0 0.0 1480.722656 0.131836 1564.277344 180.483398 0.0 0.0 0.0 0.0 0.0 0.0 0.0 0.789234
Person 0.0 0 0.0 615.380859 33.090820 723.369141 383.247070 0.0 0.0 0.0 0.0 0.0 0.0 0.0 0.891434
Person 0.0 0 0.0 240.820312 104.414062 375.585938 387.333984 0.0 0.0 0.0 0.0 0.0 0.0 0.0 0.901575
Person 0.0 0 0.0 203.261719 355.297852 416.894531 673.022461 0.0 0.0 0.0 0.0 0.0 0.0 0.0 0.909586
Person 0.0 0 0.0 978.076172 11.601562 1082.548828 321.943359 0.0 0.0 0.0 0.0 0.0 0.0 0.0 0.917893
Person 0.0 0 0.0 36.533203 91.625977 126.591797 266.440430 0.0 0.0 0.0 0.0 0.0 0.0 0.0 0.926570
Person 0.0 0 0.0 373.300781 0.000000 457.324219 156.357422 0.0 0.0 0.0 0.0 0.0 0.0 0.0 0.928149
Person 0.0 0 0.0 171.152344 122.475586 295.722656 365.053711 0.0 0.0 0.0 0.0 0.0 0.0 0.0 0.941439
Person 0.0 0 0.0 344.765625 327.084961 502.734375 656.938477 0.0 0.0 0.0 0.0 0.0 0.0 0.0 0.942718
