Person 0.0 0 0.0 266.806641 51.679688 331.318359 148.842773 0.0 0.0 0.0 0.0 0.0 0.0 0.0 0.323380
Person 0.0 0 0.0 109.936523 0.032959 149.047852 66.840820 0.0 0.0 0.0 0.0 0.0 0.0 0.0 0.375706
Person 0.0 0 0.0 268.447266 51.943359 367.646484 269.208984 0.0 0.0 0.0 0.0 0.0 0.0 0.0 0.406391
Person 0.0 0 0.0 37.939453 13.859253 66.005859 68.735962 0.0 0.0 0.0 0.0 0.0 0.0 0.0 0.434941
Person 0.0 0 0.0 215.375977 0.000000 271.655273 65.736694 0.0 0.0 0.0 0.0 0.0 0.0 0.0 0.478529
Person 0.0 0 0.0 424.614258 0.000000 470.698242 129.396973 0.0 0.0 0.0 0.0 0.0 0.0 0.0 0.523420
Person 0.0 0 0.0 15.856934 14.040527 43.381348 91.098633 0.0 0.0 0.0 0.0 0.0 0.0 0.0 0.616012
Person 0.0 0 0.0 392.578125 924.169922 652.734375 1076.572266 0.0 0.0 0.0 0.0 0.0 0.0 0.0 0.690976
Person 0.0 0 0.0 1438.300781 0.263672 1522.324219 169.936523 0.0 0.0 0.0 0.0 0.0 0.0 0.0 0.705785
Person 0.0 0 0.0 1244.853516 0.000000 1329.521484 235.261230 0.0 0.0 0.0 0.0 0.0 0.0 0.0 0.858244
Person 0.0 0 0.0 201.445312 357.670898 406.992188 661.157227 0.0 0.0 0.0 0.0 0.0 0.0 0.0 0.882022
Person 0.0 0 0.0 244.628906 105.073242 385.371094 380.610352 0.0 0.0 0.0 0.0 0.0 0.0 0.0 0.887595
Person 0.0 0 0.0 384.580078 0.000000 454.013672 156.225586 0.0 0.0 0.0 0.0 0.0 0.0 0.0 0.892937
Person 0.0 0 0.0 482.695312 1.647949 618.867188 270.197754 0.0 0.0 0.0 0.0 0.0 0.0 0.0 0.896251
Person 0.0 0 0.0 147.656250 5.734863 216.562500 150.622559 0.0 0.0 0.0 0.0 0.0 0.0 0.0 0.919063
Person 0.0 0 0.0 1296.298828 0.000000 1396.201172 288.852539 0.0 0.0 0.0 0.0 0.0 0.0 0.0 0.926037
Person 0.0 0 0.0 1160.244141 0.000000 1271.630859 281.469727 0.0 0.0 0.0 0.0 0.0 0.0 0.0 0.930458
Person 0.0 0 0.0 314.179688 335.126953 496.289062 697.412109 0.0 0.0 0.0 0.0 0.0 0.0 0.0 0.936518
Person 0.0 0 0.0 172.939453 120.300293 290.654297 364.855957 0.0 0.0 0.0 0.0 0.0 0.0 0.0 0.952220
