Person 0.0 0 0.0 1387.207031 0.000000 1492.792969 141.723633 0.0 0.0 0.0 0.0 0.0 0.0 0.0 0.314471
Person 0.0 0 0.0 181.230469 115.026855 274.863281 366.437988 0.0 0.0 0.0 0.0 0.0 0.0 0.0 0.328960
Person 0.0 0 0.0 145.312500 0.000000 196.875000 84.243164 0.0 0.0 0.0 0.0 0.0 0.0 0.0 0.461988
Person 0.0 0 0.0 378.164062 981.947021 627.773438 1077.857666 0.0 0.0 0.0 0.0 0.0 0.0 0.0 0.471710
Person 0.0 0 0.0 492.495117 0.000000 547.192383 136.779785 0.0 0.0 0.0 0.0 0.0 0.0 0.0 0.539954
Person 0.0 0 0.0 46.054688 38.298340 109.335938 188.195801 0.0 0.0 0.0 0.0 0.0 0.0 0.0 0.565059
Person 0.0 0 0.0 1369.892578 0.000000 1470.732422 172.441406 0.0 0.0 0.0 0.0 0.0 0.0 0.0 0.603932
Person 0.0 0 0.0 24.023438 19.808350 52.851562 94.888916 0.0 0.0 0.0 0.0 0.0 0.0 0.0 0.627038
Person 0.0 0 0.0 382.324219 0.000000 451.113281 107.940674 0.0 0.0 0.0 0.0 0.0 0.0 0.0 0.650467
Person 0.0 0 0.0 1480.634766 0.197754 1564.365234 179.758301 0.0 0.0 0.0 0.0 0.0 0.0 0.0 0.748352
Person 0.0 0 0.0 1063.681641 0.725098 1146.943359 236.184082 0.0 0.0 0.0 0.0 0.0 0.0 0.0 0.831691
Person 0.0 0 0.0 434.677734 0.000000 519.697266 168.486328 0.0 0.0 0.0 0.0 0.0 0.0 0.0 0.877056
Person 0.0 0 0.0 259.248047 53.129883 367.001953 302.299805 0.0 0.0 0.0 0.0 0.0 0.0 0.0 0.896614
Person 0.0 0 0.0 385.253906 58.798828 500.214844 346.464844 0.0 0.0 0.0 0.0 0.0 0.0 0.0 0.905990
Person 0.0 0 0.0 38.613281 91.098633 126.972656 266.176758 0.0 0.0 0.0 0.0 0.0 0.0 0.0 0.910545
Person 0.0 0 0.0 204.902344 359.648438 416.660156 671.835938 0.0 0.0 0.0 0.0 0.0 0.0 0.0 0.912124
Person 0.0 0 0.0 792.861328 0.000000 891.826172 290.698242 0.0 0.0 0.0 0.0 0.0 0.0 0.0 0.926037
Person 0.0 0 0.0 210.527344 129.462891 337.441406 421.083984 0.0 0.0 0.0 0.0 0.0 0.0 0.0 0.939692
Person 0.0 0 0.0 328.652344 336.049805 500.097656 656.411133 0.0 0.0 0.0 0.0 0.0 0.0 0.0 0.951142
Person 0.0 0 0.0 598.007812 473.554688 874.804688 861.679688 0.0 0.0 0.0 0.0 0.0 0.0 0.0 0.965512
