Person 0.0 0 0.0 1375.019531 0.000000 1489.980469 138.955078 0.0 0.0 0.0 0.0 0.0 0.0 0.0 0.310694
Person 0.0 0 0.0 140.668945 0.000000 196.831055 85.957031 0.0 0.0 0.0 0.0 0.0 0.0 0.0 0.410165
Person 0.0 0 0.0 333.662109 0.000000 398.056641 88.857422 0.0 0.0 0.0 0.0 0.0 0.0 0.0 0.420600
Person 0.0 0 0.0 250.546875 0.000000 334.921875 69.906006 0.0 0.0 0.0 0.0 0.0 0.0 0.0 0.423458
Person 0.0 0 0.0 42.773438 35.397949 110.273438 187.536621 0.0 0.0 0.0 0.0 0.0 0.0 0.0 0.436862
Person 0.0 0 0.0 390.468750 967.840576 643.593750 1077.198486 0.0 0.0 0.0 0.0 0.0 0.0 0.0 0.461017
Person 0.0 0 0.0 258.500977 58.040771 318.061523 157.247314 0.0 0.0 0.0 0.0 0.0 0.0 0.0 0.492188
Person 0.0 0 0.0 25.817871 19.808350 54.982910 97.723389 0.0 0.0 0.0 0.0 0.0 0.0 0.0 0.545770
Person 0.0 0 0.0 478.037109 0.000000 548.525391 134.604492 0.0 0.0 0.0 0.0 0.0 0.0 0.0 0.609524
Person 0.0 0 0.0 1371.855469 0.000000 1466.894531 170.859375 0.0 0.0 0.0 0.0 0.0 0.0 0.0 0.652241
Person 0.0 0 0.0 1480.781250 0.131836 1564.218750 180.747070 0.0 0.0 0.0 0.0 0.0 0.0 0.0 0.742422
Person 0.0 0 0.0 387.480469 0.065918 468.925781 160.905762 0.0 0.0 0.0 0.0 0.0 0.0 0.0 0.885235
Person 0.0 0 0.0 34.804688 89.846191 126.562500 266.110840 0.0 0.0 0.0 0.0 0.0 0.0 0.0 0.896976
Person 0.0 0 0.0 202.968750 361.889648 415.781250 673.813477 0.0 0.0 0.0 0.0 0.0 0.0 0.0 0.906983
Person 0.0 0 0.0 239.121094 103.161621 404.003906 368.811035 0.0 0.0 0.0 0.0 0.0 0.0 0.0 0.917598
Person 0.0 0 0.0 937.587891 25.576172 1046.162109 326.425781 0.0 0.0 0.0 0.0 0.0 0.0 0.0 0.925230
Person 0.0 0 0.0 168.457031 122.541504 296.074219 363.669434 0.0 0.0 0.0 0.0 0.0 0.0 0.0 0.928409
Person 0.0 0 0.0 531.738281 123.134766 672.011719 519.697266 0.0 0.0 0.0 0.0 0.0 0.0 0.0 0.946001
Person 0.0 0 0.0 313.183594 348.837891 497.285156 687.919922 0.0 0.0 0.0 0.0 0.0 0.0 0.0 0.947381
