Person 0.0 0 0.0 104.165039 0.000000 140.053711 58.881226 0.0 0.0 0.0 0.0 0.0 0.0 0.0 0.393268
Person 0.0 0 0.0 239.853516 42.055664 309.521484 149.106445 0.0 0.0 0.0 0.0 0.0 0.0 0.0 0.527317
Person 0.0 0 0.0 422.944336 0.000000 465.805664 128.474121 0.0 0.0 0.0 0.0 0.0 0.0 0.0 0.539954
Person 0.0 0 0.0 202.133789 0.000000 241.538086 69.246826 0.0 0.0 0.0 0.0 0.0 0.0 0.0 0.592667
Person 0.0 0 0.0 34.343262 17.039795 63.273926 88.692627 0.0 0.0 0.0 0.0 0.0 0.0 0.0 0.601125
Person 0.0 0 0.0 369.492188 921.862793 642.070312 1075.715332 0.0 0.0 0.0 0.0 0.0 0.0 0.0 0.670608
Person 0.0 0 0.0 14.172363 2.933350 40.056152 99.898682 0.0 0.0 0.0 0.0 0.0 0.0 0.0 0.731059
Person 0.0 0 0.0 201.152344 354.111328 400.722656 662.607422 0.0 0.0 0.0 0.0 0.0 0.0 0.0 0.739422
Person 0.0 0 0.0 1437.802734 0.131836 1522.822266 170.332031 0.0 0.0 0.0 0.0 0.0 0.0 0.0 0.758511
Person 0.0 0 0.0 454.042969 0.725098 546.269531 248.840332 0.0 0.0 0.0 0.0 0.0 0.0 0.0 0.889144
Person 0.0 0 0.0 243.925781 105.468750 387.011719 371.513672 0.0 0.0 0.0 0.0 0.0 0.0 0.0 0.905657
Person 0.0 0 0.0 35.244141 53.393555 104.912109 218.188477 0.0 0.0 0.0 0.0 0.0 0.0 0.0 0.910227
Person 0.0 0 0.0 296.132812 350.947266 496.054688 701.630859 0.0 0.0 0.0 0.0 0.0 0.0 0.0 0.913058
Person 0.0 0 0.0 1782.070312 147.062988 1900.429688 405.593262 0.0 0.0 0.0 0.0 0.0 0.0 0.0 0.914291
Person 0.0 0 0.0 1226.689453 0.000000 1340.185547 233.613281 0.0 0.0 0.0 0.0 0.0 0.0 0.0 0.916708
Person 0.0 0 0.0 1302.363281 0.000000 1407.011719 288.984375 0.0 0.0 0.0 0.0 0.0 0.0 0.0 0.920218
Person 0.0 0 0.0 380.742188 0.000000 456.445312 160.708008 0.0 0.0 0.0 0.0 0.0 0.0 0.0 0.922203
Person 0.0 0 0.0 1149.023438 0.000000 1249.101562 272.900391 0.0 0.0 0.0 0.0 0.0 0.0 0.0 0.929184
Person 0.0 0 0.0 149.238281 7.316895 219.433594 152.204590 0.0 0.0 0.0 0.0 0.0 0.0 0.0 0.936285
Person 0.0 0 0.0 171.386719 122.805176 291.035156 364.724121 0.0 0.0 0.0 0.0 0.0 0.0 0.0 0.959307
