Person 0.0 0 0.0 185.888672 115.817871 227.314453 217.199707 0.0 0.0 0.0 0.0 0.0 0.0 0.0 0.318697
Person 0.0 0 0.0 257.578125 45.549316 343.828125 303.024902 0.0 0.0 0.0 0.0 0.0 0.0 0.0 0.379378
Person 0.0 0 0.0 257.607422 45.219727 322.705078 188.920898 0.0 0.0 0.0 0.0 0.0 0.0 0.0 0.417746
Person 0.0 0 0.0 1372.851562 0.065918 1495.898438 141.394043 0.0 0.0 0.0 0.0 0.0 0.0 0.0 0.446495
Person 0.0 0 0.0 143.569336 0.000000 197.446289 83.847656 0.0 0.0 0.0 0.0 0.0 0.0 0.0 0.475605
Person 0.0 0 0.0 39.433594 43.242188 107.167969 189.184570 0.0 0.0 0.0 0.0 0.0 0.0 0.0 0.477554
Person 0.0 0 0.0 509.208984 0.000000 551.103516 137.702637 0.0 0.0 0.0 0.0 0.0 0.0 0.0 0.497070
Person 0.0 0 0.0 39.287109 0.296631 81.181641 92.186279 0.0 0.0 0.0 0.0 0.0 0.0 0.0 0.545770
Person 0.0 0 0.0 1361.396484 0.000000 1454.853516 173.759766 0.0 0.0 0.0 0.0 0.0 0.0 0.0 0.564098
Person 0.0 0 0.0 1480.722656 0.065918 1564.277344 179.494629 0.0 0.0 0.0 0.0 0.0 0.0 0.0 0.793746
Person 0.0 0 0.0 303.457031 110.412598 461.074219 378.698730 0.0 0.0 0.0 0.0 0.0 0.0 0.0 0.803174
Person 0.0 0 0.0 454.277344 0.000000 520.722656 161.103516 0.0 0.0 0.0 0.0 0.0 0.0 0.0 0.813461
Person 0.0 0 0.0 1047.949219 0.000000 1134.550781 235.656738 0.0 0.0 0.0 0.0 0.0 0.0 0.0 0.852445
Person 0.0 0 0.0 817.060547 0.000000 909.814453 220.627441 0.0 0.0 0.0 0.0 0.0 0.0 0.0 0.864310
Person 0.0 0 0.0 38.173828 87.604980 127.060547 265.979004 0.0 0.0 0.0 0.0 0.0 0.0 0.0 0.891055
Person 0.0 0 0.0 204.609375 354.111328 416.015625 670.517578 0.0 0.0 0.0 0.0 0.0 0.0 0.0 0.895888
Person 0.0 0 0.0 1026.093750 651.796875 1238.906250 1069.453125 0.0 0.0 0.0 0.0 0.0 0.0 0.0 0.933915
Person 0.0 0 0.0 403.037109 0.000000 505.400391 235.590820 0.0 0.0 0.0 0.0 0.0 0.0 0.0 0.948346
Person 0.0 0 0.0 212.109375 133.022461 350.859375 419.106445 0.0 0.0 0.0 0.0 0.0 0.0 0.0 0.949295
Person 0.0 0 0.0 337.910156 314.428711 499.277344 660.102539 0.0 0.0 0.0 0.0 0.0 0.0 0.0 0.955651
