Person 0.0 0 0.0 260.332031 58.205566 377.636719 239.479980 0.0 0.0 0.0 0.0 0.0 0.0 0.0 0.317003
Person 0.0 0 0.0 1387.001953 0.000000 1492.998047 140.668945 0.0 0.0 0.0 0.0 0.0 0.0 0.0 0.338514
Person 0.0 0 0.0 258.427734 57.612305 317.197266 152.006836 0.0 0.0 0.0 0.0 0.0 0.0 0.0 0.414899
Person 0.0 0 0.0 44.384766 37.243652 109.833984 188.063965 0.0 0.0 0.0 0.0 0.0 0.0 0.0 0.454230
Person 0.0 0 0.0 141.987305 0.000000 196.684570 85.825195 0.0 0.0 0.0 0.0 0.0 0.0 0.0 0.476580
Person 0.0 0 0.0 395.390625 965.533447 641.484375 1077.396240 0.0 0.0 0.0 0.0 0.0 0.0 0.0 0.487307
Person 0.0 0 0.0 341.396484 0.000000 405.791016 88.198242 0.0 0.0 0.0 0.0 0.0 0.0 0.0 0.511717
Person 0.0 0 0.0 25.715332 19.775391 54.323730 97.492676 0.0 0.0 0.0 0.0 0.0 0.0 0.0 0.571767
Person 0.0 0 0.0 480.468750 0.032959 547.968750 133.846436 0.0 0.0 0.0 0.0 0.0 0.0 0.0 0.599251
Person 0.0 0 0.0 250.590820 0.000000 310.034180 70.631104 0.0 0.0 0.0 0.0 0.0 0.0 0.0 0.641535
Person 0.0 0 0.0 1371.386719 0.000000 1463.613281 170.925293 0.0 0.0 0.0 0.0 0.0 0.0 0.0 0.660172
Person 0.0 0 0.0 1480.781250 0.131836 1564.218750 180.087891 0.0 0.0 0.0 0.0 0.0 0.0 0.0 0.771155
Person 0.0 0 0.0 34.921875 88.000488 126.679688 266.110840 0.0 0.0 0.0 0.0 0.0 0.0 0.0 0.881615
Person 0.0 0 0.0 393.603516 0.461426 475.927734 164.597168 0.0 0.0 0.0 0.0 0.0 0.0 0.0 0.883236
Person 0.0 0 0.0 238.769531 105.534668 388.417969 365.383301 0.0 0.0 0.0 0.0 0.0 0.0 0.0 0.888759
Person 0.0 0 0.0 203.613281 360.834961 416.074219 674.868164 0.0 0.0 0.0 0.0 0.0 0.0 0.0 0.909907
Person 0.0 0 0.0 171.503906 120.761719 296.542969 363.867188 0.0 0.0 0.0 0.0 0.0 0.0 0.0 0.938350
Person 0.0 0 0.0 532.265625 137.900391 674.296875 536.572266 0.0 0.0 0.0 0.0 0.0 0.0 0.0 0.940353
Person 0.0 0 0.0 308.964844 348.837891 497.285156 661.552734 0.0 0.0 0.0 0.0 0.0 0.0 0.0 0.941439
Person 0.0 0 0.0 937.792969 24.653320 1045.957031 325.502930 0.0 0.0 0.0 0.0 0.0 0.0 0.0 0.946990
