Person 0.0 0 0.0 201.503906 347.915039 338.964844 661.420898 0.0 0.0 0.0 0.0 0.0 0.0 0.0 0.306112
Person 0.0 0 0.0 250.517578 62.358398 365.888672 334.204102 0.0 0.0 0.0 0.0 0.0 0.0 0.0 0.306527
Person 0.0 0 0.0 56.425781 118.916016 118.769531 258.662109 0.0 0.0 0.0 0.0 0.0 0.0 0.0 0.307774
Person 0.0 0 0.0 249.843750 62.028809 317.343750 323.986816 0.0 0.0 0.0 0.0 0.0 0.0 0.0 0.319546
Person 0.0 0 0.0 232.734375 7.514648 278.203125 108.500977 0.0 0.0 0.0 0.0 0.0 0.0 0.0 0.357568
Person 0.0 0 0.0 34.130859 97.624512 118.330078 255.959473 0.0 0.0 0.0 0.0 0.0 0.0 0.0 0.399812
Person 0.0 0 0.0 268.623047 0.000000 309.345703 82.496338 0.0 0.0 0.0 0.0 0.0 0.0 0.0 0.462959
Person 0.0 0 0.0 80.170898 0.098877 130.297852 82.496338 0.0 0.0 0.0 0.0 0.0 0.0 0.0 0.523420
Person 0.0 0 0.0 105.000000 0.000000 149.296875 75.179443 0.0 0.0 0.0 0.0 0.0 0.0 0.0 0.579400
Person 0.0 0 0.0 430.781250 974.729004 676.406250 1077.692871 0.0 0.0 0.0 0.0 0.0 0.0 0.0 0.590779
Person 0.0 0 0.0 38.056641 38.627930 112.177734 187.470703 0.0 0.0 0.0 0.0 0.0 0.0 0.0 0.682574
Person 0.0 0 0.0 1445.156250 0.000000 1522.968750 167.695312 0.0 0.0 0.0 0.0 0.0 0.0 0.0 0.736401
Person 0.0 0 0.0 222.070312 400.517578 445.898438 715.341797 0.0 0.0 0.0 0.0 0.0 0.0 0.0 0.814053
Person 0.0 0 0.0 1260.234375 0.000000 1336.640625 234.799805 0.0 0.0 0.0 0.0 0.0 0.0 0.0 0.913368
Person 0.0 0 0.0 1699.980469 164.267578 1830.644531 429.521484 0.0 0.0 0.0 0.0 0.0 0.0 0.0 0.917006
Person 0.0 0 0.0 158.144531 141.328125 284.121094 379.423828 0.0 0.0 0.0 0.0 0.0 0.0 0.0 0.924142
Person 0.0 0 0.0 1306.787109 0.000000 1410.087891 286.743164 0.0 0.0 0.0 0.0 0.0 0.0 0.0 0.924688
Person 0.0 0 0.0 18.603516 125.705566 110.185547 287.468262 0.0 0.0 0.0 0.0 0.0 0.0 0.0 0.929951
Person 0.0 0 0.0 261.914062 99.799805 401.367188 378.237305 0.0 0.0 0.0 0.0 0.0 0.0 0.0 0.942929
Person 0.0 0 0.0 1166.191406 7.119141 1278.808594 300.585938 0.0 0.0 0.0 0.0 0.0 0.0 0.0 0.957754
