Person 0.0 0 0.0 1273.066406 0.263672 1331.308594 233.876953 0.0 0.0 0.0 0.0 0.0 0.0 0.0 0.313210
Person 0.0 0 0.0 38.144531 90.637207 119.589844 257.409668 0.0 0.0 0.0 0.0 0.0 0.0 0.0 0.392337
Person 0.0 0 0.0 201.738281 352.924805 357.949219 670.122070 0.0 0.0 0.0 0.0 0.0 0.0 0.0 0.469763
Person 0.0 0 0.0 363.281250 973.575439 622.968750 1076.737061 0.0 0.0 0.0 0.0 0.0 0.0 0.0 0.472683
Person 0.0 0 0.0 37.001953 41.923828 112.412109 214.628906 0.0 0.0 0.0 0.0 0.0 0.0 0.0 0.479504
Person 0.0 0 0.0 223.593750 69.082031 309.843750 319.570312 0.0 0.0 0.0 0.0 0.0 0.0 0.0 0.575588
Person 0.0 0 0.0 81.445312 0.065918 126.679688 82.265625 0.0 0.0 0.0 0.0 0.0 0.0 0.0 0.590779
Person 0.0 0 0.0 105.087891 0.000000 147.802734 75.904541 0.0 0.0 0.0 0.0 0.0 0.0 0.0 0.700895
Person 0.0 0 0.0 1411.787109 0.000000 1511.337891 199.599609 0.0 0.0 0.0 0.0 0.0 0.0 0.0 0.819316
Person 0.0 0 0.0 182.270508 0.230713 237.495117 128.111572 0.0 0.0 0.0 0.0 0.0 0.0 0.0 0.852445
Person 0.0 0 0.0 1300.195312 0.000000 1397.929688 288.852539 0.0 0.0 0.0 0.0 0.0 0.0 0.0 0.919353
Person 0.0 0 0.0 266.132812 94.526367 400.898438 377.709961 0.0 0.0 0.0 0.0 0.0 0.0 0.0 0.932207
Person 0.0 0 0.0 239.472656 403.945312 457.558594 715.078125 0.0 0.0 0.0 0.0 0.0 0.0 0.0 0.932453
Person 0.0 0 0.0 1169.531250 8.569336 1303.593750 298.081055 0.0 0.0 0.0 0.0 0.0 0.0 0.0 0.935582
Person 0.0 0 0.0 30.849609 120.366211 111.650391 301.245117 0.0 0.0 0.0 0.0 0.0 0.0 0.0 0.944382
Person 0.0 0 0.0 161.601562 129.990234 284.414062 381.269531 0.0 0.0 0.0 0.0 0.0 0.0 0.0 0.961244
