Person 0.0 0 0.0 249.331055 63.149414 308.012695 181.406250 0.0 0.0 0.0 0.0 0.0 0.0 0.0 0.313210
Person 0.0 0 0.0 199.335938 350.288086 342.070312 664.321289 0.0 0.0 0.0 0.0 0.0 0.0 0.0 0.409221
Person 0.0 0 0.0 33.750000 97.558594 118.125000 258.134766 0.0 0.0 0.0 0.0 0.0 0.0 0.0 0.444565
Person 0.0 0 0.0 279.433594 7.646484 352.441406 150.424805 0.0 0.0 0.0 0.0 0.0 0.0 0.0 0.466846
Person 0.0 0 0.0 235.971680 9.096680 279.184570 88.659668 0.0 0.0 0.0 0.0 0.0 0.0 0.0 0.484380
Person 0.0 0 0.0 429.375000 980.035400 674.062500 1077.659912 0.0 0.0 0.0 0.0 0.0 0.0 0.0 0.523420
Person 0.0 0 0.0 78.940430 0.000000 128.012695 81.903076 0.0 0.0 0.0 0.0 0.0 0.0 0.0 0.554470
Person 0.0 0 0.0 36.884766 41.000977 108.662109 187.470703 0.0 0.0 0.0 0.0 0.0 0.0 0.0 0.584153
Person 0.0 0 0.0 104.003906 0.000000 148.886719 74.124756 0.0 0.0 0.0 0.0 0.0 0.0 0.0 0.594551
Person 0.0 0 0.0 1207.324219 0.000000 1337.050781 232.624512 0.0 0.0 0.0 0.0 0.0 0.0 0.0 0.690976
Person 0.0 0 0.0 1446.093750 0.197754 1523.906250 167.497559 0.0 0.0 0.0 0.0 0.0 0.0 0.0 0.716219
Person 0.0 0 0.0 1707.656250 0.000000 1768.593750 183.581543 0.0 0.0 0.0 0.0 0.0 0.0 0.0 0.773216
Person 0.0 0 0.0 152.285156 144.558105 285.292969 380.148926 0.0 0.0 0.0 0.0 0.0 0.0 0.0 0.893309
Person 0.0 0 0.0 1307.167969 0.000000 1415.332031 286.611328 0.0 0.0 0.0 0.0 0.0 0.0 0.0 0.903975
Person 0.0 0 0.0 261.035156 95.317383 401.308594 378.500977 0.0 0.0 0.0 0.0 0.0 0.0 0.0 0.908618
Person 0.0 0 0.0 216.562500 415.151367 457.031250 727.075195 0.0 0.0 0.0 0.0 0.0 0.0 0.0 0.921922
Person 0.0 0 0.0 18.984375 124.980469 109.218750 290.830078 0.0 0.0 0.0 0.0 0.0 0.0 0.0 0.926304
Person 0.0 0 0.0 1700.800781 162.751465 1829.824219 429.455566 0.0 0.0 0.0 0.0 0.0 0.0 0.0 0.936981
Person 0.0 0 0.0 1166.425781 11.601562 1291.699219 300.322266 0.0 0.0 0.0 0.0 0.0 0.0 0.0 0.946794
