Person 0.0 0 0.0 1374.199219 0.000000 1473.925781 141.591797 0.0 0.0 0.0 0.0 0.0 0.0 0.0 0.323808
Person 0.0 0 0.0 144.755859 0.000000 197.431641 84.111328 0.0 0.0 0.0 0.0 0.0 0.0 0.0 0.421552
Person 0.0 0 0.0 379.804688 980.958252 626.132812 1076.737061 0.0 0.0 0.0 0.0 0.0 0.0 0.0 0.458106
Person 0.0 0 0.0 46.406250 38.034668 108.984375 188.459473 0.0 0.0 0.0 0.0 0.0 0.0 0.0 0.578448
Person 0.0 0 0.0 24.228516 19.775391 52.939453 94.328613 0.0 0.0 0.0 0.0 0.0 0.0 0.0 0.627038
Person 0.0 0 0.0 494.223633 0.000000 552.026367 137.636719 0.0 0.0 0.0 0.0 0.0 0.0 0.0 0.628863
Person 0.0 0 0.0 1361.132812 0.000000 1479.492188 173.496094 0.0 0.0 0.0 0.0 0.0 0.0 0.0 0.637934
Person 0.0 0 0.0 260.625000 53.195801 359.062500 301.970215 0.0 0.0 0.0 0.0 0.0 0.0 0.0 0.665411
Person 0.0 0 0.0 1480.722656 0.263672 1564.277344 179.956055 0.0 0.0 0.0 0.0 0.0 0.0 0.0 0.752013
Person 0.0 0 0.0 379.599609 0.065918 460.869141 156.291504 0.0 0.0 0.0 0.0 0.0 0.0 0.0 0.824462
Person 0.0 0 0.0 1066.083984 0.461426 1148.291016 236.052246 0.0 0.0 0.0 0.0 0.0 0.0 0.0 0.833325
Person 0.0 0 0.0 209.062500 359.252930 417.187500 671.704102 0.0 0.0 0.0 0.0 0.0 0.0 0.0 0.841305
Person 0.0 0 0.0 434.150391 0.000000 518.818359 168.684082 0.0 0.0 0.0 0.0 0.0 0.0 0.0 0.896976
Person 0.0 0 0.0 38.349609 90.703125 126.884766 266.308594 0.0 0.0 0.0 0.0 0.0 0.0 0.0 0.900179
Person 0.0 0 0.0 200.039062 134.077148 323.085938 424.907227 0.0 0.0 0.0 0.0 0.0 0.0 0.0 0.929951
Person 0.0 0 0.0 766.054688 0.000000 861.445312 278.305664 0.0 0.0 0.0 0.0 0.0 0.0 0.0 0.930962
Person 0.0 0 0.0 321.503906 96.899414 474.902344 384.565430 0.0 0.0 0.0 0.0 0.0 0.0 0.0 0.938350
Person 0.0 0 0.0 316.523438 345.410156 499.570312 656.542969 0.0 0.0 0.0 0.0 0.0 0.0 0.0 0.941654
Person 0.0 0 0.0 649.570312 459.843750 903.867188 880.664062 0.0 0.0 0.0 0.0 0.0 0.0 0.0 0.963916
