Person 0.0 0 0.0 164.472656 11.239014 233.261719 138.658447 0.0 0.0 0.0 0.0 0.0 0.0 0.0 0.318273
Person 0.0 0 0.0 1382.709961 0.098877 1441.040039 98.250732 0.0 0.0 0.0 0.0 0.0 0.0 0.0 0.320396
Person 0.0 0 0.0 32.351074 21.818848 58.937988 83.913574 0.0 0.0 0.0 0.0 0.0 0.0 0.0 0.339828
Person 0.0 0 0.0 236.367188 59.326172 300.351562 182.197266 0.0 0.0 0.0 0.0 0.0 0.0 0.0 0.342902
Person 0.0 0 0.0 168.398438 9.656982 230.039062 89.219971 0.0 0.0 0.0 0.0 0.0 0.0 0.0 0.438785
Person 0.0 0 0.0 193.359375 363.471680 358.828125 660.629883 0.0 0.0 0.0 0.0 0.0 0.0 0.0 0.484380
Person 0.0 0 0.0 37.968750 0.000000 77.167969 78.804932 0.0 0.0 0.0 0.0 0.0 0.0 0.0 0.488283
Person 0.0 0 0.0 336.445312 0.000000 399.492188 89.252930 0.0 0.0 0.0 0.0 0.0 0.0 0.0 0.560253
Person 0.0 0 0.0 375.937500 941.605225 652.500000 1076.011963 0.0 0.0 0.0 0.0 0.0 0.0 0.0 0.590779
Person 0.0 0 0.0 265.136719 97.558594 395.800781 383.378906 0.0 0.0 0.0 0.0 0.0 0.0 0.0 0.651355
Person 0.0 0 0.0 169.306641 46.669922 242.490234 187.075195 0.0 0.0 0.0 0.0 0.0 0.0 0.0 0.666280
Person 0.0 0 0.0 31.025391 46.406250 110.185547 216.210938 0.0 0.0 0.0 0.0 0.0 0.0 0.0 0.744656
Person 0.0 0 0.0 1437.363281 0.000000 1521.386719 170.859375 0.0 0.0 0.0 0.0 0.0 0.0 0.0 0.788583
Person 0.0 0 0.0 1261.142578 0.000000 1341.357422 235.129395 0.0 0.0 0.0 0.0 0.0 0.0 0.0 0.865224
Person 0.0 0 0.0 1300.605469 0.000000 1401.269531 288.984375 0.0 0.0 0.0 0.0 0.0 0.0 0.0 0.926037
Person 0.0 0 0.0 167.636719 128.342285 291.972656 364.460449 0.0 0.0 0.0 0.0 0.0 0.0 0.0 0.943556
Person 0.0 0 0.0 244.277344 405.527344 457.910156 714.550781 0.0 0.0 0.0 0.0 0.0 0.0 0.0 0.947186
Person 0.0 0 0.0 1171.464844 1.186523 1288.535156 296.762695 0.0 0.0 0.0 0.0 0.0 0.0 0.0 0.948917
