Person 0.0 0 0.0 191.601562 362.812500 437.460938 674.472656 0.0 0.0 0.0 0.0 0.0 0.0 0.0 0.333286
Person 0.0 0 0.0 191.367188 361.889648 358.945312 665.375977 0.0 0.0 0.0 0.0 0.0 0.0 0.0 0.384912
Person 0.0 0 0.0 98.510742 0.000000 149.223633 68.620605 0.0 0.0 0.0 0.0 0.0 0.0 0.0 0.425367
Person 0.0 0 0.0 34.965820 13.760376 67.573242 75.624390 0.0 0.0 0.0 0.0 0.0 0.0 0.0 0.449393
Person 0.0 0 0.0 38.730469 40.539551 111.738281 186.350098 0.0 0.0 0.0 0.0 0.0 0.0 0.0 0.489259
Person 0.0 0 0.0 61.772461 0.131836 104.165039 72.839355 0.0 0.0 0.0 0.0 0.0 0.0 0.0 0.529263
Person 0.0 0 0.0 369.843750 962.764893 617.343750 1077.000732 0.0 0.0 0.0 0.0 0.0 0.0 0.0 0.535098
Person 0.0 0 0.0 1784.941406 21.818848 1846.933594 212.717285 0.0 0.0 0.0 0.0 0.0 0.0 0.0 0.627951
Person 0.0 0 0.0 233.964844 66.511230 306.972656 317.922363 0.0 0.0 0.0 0.0 0.0 0.0 0.0 0.652241
Person 0.0 0 0.0 158.642578 0.065918 228.076172 153.127441 0.0 0.0 0.0 0.0 0.0 0.0 0.0 0.777975
Person 0.0 0 0.0 150.629883 53.789062 210.307617 161.762695 0.0 0.0 0.0 0.0 0.0 0.0 0.0 0.787278
Person 0.0 0 0.0 1437.275391 0.329590 1521.474609 169.475098 0.0 0.0 0.0 0.0 0.0 0.0 0.0 0.800692
Person 0.0 0 0.0 399.931641 0.000000 474.755859 128.935547 0.0 0.0 0.0 0.0 0.0 0.0 0.0 0.841826
Person 0.0 0 0.0 33.251953 88.923340 120.146484 265.451660 0.0 0.0 0.0 0.0 0.0 0.0 0.0 0.891055
Person 0.0 0 0.0 1254.404297 0.000000 1331.220703 234.338379 0.0 0.0 0.0 0.0 0.0 0.0 0.0 0.898411
Person 0.0 0 0.0 269.765625 97.558594 391.171875 375.468750 0.0 0.0 0.0 0.0 0.0 0.0 0.0 0.905322
Person 0.0 0 0.0 234.726562 412.646484 458.085938 714.814453 0.0 0.0 0.0 0.0 0.0 0.0 0.0 0.913677
Person 0.0 0 0.0 1300.605469 0.000000 1395.644531 288.852539 0.0 0.0 0.0 0.0 0.0 0.0 0.0 0.924142
Person 0.0 0 0.0 1162.294922 2.241211 1278.955078 295.708008 0.0 0.0 0.0 0.0 0.0 0.0 0.0 0.942082
Person 0.0 0 0.0 166.464844 134.406738 290.566406 364.724121 0.0 0.0 0.0 0.0 0.0 0.0 0.0 0.954816
