Person 0.0 0 0.0 302.592773 0.197754 361.157227 126.760254 0.0 0.0 0.0 0.0 0.0 0.0 0.0 0.306942
Person 0.0 0 0.0 276.064453 4.350586 382.060547 234.272461 0.0 0.0 0.0 0.0 0.0 0.0 0.0 0.314471
Person 0.0 0 0.0 197.929688 349.892578 344.414062 664.716797 0.0 0.0 0.0 0.0 0.0 0.0 0.0 0.435902
Person 0.0 0 0.0 274.863281 3.164062 353.261719 155.434570 0.0 0.0 0.0 0.0 0.0 0.0 0.0 0.455199
Person 0.0 0 0.0 37.353516 38.430176 111.474609 217.727051 0.0 0.0 0.0 0.0 0.0 0.0 0.0 0.534127
Person 0.0 0 0.0 430.546875 978.980713 679.453125 1077.659912 0.0 0.0 0.0 0.0 0.0 0.0 0.0 0.537041
Person 0.0 0 0.0 1445.068359 0.000000 1523.056641 169.936523 0.0 0.0 0.0 0.0 0.0 0.0 0.0 0.554470
Person 0.0 0 0.0 80.668945 0.065918 130.502930 83.781738 0.0 0.0 0.0 0.0 0.0 0.0 0.0 0.559290
Person 0.0 0 0.0 104.560547 0.000000 149.267578 73.432617 0.0 0.0 0.0 0.0 0.0 0.0 0.0 0.598312
Person 0.0 0 0.0 233.715820 12.095947 278.159180 127.518311 0.0 0.0 0.0 0.0 0.0 0.0 0.0 0.684264
Person 0.0 0 0.0 1262.021484 0.000000 1336.728516 233.811035 0.0 0.0 0.0 0.0 0.0 0.0 0.0 0.812867
Person 0.0 0 0.0 205.136719 80.683594 305.800781 333.281250 0.0 0.0 0.0 0.0 0.0 0.0 0.0 0.890294
Person 0.0 0 0.0 1305.849609 0.000000 1416.650391 286.743164 0.0 0.0 0.0 0.0 0.0 0.0 0.0 0.916409
Person 0.0 0 0.0 214.687500 418.710938 457.031250 726.679688 0.0 0.0 0.0 0.0 0.0 0.0 0.0 0.919063
Person 0.0 0 0.0 32.666016 114.104004 117.802734 298.542480 0.0 0.0 0.0 0.0 0.0 0.0 0.0 0.939913
Person 0.0 0 0.0 149.179688 146.074219 270.585938 386.806641 0.0 0.0 0.0 0.0 0.0 0.0 0.0 0.951142
Person 0.0 0 0.0 1477.324219 105.336914 1633.300781 391.948242 0.0 0.0 0.0 0.0 0.0 0.0 0.0 0.952574
Person 0.0 0 0.0 260.332031 97.294922 400.605469 377.578125 0.0 0.0 0.0 0.0 0.0 0.0 0.0 0.952926
Person 0.0 0 0.0 1167.832031 9.624023 1295.917969 300.717773 0.0 0.0 0.0 0.0 0.0 0.0 0.0 0.957118
