Person 0.0 0 0.0 276.240234 4.548340 382.822266 234.074707 0.0 0.0 0.0 0.0 0.0 0.0 0.0 0.306112
Person 0.0 0 0.0 274.423828 5.075684 364.482422 210.871582 0.0 0.0 0.0 0.0 0.0 0.0 0.0 0.312790
Person 0.0 0 0.0 303.046875 0.000000 361.171875 125.375977 0.0 0.0 0.0 0.0 0.0 0.0 0.0 0.355775
Person 0.0 0 0.0 196.816406 352.924805 344.589844 665.903320 0.0 0.0 0.0 0.0 0.0 0.0 0.0 0.464902
Person 0.0 0 0.0 274.394531 3.229980 352.792969 153.127441 0.0 0.0 0.0 0.0 0.0 0.0 0.0 0.469763
Person 0.0 0 0.0 37.060547 39.353027 112.001953 216.804199 0.0 0.0 0.0 0.0 0.0 0.0 0.0 0.501953
Person 0.0 0 0.0 81.269531 0.164795 129.902344 83.551025 0.0 0.0 0.0 0.0 0.0 0.0 0.0 0.553505
Person 0.0 0 0.0 430.546875 977.398682 676.640625 1077.132568 0.0 0.0 0.0 0.0 0.0 0.0 0.0 0.556400
Person 0.0 0 0.0 104.707031 0.000000 149.589844 73.894043 0.0 0.0 0.0 0.0 0.0 0.0 0.0 0.610453
Person 0.0 0 0.0 232.470703 11.008301 278.466797 128.869629 0.0 0.0 0.0 0.0 0.0 0.0 0.0 0.724870
Person 0.0 0 0.0 1262.753906 0.000000 1337.871094 232.031250 0.0 0.0 0.0 0.0 0.0 0.0 0.0 0.803174
Person 0.0 0 0.0 1457.490234 0.131836 1535.009766 173.100586 0.0 0.0 0.0 0.0 0.0 0.0 0.0 0.851953
Person 0.0 0 0.0 196.757812 84.177246 302.929688 333.742676 0.0 0.0 0.0 0.0 0.0 0.0 0.0 0.881615
Person 0.0 0 0.0 1305.966797 0.000000 1416.533203 286.611328 0.0 0.0 0.0 0.0 0.0 0.0 0.0 0.908293
Person 0.0 0 0.0 216.562500 417.260742 457.031250 726.020508 0.0 0.0 0.0 0.0 0.0 0.0 0.0 0.916110
Person 0.0 0 0.0 33.632812 116.147461 117.187500 300.981445 0.0 0.0 0.0 0.0 0.0 0.0 0.0 0.928149
Person 0.0 0 0.0 1390.078125 93.867188 1564.921875 391.816406 0.0 0.0 0.0 0.0 0.0 0.0 0.0 0.938801
Person 0.0 0 0.0 261.093750 95.317383 400.781250 376.918945 0.0 0.0 0.0 0.0 0.0 0.0 0.0 0.949106
Person 0.0 0 0.0 1167.714844 8.701172 1296.035156 300.058594 0.0 0.0 0.0 0.0 0.0 0.0 0.0 0.951323
Person 0.0 0 0.0 151.992188 144.294434 272.929688 387.004395 0.0 0.0 0.0 0.0 0.0 0.0 0.0 0.954984
