Person 0.0 0 0.0 221.777344 0.000000 283.535156 100.228271 0.0 0.0 0.0 0.0 0.0 0.0 0.0 0.304869
Person 0.0 0 0.0 37.998047 91.296387 119.736328 257.277832 0.0 0.0 0.0 0.0 0.0 0.0 0.0 0.312790
Person 0.0 0 0.0 1232.402344 0.000000 1338.222656 102.634277 0.0 0.0 0.0 0.0 0.0 0.0 0.0 0.317850
Person 0.0 0 0.0 61.201172 104.018555 120.205078 257.211914 0.0 0.0 0.0 0.0 0.0 0.0 0.0 0.320396
Person 0.0 0 0.0 1233.339844 0.000000 1339.160156 192.546387 0.0 0.0 0.0 0.0 0.0 0.0 0.0 0.349977
Person 0.0 0 0.0 36.269531 39.814453 111.386719 188.657227 0.0 0.0 0.0 0.0 0.0 0.0 0.0 0.485356
Person 0.0 0 0.0 430.546875 965.401611 690.703125 1076.473389 0.0 0.0 0.0 0.0 0.0 0.0 0.0 0.542863
Person 0.0 0 0.0 325.078125 0.000000 385.546875 115.488281 0.0 0.0 0.0 0.0 0.0 0.0 0.0 0.544801
Person 0.0 0 0.0 81.870117 0.000000 125.083008 86.616211 0.0 0.0 0.0 0.0 0.0 0.0 0.0 0.627038
Person 0.0 0 0.0 216.386719 353.583984 445.488281 715.869141 0.0 0.0 0.0 0.0 0.0 0.0 0.0 0.646014
Person 0.0 0 0.0 226.347656 71.586914 308.964844 318.911133 0.0 0.0 0.0 0.0 0.0 0.0 0.0 0.651355
Person 0.0 0 0.0 1438.710938 0.000000 1538.789062 156.818848 0.0 0.0 0.0 0.0 0.0 0.0 0.0 0.707405
Person 0.0 0 0.0 1389.257812 0.000000 1466.367188 181.010742 0.0 0.0 0.0 0.0 0.0 0.0 0.0 0.777975
Person 0.0 0 0.0 107.402344 11.931152 175.019531 150.095215 0.0 0.0 0.0 0.0 0.0 0.0 0.0 0.894421
Person 0.0 0 0.0 1178.261719 10.283203 1307.988281 298.740234 0.0 0.0 0.0 0.0 0.0 0.0 0.0 0.920504
Person 0.0 0 0.0 1298.320312 0.000000 1403.554688 290.302734 0.0 0.0 0.0 0.0 0.0 0.0 0.0 0.925230
Person 0.0 0 0.0 263.964844 96.240234 402.128906 377.841797 0.0 0.0 0.0 0.0 0.0 0.0 0.0 0.928409
Person 0.0 0 0.0 31.816406 119.311523 110.214844 301.245117 0.0 0.0 0.0 0.0 0.0 0.0 0.0 0.939025
Person 0.0 0 0.0 156.855469 138.493652 285.410156 381.994629 0.0 0.0 0.0 0.0 0.0 0.0 0.0 0.941654
Person 0.0 0 0.0 1610.332031 100.393066 1753.417969 359.450684 0.0 0.0 0.0 0.0 0.0 0.0 0.0 0.961098
