Person 0.0 0 0.0 200.039062 352.001953 415.898438 668.935547 0.0 0.0 0.0 0.0 0.0 0.0 0.0 0.347759
Person 0.0 0 0.0 198.398438 352.133789 356.601562 662.475586 0.0 0.0 0.0 0.0 0.0 0.0 0.0 0.355775
Person 0.0 0 0.0 37.470703 90.109863 119.326172 257.145996 0.0 0.0 0.0 0.0 0.0 0.0 0.0 0.366590
Person 0.0 0 0.0 37.412109 41.528320 112.822266 215.551758 0.0 0.0 0.0 0.0 0.0 0.0 0.0 0.454230
Person 0.0 0 0.0 461.630859 0.000000 520.869141 76.333008 0.0 0.0 0.0 0.0 0.0 0.0 0.0 0.466846
Person 0.0 0 0.0 525.468750 0.000000 607.968750 115.059814 0.0 0.0 0.0 0.0 0.0 0.0 0.0 0.486332
Person 0.0 0 0.0 425.507812 981.254883 677.929688 1077.495117 0.0 0.0 0.0 0.0 0.0 0.0 0.0 0.513668
Person 0.0 0 0.0 1230.732422 0.263672 1336.142578 235.854492 0.0 0.0 0.0 0.0 0.0 0.0 0.0 0.535098
Person 0.0 0 0.0 81.416016 0.032959 125.537109 82.562256 0.0 0.0 0.0 0.0 0.0 0.0 0.0 0.616012
Person 0.0 0 0.0 226.816406 71.323242 310.371094 319.965820 0.0 0.0 0.0 0.0 0.0 0.0 0.0 0.685107
Person 0.0 0 0.0 107.138672 0.000000 148.564453 75.311279 0.0 0.0 0.0 0.0 0.0 0.0 0.0 0.687630
Person 0.0 0 0.0 1412.343750 0.000000 1507.031250 199.270020 0.0 0.0 0.0 0.0 0.0 0.0 0.0 0.805020
Person 0.0 0 0.0 140.742188 1.450195 208.242188 148.183594 0.0 0.0 0.0 0.0 0.0 0.0 0.0 0.872347
Person 0.0 0 0.0 1790.566406 150.292969 1910.683594 379.160156 0.0 0.0 0.0 0.0 0.0 0.0 0.0 0.888759
Person 0.0 0 0.0 232.500000 391.289062 457.500000 714.023438 0.0 0.0 0.0 0.0 0.0 0.0 0.0 0.917598
Person 0.0 0 0.0 264.316406 96.108398 402.246094 377.709961 0.0 0.0 0.0 0.0 0.0 0.0 0.0 0.923868
Person 0.0 0 0.0 1300.605469 0.000000 1399.394531 289.511719 0.0 0.0 0.0 0.0 0.0 0.0 0.0 0.933188
Person 0.0 0 0.0 1169.882812 9.228516 1308.867188 298.476562 0.0 0.0 0.0 0.0 0.0 0.0 0.0 0.946597
Person 0.0 0 0.0 31.582031 119.377441 113.613281 301.442871 0.0 0.0 0.0 0.0 0.0 0.0 0.0 0.956472
Person 0.0 0 0.0 160.019531 134.340820 285.292969 381.928711 0.0 0.0 0.0 0.0 0.0 0.0 0.0 0.961389
