Person 0.0 0 0.0 35.859375 88.923340 120.351562 259.650879 0.0 0.0 0.0 0.0 0.0 0.0 0.0 0.323380
Person 0.0 0 0.0 328.417969 0.725098 414.550781 119.838867 0.0 0.0 0.0 0.0 0.0 0.0 0.0 0.355327
Person 0.0 0 0.0 1256.425781 0.000000 1332.949219 233.811035 0.0 0.0 0.0 0.0 0.0 0.0 0.0 0.386763
Person 0.0 0 0.0 188.437500 351.870117 346.406250 660.629883 0.0 0.0 0.0 0.0 0.0 0.0 0.0 0.413004
Person 0.0 0 0.0 40.371094 40.869141 110.683594 214.365234 0.0 0.0 0.0 0.0 0.0 0.0 0.0 0.472683
Person 0.0 0 0.0 1164.550781 0.000000 1332.949219 232.690430 0.0 0.0 0.0 0.0 0.0 0.0 0.0 0.500977
Person 0.0 0 0.0 437.812500 968.236084 679.687500 1076.802979 0.0 0.0 0.0 0.0 0.0 0.0 0.0 0.537041
Person 0.0 0 0.0 80.800781 0.000000 128.144531 83.386230 0.0 0.0 0.0 0.0 0.0 0.0 0.0 0.603932
Person 0.0 0 0.0 103.403320 0.000000 148.549805 73.894043 0.0 0.0 0.0 0.0 0.0 0.0 0.0 0.673192
Person 0.0 0 0.0 1445.654297 0.065918 1524.345703 167.629395 0.0 0.0 0.0 0.0 0.0 0.0 0.0 0.680029
Person 0.0 0 0.0 265.253906 97.163086 405.527344 380.346680 0.0 0.0 0.0 0.0 0.0 0.0 0.0 0.765593
Person 0.0 0 0.0 227.724609 68.752441 309.462891 319.108887 0.0 0.0 0.0 0.0 0.0 0.0 0.0 0.768386
Person 0.0 0 0.0 1178.144531 12.260742 1298.730469 299.663086 0.0 0.0 0.0 0.0 0.0 0.0 0.0 0.904313
Person 0.0 0 0.0 325.458984 4.746094 432.041016 203.818359 0.0 0.0 0.0 0.0 0.0 0.0 0.0 0.905322
Person 0.0 0 0.0 1307.900391 0.000000 1407.099609 286.347656 0.0 0.0 0.0 0.0 0.0 0.0 0.0 0.914901
Person 0.0 0 0.0 33.076172 117.004395 116.806641 301.442871 0.0 0.0 0.0 0.0 0.0 0.0 0.0 0.930962
Person 0.0 0 0.0 155.800781 136.450195 284.121094 380.874023 0.0 0.0 0.0 0.0 0.0 0.0 0.0 0.940572
