Person 0.0 0 0.0 234.858398 38.594971 288.735352 111.566162 0.0 0.0 0.0 0.0 0.0 0.0 0.0 0.315314
Person 0.0 0 0.0 37.324219 89.780273 118.886719 257.211914 0.0 0.0 0.0 0.0 0.0 0.0 0.0 0.363873
Person 0.0 0 0.0 194.414062 354.111328 451.992188 674.208984 0.0 0.0 0.0 0.0 0.0 0.0 0.0 0.374791
Person 0.0 0 0.0 193.535156 353.452148 358.652344 668.540039 0.0 0.0 0.0 0.0 0.0 0.0 0.0 0.382141
Person 0.0 0 0.0 36.445312 40.078125 110.742188 207.377930 0.0 0.0 0.0 0.0 0.0 0.0 0.0 0.432063
Person 0.0 0 0.0 1369.731445 0.000000 1416.518555 182.856445 0.0 0.0 0.0 0.0 0.0 0.0 0.0 0.435902
Person 0.0 0 0.0 1007.753906 0.000000 1073.496094 83.254395 0.0 0.0 0.0 0.0 0.0 0.0 0.0 0.467818
Person 0.0 0 0.0 231.943359 49.669189 309.931641 174.451904 0.0 0.0 0.0 0.0 0.0 0.0 0.0 0.485356
Person 0.0 0 0.0 361.640625 975.520020 624.609375 1077.956543 0.0 0.0 0.0 0.0 0.0 0.0 0.0 0.544801
Person 0.0 0 0.0 80.668945 0.000000 128.276367 83.649902 0.0 0.0 0.0 0.0 0.0 0.0 0.0 0.655777
Person 0.0 0 0.0 104.575195 0.000000 147.377930 73.696289 0.0 0.0 0.0 0.0 0.0 0.0 0.0 0.687630
Person 0.0 0 0.0 242.812500 99.140625 385.312500 384.697266 0.0 0.0 0.0 0.0 0.0 0.0 0.0 0.734120
Person 0.0 0 0.0 1437.275391 0.000000 1519.599609 169.936523 0.0 0.0 0.0 0.0 0.0 0.0 0.0 0.777300
Person 0.0 0 0.0 1178.437500 5.009766 1287.187500 299.003906 0.0 0.0 0.0 0.0 0.0 0.0 0.0 0.832781
Person 0.0 0 0.0 1262.138672 0.000000 1329.111328 234.536133 0.0 0.0 0.0 0.0 0.0 0.0 0.0 0.836555
Person 0.0 0 0.0 194.194336 0.000000 247.368164 144.096680 0.0 0.0 0.0 0.0 0.0 0.0 0.0 0.870157
Person 0.0 0 0.0 234.726562 409.877930 458.554688 714.418945 0.0 0.0 0.0 0.0 0.0 0.0 0.0 0.890675
Person 0.0 0 0.0 28.564453 121.025391 113.701172 284.238281 0.0 0.0 0.0 0.0 0.0 0.0 0.0 0.924688
Person 0.0 0 0.0 1300.136719 0.000000 1392.363281 288.720703 0.0 0.0 0.0 0.0 0.0 0.0 0.0 0.929184
Person 0.0 0 0.0 161.542969 131.374512 291.503906 364.328613 0.0 0.0 0.0 0.0 0.0 0.0 0.0 0.955651
