Person 0.0 0 0.0 202.851562 350.288086 442.617188 659.047852 0.0 0.0 0.0 0.0 0.0 0.0 0.0 0.303216
Person 0.0 0 0.0 44.970703 94.526367 119.677734 257.475586 0.0 0.0 0.0 0.0 0.0 0.0 0.0 0.342462
Person 0.0 0 0.0 199.277344 349.497070 345.410156 659.311523 0.0 0.0 0.0 0.0 0.0 0.0 0.0 0.397938
Person 0.0 0 0.0 380.449219 0.000000 444.550781 115.257568 0.0 0.0 0.0 0.0 0.0 0.0 0.0 0.430147
Person 0.0 0 0.0 435.703125 967.247314 690.234375 1076.737061 0.0 0.0 0.0 0.0 0.0 0.0 0.0 0.554470
Person 0.0 0 0.0 36.826172 37.705078 112.236328 196.040039 0.0 0.0 0.0 0.0 0.0 0.0 0.0 0.555435
Person 0.0 0 0.0 78.955078 0.000000 126.474609 82.034912 0.0 0.0 0.0 0.0 0.0 0.0 0.0 0.562177
Person 0.0 0 0.0 104.355469 0.000000 148.066406 75.377197 0.0 0.0 0.0 0.0 0.0 0.0 0.0 0.595493
Person 0.0 0 0.0 1445.595703 0.000000 1526.279297 168.090820 0.0 0.0 0.0 0.0 0.0 0.0 0.0 0.739422
Person 0.0 0 0.0 225.322266 68.093262 309.521484 318.977051 0.0 0.0 0.0 0.0 0.0 0.0 0.0 0.795658
Person 0.0 0 0.0 1263.398438 0.000000 1329.726562 232.756348 0.0 0.0 0.0 0.0 0.0 0.0 0.0 0.831691
Person 0.0 0 0.0 233.906250 407.504883 446.718750 714.682617 0.0 0.0 0.0 0.0 0.0 0.0 0.0 0.910227
Person 0.0 0 0.0 1320.878906 0.000000 1450.371094 283.710938 0.0 0.0 0.0 0.0 0.0 0.0 0.0 0.913677
Person 0.0 0 0.0 263.964844 96.240234 402.128906 377.578125 0.0 0.0 0.0 0.0 0.0 0.0 0.0 0.928409
Person 0.0 0 0.0 33.779297 115.158691 116.103516 301.706543 0.0 0.0 0.0 0.0 0.0 0.0 0.0 0.941007
Person 0.0 0 0.0 1172.753906 9.360352 1292.871094 303.881836 0.0 0.0 0.0 0.0 0.0 0.0 0.0 0.944791
Person 0.0 0 0.0 332.285156 1.120605 437.871094 195.183105 0.0 0.0 0.0 0.0 0.0 0.0 0.0 0.958070
Person 0.0 0 0.0 156.503906 136.779785 285.058594 379.489746 0.0 0.0 0.0 0.0 0.0 0.0 0.0 0.959459
