Person 0.0 0 0.0 40.634766 87.934570 119.794922 257.739258 0.0 0.0 0.0 0.0 0.0 0.0 0.0 0.371137
Person 0.0 0 0.0 196.757812 348.574219 345.585938 663.398438 0.0 0.0 0.0 0.0 0.0 0.0 0.0 0.383988
Person 0.0 0 0.0 37.763672 38.825684 112.470703 212.453613 0.0 0.0 0.0 0.0 0.0 0.0 0.0 0.433022
Person 0.0 0 0.0 437.460938 973.015137 687.539062 1077.297363 0.0 0.0 0.0 0.0 0.0 0.0 0.0 0.553505
Person 0.0 0 0.0 84.770508 0.065918 128.393555 84.111328 0.0 0.0 0.0 0.0 0.0 0.0 0.0 0.598312
Person 0.0 0 0.0 1242.773438 0.000000 1335.351562 233.151855 0.0 0.0 0.0 0.0 0.0 0.0 0.0 0.619701
Person 0.0 0 0.0 103.872070 0.000000 148.081055 74.388428 0.0 0.0 0.0 0.0 0.0 0.0 0.0 0.715424
Person 0.0 0 0.0 226.962891 66.708984 309.755859 318.779297 0.0 0.0 0.0 0.0 0.0 0.0 0.0 0.775265
Person 0.0 0 0.0 1444.628906 0.000000 1521.621094 166.508789 0.0 0.0 0.0 0.0 0.0 0.0 0.0 0.800692
Person 0.0 0 0.0 1320.761719 0.000000 1441.113281 283.579102 0.0 0.0 0.0 0.0 0.0 0.0 0.0 0.867485
Person 0.0 0 0.0 1174.863281 11.337891 1302.011719 300.849609 0.0 0.0 0.0 0.0 0.0 0.0 0.0 0.872782
Person 0.0 0 0.0 227.402344 407.109375 446.191406 715.078125 0.0 0.0 0.0 0.0 0.0 0.0 0.0 0.875361
Person 0.0 0 0.0 264.082031 96.108398 402.011719 377.973633 0.0 0.0 0.0 0.0 0.0 0.0 0.0 0.936981
Person 0.0 0 0.0 338.232422 1.845703 433.798828 202.236328 0.0 0.0 0.0 0.0 0.0 0.0 0.0 0.939913
Person 0.0 0 0.0 157.558594 134.934082 284.003906 381.335449 0.0 0.0 0.0 0.0 0.0 0.0 0.0 0.951863
Person 0.0 0 0.0 35.126953 115.751953 113.701172 301.376953 0.0 0.0 0.0 0.0 0.0 0.0 0.0 0.955152
