Person 0.0 0 0.0 258.837891 47.131348 324.287109 192.678223 0.0 0.0 0.0 0.0 0.0 0.0 0.0 0.364778
Person 0.0 0 0.0 1372.265625 0.000000 1494.609375 142.646484 0.0 0.0 0.0 0.0 0.0 0.0 0.0 0.387690
Person 0.0 0 0.0 143.862305 0.000000 197.856445 84.177246 0.0 0.0 0.0 0.0 0.0 0.0 0.0 0.444565
Person 0.0 0 0.0 258.046875 48.251953 341.484375 304.013672 0.0 0.0 0.0 0.0 0.0 0.0 0.0 0.450359
Person 0.0 0 0.0 41.660156 46.669922 107.988281 188.657227 0.0 0.0 0.0 0.0 0.0 0.0 0.0 0.465873
Person 0.0 0 0.0 389.882812 975.717773 632.929688 1076.704102 0.0 0.0 0.0 0.0 0.0 0.0 0.0 0.507812
Person 0.0 0 0.0 497.255859 0.000000 549.931641 138.295898 0.0 0.0 0.0 0.0 0.0 0.0 0.0 0.633410
Person 0.0 0 0.0 1361.103516 0.000000 1457.021484 173.759766 0.0 0.0 0.0 0.0 0.0 0.0 0.0 0.661048
Person 0.0 0 0.0 32.021484 14.139404 59.970703 86.055908 0.0 0.0 0.0 0.0 0.0 0.0 0.0 0.695958
Person 0.0 0 0.0 302.578125 110.214844 460.546875 387.070312 0.0 0.0 0.0 0.0 0.0 0.0 0.0 0.773901
Person 0.0 0 0.0 1480.722656 0.329590 1564.277344 179.626465 0.0 0.0 0.0 0.0 0.0 0.0 0.0 0.775265
Person 0.0 0 0.0 441.035156 0.000000 519.902344 161.762695 0.0 0.0 0.0 0.0 0.0 0.0 0.0 0.838680
Person 0.0 0 0.0 1067.021484 0.988770 1147.353516 235.920410 0.0 0.0 0.0 0.0 0.0 0.0 0.0 0.841305
Person 0.0 0 0.0 213.046875 351.210938 416.484375 669.726562 0.0 0.0 0.0 0.0 0.0 0.0 0.0 0.893309
Person 0.0 0 0.0 39.814453 89.384766 127.060547 266.308594 0.0 0.0 0.0 0.0 0.0 0.0 0.0 0.913984
Person 0.0 0 0.0 403.974609 0.263672 506.337891 231.372070 0.0 0.0 0.0 0.0 0.0 0.0 0.0 0.939471
Person 0.0 0 0.0 765.966797 0.000000 876.533203 272.768555 0.0 0.0 0.0 0.0 0.0 0.0 0.0 0.943348
Person 0.0 0 0.0 338.613281 307.309570 499.980469 658.784180 0.0 0.0 0.0 0.0 0.0 0.0 0.0 0.957118
Person 0.0 0 0.0 211.992188 131.044922 350.976562 418.447266 0.0 0.0 0.0 0.0 0.0 0.0 0.0 0.958538
Person 0.0 0 0.0 823.359375 557.797852 1044.140625 991.538086 0.0 0.0 0.0 0.0 0.0 0.0 0.0 0.961965
