Person 0.0 0 0.0 247.236328 23.071289 311.982422 141.328125 0.0 0.0 0.0 0.0 0.0 0.0 0.0 0.369315
Person 0.0 0 0.0 239.121094 0.263672 289.628906 105.270996 0.0 0.0 0.0 0.0 0.0 0.0 0.0 0.408277
Person 0.0 0 0.0 1834.365234 152.270508 1918.000000 379.028320 0.0 0.0 0.0 0.0 0.0 0.0 0.0 0.428233
Person 0.0 0 0.0 36.694336 15.424805 65.083008 83.122559 0.0 0.0 0.0 0.0 0.0 0.0 0.0 0.492188
Person 0.0 0 0.0 377.578125 937.023926 642.421875 1076.374512 0.0 0.0 0.0 0.0 0.0 0.0 0.0 0.584153
Person 0.0 0 0.0 1438.125000 0.131836 1522.500000 170.595703 0.0 0.0 0.0 0.0 0.0 0.0 0.0 0.704973
Person 0.0 0 0.0 15.937500 2.010498 42.832031 89.417725 0.0 0.0 0.0 0.0 0.0 0.0 0.0 0.712232
Person 0.0 0 0.0 410.595703 0.000000 474.873047 129.528809 0.0 0.0 0.0 0.0 0.0 0.0 0.0 0.733356
Person 0.0 0 0.0 210.000000 350.024414 382.968750 662.475586 0.0 0.0 0.0 0.0 0.0 0.0 0.0 0.746878
Person 0.0 0 0.0 468.310547 0.000000 568.564453 200.654297 0.0 0.0 0.0 0.0 0.0 0.0 0.0 0.784649
Person 0.0 0 0.0 1262.314453 0.000000 1336.435547 235.195312 0.0 0.0 0.0 0.0 0.0 0.0 0.0 0.844922
Person 0.0 0 0.0 244.218750 103.227539 386.718750 381.401367 0.0 0.0 0.0 0.0 0.0 0.0 0.0 0.884838
Person 0.0 0 0.0 34.248047 44.428711 106.728516 221.088867 0.0 0.0 0.0 0.0 0.0 0.0 0.0 0.904313
Person 0.0 0 0.0 1300.957031 0.000000 1399.042969 288.852539 0.0 0.0 0.0 0.0 0.0 0.0 0.0 0.931711
Person 0.0 0 0.0 149.179688 6.394043 220.195312 153.918457 0.0 0.0 0.0 0.0 0.0 0.0 0.0 0.932699
Person 0.0 0 0.0 288.105469 381.137695 482.519531 721.010742 0.0 0.0 0.0 0.0 0.0 0.0 0.0 0.936518
Person 0.0 0 0.0 340.634766 3.098145 429.521484 180.021973 0.0 0.0 0.0 0.0 0.0 0.0 0.0 0.943764
Person 0.0 0 0.0 168.750000 127.221680 290.859375 367.954102 0.0 0.0 0.0 0.0 0.0 0.0 0.0 0.957437
Person 0.0 0 0.0 1169.472656 6.328125 1294.277344 291.093750 0.0 0.0 0.0 0.0 0.0 0.0 0.0 0.959762
