Person 0.0 0 0.0 234.550781 67.730713 307.324219 162.322998 0.0 0.0 0.0 0.0 0.0 0.0 0.0 0.329392
Person 0.0 0 0.0 1860.615234 219.177246 1918.000000 403.615723 0.0 0.0 0.0 0.0 0.0 0.0 0.0 0.345989
Person 0.0 0 0.0 205.195312 353.320312 367.148438 662.871094 0.0 0.0 0.0 0.0 0.0 0.0 0.0 0.358465
Person 0.0 0 0.0 194.472656 78.376465 257.871094 247.785645 0.0 0.0 0.0 0.0 0.0 0.0 0.0 0.381220
Person 0.0 0 0.0 193.989258 78.640137 248.276367 188.327637 0.0 0.0 0.0 0.0 0.0 0.0 0.0 0.383988
Person 0.0 0 0.0 34.570312 12.985840 65.097656 84.243164 0.0 0.0 0.0 0.0 0.0 0.0 0.0 0.438785
Person 0.0 0 0.0 273.251953 0.000000 330.498047 74.948730 0.0 0.0 0.0 0.0 0.0 0.0 0.0 0.565059
Person 0.0 0 0.0 15.476074 1.450195 43.967285 92.021484 0.0 0.0 0.0 0.0 0.0 0.0 0.0 0.572723
Person 0.0 0 0.0 379.218750 939.067383 640.781250 1075.385742 0.0 0.0 0.0 0.0 0.0 0.0 0.0 0.605799
Person 0.0 0 0.0 355.810547 0.000000 446.689453 122.409668 0.0 0.0 0.0 0.0 0.0 0.0 0.0 0.680029
Person 0.0 0 0.0 1437.978516 0.000000 1522.646484 170.727539 0.0 0.0 0.0 0.0 0.0 0.0 0.0 0.743913
Person 0.0 0 0.0 1262.929688 0.000000 1335.820312 234.272461 0.0 0.0 0.0 0.0 0.0 0.0 0.0 0.845942
Person 0.0 0 0.0 33.339844 47.395020 107.050781 211.662598 0.0 0.0 0.0 0.0 0.0 0.0 0.0 0.889912
Person 0.0 0 0.0 238.183594 103.623047 385.722656 387.597656 0.0 0.0 0.0 0.0 0.0 0.0 0.0 0.898053
Person 0.0 0 0.0 150.585938 6.855469 202.851562 126.760254 0.0 0.0 0.0 0.0 0.0 0.0 0.0 0.915507
Person 0.0 0 0.0 244.160156 388.125000 482.871094 698.203125 0.0 0.0 0.0 0.0 0.0 0.0 0.0 0.932453
Person 0.0 0 0.0 1301.132812 0.000000 1398.867188 288.984375 0.0 0.0 0.0 0.0 0.0 0.0 0.0 0.936518
Person 0.0 0 0.0 168.398438 128.408203 291.210938 366.767578 0.0 0.0 0.0 0.0 0.0 0.0 0.0 0.939025
Person 0.0 0 0.0 1170.292969 6.723633 1299.082031 291.489258 0.0 0.0 0.0 0.0 0.0 0.0 0.0 0.955981
