Person 0.0 0 0.0 1424.047852 0.000000 1465.327148 83.880615 0.0 0.0 0.0 0.0 0.0 0.0 0.0 0.342022
Person 0.0 0 0.0 196.816406 355.297852 361.933594 666.166992 0.0 0.0 0.0 0.0 0.0 0.0 0.0 0.349977
Person 0.0 0 0.0 200.039062 356.220703 455.273438 675.263672 0.0 0.0 0.0 0.0 0.0 0.0 0.0 0.396068
Person 0.0 0 0.0 37.119141 91.230469 116.279297 259.453125 0.0 0.0 0.0 0.0 0.0 0.0 0.0 0.455199
Person 0.0 0 0.0 36.298828 39.484863 111.123047 192.546387 0.0 0.0 0.0 0.0 0.0 0.0 0.0 0.479504
Person 0.0 0 0.0 82.807617 0.000000 128.364258 83.254395 0.0 0.0 0.0 0.0 0.0 0.0 0.0 0.505859
Person 0.0 0 0.0 360.000000 977.200928 601.875000 1077.330322 0.0 0.0 0.0 0.0 0.0 0.0 0.0 0.566978
Person 0.0 0 0.0 104.780273 0.000000 147.641602 75.014648 0.0 0.0 0.0 0.0 0.0 0.0 0.0 0.611382
Person 0.0 0 0.0 233.115234 59.589844 307.822266 316.406250 0.0 0.0 0.0 0.0 0.0 0.0 0.0 0.745398
Person 0.0 0 0.0 1439.238281 0.131836 1523.261719 170.068359 0.0 0.0 0.0 0.0 0.0 0.0 0.0 0.836020
Person 0.0 0 0.0 1264.658203 0.000000 1334.091797 235.458984 0.0 0.0 0.0 0.0 0.0 0.0 0.0 0.840783
Person 0.0 0 0.0 192.451172 0.000000 243.720703 143.635254 0.0 0.0 0.0 0.0 0.0 0.0 0.0 0.858719
Person 0.0 0 0.0 236.660156 410.273438 458.964844 715.078125 0.0 0.0 0.0 0.0 0.0 0.0 0.0 0.878314
Person 0.0 0 0.0 1172.636719 2.504883 1292.988281 298.344727 0.0 0.0 0.0 0.0 0.0 0.0 0.0 0.927363
Person 0.0 0 0.0 1300.283203 0.000000 1397.841797 288.720703 0.0 0.0 0.0 0.0 0.0 0.0 0.0 0.934872
Person 0.0 0 0.0 28.857422 118.916016 110.712891 284.238281 0.0 0.0 0.0 0.0 0.0 0.0 0.0 0.942082
Person 0.0 0 0.0 1719.111328 54.645996 1811.513672 281.535645 0.0 0.0 0.0 0.0 0.0 0.0 0.0 0.949669
Person 0.0 0 0.0 163.300781 129.924316 291.386719 364.460449 0.0 0.0 0.0 0.0 0.0 0.0 0.0 0.950411
Person 0.0 0 0.0 271.757812 96.108398 394.335938 374.809570 0.0 0.0 0.0 0.0 0.0 0.0 0.0 0.951863
