Person 0.0 0 0.0 1226.162109 0.263672 1336.962891 234.272461 0.0 0.0 0.0 0.0 0.0 0.0 0.0 0.369315
Person 0.0 0 0.0 1200.585938 0.461426 1336.289062 231.569824 0.0 0.0 0.0 0.0 0.0 0.0 0.0 0.378459
Person 0.0 0 0.0 305.844727 0.000000 362.124023 113.345947 0.0 0.0 0.0 0.0 0.0 0.0 0.0 0.386763
Person 0.0 0 0.0 274.570312 4.020996 354.492188 152.863770 0.0 0.0 0.0 0.0 0.0 0.0 0.0 0.391406
Person 0.0 0 0.0 57.246094 118.454590 118.183594 258.596191 0.0 0.0 0.0 0.0 0.0 0.0 0.0 0.397003
Person 0.0 0 0.0 232.470703 7.910156 276.591797 121.157227 0.0 0.0 0.0 0.0 0.0 0.0 0.0 0.413004
Person 0.0 0 0.0 198.867188 349.365234 341.601562 665.244141 0.0 0.0 0.0 0.0 0.0 0.0 0.0 0.446495
Person 0.0 0 0.0 432.656250 977.991943 724.218750 1076.539307 0.0 0.0 0.0 0.0 0.0 0.0 0.0 0.534127
Person 0.0 0 0.0 82.280273 0.000000 129.360352 83.089600 0.0 0.0 0.0 0.0 0.0 0.0 0.0 0.547706
Person 0.0 0 0.0 37.119141 38.957520 108.662109 186.745605 0.0 0.0 0.0 0.0 0.0 0.0 0.0 0.610453
Person 0.0 0 0.0 103.593750 0.000000 148.828125 73.927002 0.0 0.0 0.0 0.0 0.0 0.0 0.0 0.633410
Person 0.0 0 0.0 1446.445312 0.197754 1523.554688 167.893066 0.0 0.0 0.0 0.0 0.0 0.0 0.0 0.722527
Person 0.0 0 0.0 1305.761719 0.000000 1416.738281 286.743164 0.0 0.0 0.0 0.0 0.0 0.0 0.0 0.900179
Person 0.0 0 0.0 147.011719 145.942383 271.347656 385.356445 0.0 0.0 0.0 0.0 0.0 0.0 0.0 0.900879
Person 0.0 0 0.0 259.746094 100.063477 400.253906 377.973633 0.0 0.0 0.0 0.0 0.0 0.0 0.0 0.911495
Person 0.0 0 0.0 213.046875 421.083984 456.796875 727.470703 0.0 0.0 0.0 0.0 0.0 0.0 0.0 0.911810
Person 0.0 0 0.0 1166.894531 11.337891 1293.105469 300.585938 0.0 0.0 0.0 0.0 0.0 0.0 0.0 0.915507
Person 0.0 0 0.0 19.599609 124.848633 109.658203 290.434570 0.0 0.0 0.0 0.0 0.0 0.0 0.0 0.939471
Person 0.0 0 0.0 1701.035156 162.290039 1829.589844 429.916992 0.0 0.0 0.0 0.0 0.0 0.0 0.0 0.946990
Person 0.0 0 0.0 1735.312500 17.204590 1817.812500 209.289551 0.0 0.0 0.0 0.0 0.0 0.0 0.0 0.949482
