Person 0.0 0 0.0 1262.050781 0.197754 1340.449219 230.646973 0.0 0.0 0.0 0.0 0.0 0.0 0.0 0.320821
Person 0.0 0 0.0 197.285156 349.892578 384.902344 662.080078 0.0 0.0 0.0 0.0 0.0 0.0 0.0 0.322526
Person 0.0 0 0.0 61.669922 105.732422 120.439453 257.343750 0.0 0.0 0.0 0.0 0.0 0.0 0.0 0.333720
Person 0.0 0 0.0 1232.607422 0.164795 1338.017578 102.073975 0.0 0.0 0.0 0.0 0.0 0.0 0.0 0.334155
Person 0.0 0 0.0 39.052734 91.757812 119.853516 257.343750 0.0 0.0 0.0 0.0 0.0 0.0 0.0 0.372962
Person 0.0 0 0.0 197.636719 348.837891 356.425781 663.134766 0.0 0.0 0.0 0.0 0.0 0.0 0.0 0.409221
Person 0.0 0 0.0 36.328125 40.144043 110.859375 189.909668 0.0 0.0 0.0 0.0 0.0 0.0 0.0 0.475605
Person 0.0 0 0.0 430.195312 965.830078 691.054688 1077.099609 0.0 0.0 0.0 0.0 0.0 0.0 0.0 0.561215
Person 0.0 0 0.0 81.840820 0.065918 125.112305 85.891113 0.0 0.0 0.0 0.0 0.0 0.0 0.0 0.651355
Person 0.0 0 0.0 226.406250 72.180176 309.375000 319.372559 0.0 0.0 0.0 0.0 0.0 0.0 0.0 0.685107
Person 0.0 0 0.0 1438.330078 0.000000 1539.169922 156.950684 0.0 0.0 0.0 0.0 0.0 0.0 0.0 0.723309
Person 0.0 0 0.0 1387.968750 0.000000 1460.156250 180.681152 0.0 0.0 0.0 0.0 0.0 0.0 0.0 0.808067
Person 0.0 0 0.0 244.980469 404.340820 445.957031 715.737305 0.0 0.0 0.0 0.0 0.0 0.0 0.0 0.810479
Person 0.0 0 0.0 106.552734 11.271973 174.931641 149.699707 0.0 0.0 0.0 0.0 0.0 0.0 0.0 0.884838
Person 0.0 0 0.0 1298.173828 0.000000 1401.826172 290.302734 0.0 0.0 0.0 0.0 0.0 0.0 0.0 0.922761
Person 0.0 0 0.0 1180.019531 10.942383 1309.980469 298.608398 0.0 0.0 0.0 0.0 0.0 0.0 0.0 0.931463
Person 0.0 0 0.0 31.962891 119.509277 110.068359 301.311035 0.0 0.0 0.0 0.0 0.0 0.0 0.0 0.940134
Person 0.0 0 0.0 264.199219 96.108398 401.894531 377.973633 0.0 0.0 0.0 0.0 0.0 0.0 0.0 0.941007
Person 0.0 0 0.0 157.675781 137.900391 285.292969 382.587891 0.0 0.0 0.0 0.0 0.0 0.0 0.0 0.952397
Person 0.0 0 0.0 1586.718750 96.306152 1743.281250 360.373535 0.0 0.0 0.0 0.0 0.0 0.0 0.0 0.958847
