Person 0.0 0 0.0 192.890625 357.407227 413.671875 666.166992 0.0 0.0 0.0 0.0 0.0 0.0 0.0 0.331552
Person 0.0 0 0.0 1227.011719 0.659180 1339.863281 236.777344 0.0 0.0 0.0 0.0 0.0 0.0 0.0 0.370225
Person 0.0 0 0.0 36.796875 89.912109 119.414062 257.343750 0.0 0.0 0.0 0.0 0.0 0.0 0.0 0.374791
Person 0.0 0 0.0 192.246094 356.484375 362.753906 665.507812 0.0 0.0 0.0 0.0 0.0 0.0 0.0 0.398875
Person 0.0 0 0.0 1227.421875 0.000000 1339.453125 237.502441 0.0 0.0 0.0 0.0 0.0 0.0 0.0 0.447460
Person 0.0 0 0.0 37.470703 40.275879 114.169922 213.244629 0.0 0.0 0.0 0.0 0.0 0.0 0.0 0.472683
Person 0.0 0 0.0 492.509766 0.000000 559.365234 116.444092 0.0 0.0 0.0 0.0 0.0 0.0 0.0 0.494141
Person 0.0 0 0.0 427.148438 974.465332 680.039062 1076.901855 0.0 0.0 0.0 0.0 0.0 0.0 0.0 0.553505
Person 0.0 0 0.0 81.210938 0.098877 126.093750 82.496338 0.0 0.0 0.0 0.0 0.0 0.0 0.0 0.567937
Person 0.0 0 0.0 107.255859 0.000000 148.916016 75.080566 0.0 0.0 0.0 0.0 0.0 0.0 0.0 0.600188
Person 0.0 0 0.0 227.197266 71.389160 310.927734 320.163574 0.0 0.0 0.0 0.0 0.0 0.0 0.0 0.695131
Person 0.0 0 0.0 1412.695312 0.000000 1506.679688 199.599609 0.0 0.0 0.0 0.0 0.0 0.0 0.0 0.832237
Person 0.0 0 0.0 136.113281 0.659180 203.730469 145.810547 0.0 0.0 0.0 0.0 0.0 0.0 0.0 0.871912
Person 0.0 0 0.0 230.332031 398.276367 446.542969 714.418945 0.0 0.0 0.0 0.0 0.0 0.0 0.0 0.900179
Person 0.0 0 0.0 264.550781 95.976562 402.480469 377.841797 0.0 0.0 0.0 0.0 0.0 0.0 0.0 0.916110
Person 0.0 0 0.0 1170.351562 10.283203 1310.273438 299.003906 0.0 0.0 0.0 0.0 0.0 0.0 0.0 0.927626
Person 0.0 0 0.0 1300.810547 0.000000 1401.064453 289.511719 0.0 0.0 0.0 0.0 0.0 0.0 0.0 0.932699
Person 0.0 0 0.0 31.757812 119.443359 113.789062 301.376953 0.0 0.0 0.0 0.0 0.0 0.0 0.0 0.949482
Person 0.0 0 0.0 1745.683594 124.782715 1874.941406 374.348145 0.0 0.0 0.0 0.0 0.0 0.0 0.0 0.950041
Person 0.0 0 0.0 159.785156 134.011230 284.824219 382.258301 0.0 0.0 0.0 0.0 0.0 0.0 0.0 0.957437
