Person 0.0 0 0.0 238.476562 64.270020 309.492188 155.500488 0.0 0.0 0.0 0.0 0.0 0.0 0.0 0.332852
Person 0.0 0 0.0 204.140625 353.847656 367.265625 662.871094 0.0 0.0 0.0 0.0 0.0 0.0 0.0 0.342902
Person 0.0 0 0.0 204.843750 354.243164 456.093750 681.987305 0.0 0.0 0.0 0.0 0.0 0.0 0.0 0.366590
Person 0.0 0 0.0 288.867188 0.000000 337.851562 72.081299 0.0 0.0 0.0 0.0 0.0 0.0 0.0 0.404507
Person 0.0 0 0.0 160.869141 83.518066 262.646484 266.374512 0.0 0.0 0.0 0.0 0.0 0.0 0.0 0.414899
Person 0.0 0 0.0 159.902344 83.847656 243.457031 177.583008 0.0 0.0 0.0 0.0 0.0 0.0 0.0 0.441673
Person 0.0 0 0.0 311.337891 0.000000 386.162109 120.366211 0.0 0.0 0.0 0.0 0.0 0.0 0.0 0.463930
Person 0.0 0 0.0 34.160156 17.649536 62.871094 83.995972 0.0 0.0 0.0 0.0 0.0 0.0 0.0 0.548674
Person 0.0 0 0.0 377.343750 937.617188 643.593750 1076.835938 0.0 0.0 0.0 0.0 0.0 0.0 0.0 0.572723
Person 0.0 0 0.0 14.824219 2.471924 40.019531 97.723389 0.0 0.0 0.0 0.0 0.0 0.0 0.0 0.701713
Person 0.0 0 0.0 1438.125000 0.131836 1522.500000 170.595703 0.0 0.0 0.0 0.0 0.0 0.0 0.0 0.754915
Person 0.0 0 0.0 1263.398438 0.000000 1333.476562 233.613281 0.0 0.0 0.0 0.0 0.0 0.0 0.0 0.841305
Person 0.0 0 0.0 34.101562 49.372559 106.054688 211.662598 0.0 0.0 0.0 0.0 0.0 0.0 0.0 0.854399
Person 0.0 0 0.0 244.746094 102.963867 386.191406 387.729492 0.0 0.0 0.0 0.0 0.0 0.0 0.0 0.863852
Person 0.0 0 0.0 241.054688 389.179688 483.164062 698.203125 0.0 0.0 0.0 0.0 0.0 0.0 0.0 0.896614
Person 0.0 0 0.0 152.548828 8.206787 203.935547 102.930908 0.0 0.0 0.0 0.0 0.0 0.0 0.0 0.900530
Person 0.0 0 0.0 1301.132812 0.000000 1398.867188 288.852539 0.0 0.0 0.0 0.0 0.0 0.0 0.0 0.934634
Person 0.0 0 0.0 1170.058594 7.250977 1297.441406 291.489258 0.0 0.0 0.0 0.0 0.0 0.0 0.0 0.949669
Person 0.0 0 0.0 165.761719 126.166992 291.269531 366.635742 0.0 0.0 0.0 0.0 0.0 0.0 0.0 0.953622
