Person 0.0 0 0.0 1368.398438 0.000000 1475.976562 144.096680 0.0 0.0 0.0 0.0 0.0 0.0 0.0 0.362066
Person 0.0 0 0.0 258.281250 49.965820 342.187500 302.563477 0.0 0.0 0.0 0.0 0.0 0.0 0.0 0.374791
Person 0.0 0 0.0 258.222656 51.943359 323.964844 194.721680 0.0 0.0 0.0 0.0 0.0 0.0 0.0 0.424412
Person 0.0 0 0.0 42.099609 41.330566 107.314453 188.723145 0.0 0.0 0.0 0.0 0.0 0.0 0.0 0.442636
Person 0.0 0 0.0 143.364258 0.000000 197.651367 84.276123 0.0 0.0 0.0 0.0 0.0 0.0 0.0 0.452294
Person 0.0 0 0.0 24.931641 19.346924 55.107422 95.811768 0.0 0.0 0.0 0.0 0.0 0.0 0.0 0.455199
Person 0.0 0 0.0 387.949219 973.905029 624.550781 1077.462158 0.0 0.0 0.0 0.0 0.0 0.0 0.0 0.484380
Person 0.0 0 0.0 1361.250000 0.000000 1483.125000 173.496094 0.0 0.0 0.0 0.0 0.0 0.0 0.0 0.613237
Person 0.0 0 0.0 495.512695 0.000000 550.737305 139.482422 0.0 0.0 0.0 0.0 0.0 0.0 0.0 0.687630
Person 0.0 0 0.0 1480.019531 0.197754 1563.105469 179.099121 0.0 0.0 0.0 0.0 0.0 0.0 0.0 0.743913
Person 0.0 0 0.0 304.511719 109.687500 457.675781 391.289062 0.0 0.0 0.0 0.0 0.0 0.0 0.0 0.800692
Person 0.0 0 0.0 1064.677734 0.329590 1145.947266 236.184082 0.0 0.0 0.0 0.0 0.0 0.0 0.0 0.815820
Person 0.0 0 0.0 212.695312 362.548828 421.523438 683.173828 0.0 0.0 0.0 0.0 0.0 0.0 0.0 0.823896
Person 0.0 0 0.0 436.406250 0.000000 521.250000 168.618164 0.0 0.0 0.0 0.0 0.0 0.0 0.0 0.862930
Person 0.0 0 0.0 771.796875 0.000000 878.203125 273.427734 0.0 0.0 0.0 0.0 0.0 0.0 0.0 0.910863
Person 0.0 0 0.0 36.562500 91.691895 126.914062 266.374512 0.0 0.0 0.0 0.0 0.0 0.0 0.0 0.919063
Person 0.0 0 0.0 207.480469 131.572266 328.300781 416.337891 0.0 0.0 0.0 0.0 0.0 0.0 0.0 0.923592
Person 0.0 0 0.0 361.728516 0.000000 444.521484 226.625977 0.0 0.0 0.0 0.0 0.0 0.0 0.0 0.935110
Person 0.0 0 0.0 763.945312 510.996094 1009.804688 906.503906 0.0 0.0 0.0 0.0 0.0 0.0 0.0 0.952397
Person 0.0 0 0.0 324.140625 329.853516 498.984375 655.751953 0.0 0.0 0.0 0.0 0.0 0.0 0.0 0.955319
