Person 0.0 0 0.0 256.406250 43.967285 342.656250 303.815918 0.0 0.0 0.0 0.0 0.0 0.0 0.0 0.400749
Person 0.0 0 0.0 257.080078 43.901367 324.169922 187.734375 0.0 0.0 0.0 0.0 0.0 0.0 0.0 0.409221
Person 0.0 0 0.0 1373.554688 0.000000 1495.195312 142.976074 0.0 0.0 0.0 0.0 0.0 0.0 0.0 0.442636
Person 0.0 0 0.0 141.650391 0.000000 197.724609 84.078369 0.0 0.0 0.0 0.0 0.0 0.0 0.0 0.448426
Person 0.0 0 0.0 41.132812 42.978516 108.750000 188.261719 0.0 0.0 0.0 0.0 0.0 0.0 0.0 0.531209
Person 0.0 0 0.0 36.298828 6.789551 66.826172 72.641602 0.0 0.0 0.0 0.0 0.0 0.0 0.0 0.560253
Person 0.0 0 0.0 382.968750 977.728271 628.593750 1076.802979 0.0 0.0 0.0 0.0 0.0 0.0 0.0 0.562177
Person 0.0 0 0.0 500.258789 0.000000 550.678711 138.691406 0.0 0.0 0.0 0.0 0.0 0.0 0.0 0.585101
Person 0.0 0 0.0 1361.982422 0.000000 1456.142578 173.957520 0.0 0.0 0.0 0.0 0.0 0.0 0.0 0.676620
Person 0.0 0 0.0 303.164062 110.610352 459.960938 400.385742 0.0 0.0 0.0 0.0 0.0 0.0 0.0 0.680879
Person 0.0 0 0.0 447.978516 0.000000 520.458984 162.421875 0.0 0.0 0.0 0.0 0.0 0.0 0.0 0.772531
Person 0.0 0 0.0 1053.720703 1.054688 1143.779297 235.458984 0.0 0.0 0.0 0.0 0.0 0.0 0.0 0.783988
Person 0.0 0 0.0 1480.722656 0.329590 1564.277344 179.626465 0.0 0.0 0.0 0.0 0.0 0.0 0.0 0.791176
Person 0.0 0 0.0 756.269531 0.000000 861.855469 263.869629 0.0 0.0 0.0 0.0 0.0 0.0 0.0 0.903635
Person 0.0 0 0.0 205.664062 353.715820 415.898438 671.440430 0.0 0.0 0.0 0.0 0.0 0.0 0.0 0.904651
Person 0.0 0 0.0 39.726562 90.834961 127.148438 266.440430 0.0 0.0 0.0 0.0 0.0 0.0 0.0 0.913984
Person 0.0 0 0.0 906.386719 627.407227 1139.238281 989.428711 0.0 0.0 0.0 0.0 0.0 0.0 0.0 0.939248
Person 0.0 0 0.0 211.406250 131.967773 351.093750 418.579102 0.0 0.0 0.0 0.0 0.0 0.0 0.0 0.941439
Person 0.0 0 0.0 404.853516 0.000000 502.177734 235.590820 0.0 0.0 0.0 0.0 0.0 0.0 0.0 0.952750
Person 0.0 0 0.0 339.492188 310.869141 500.039062 659.443359 0.0 0.0 0.0 0.0 0.0 0.0 0.0 0.955817
