Person 0.0 0 0.0 181.259766 117.333984 284.912109 375.205078 0.0 0.0 0.0 0.0 0.0 0.0 0.0 0.316581
Person 0.0 0 0.0 258.046875 51.877441 342.421875 303.024902 0.0 0.0 0.0 0.0 0.0 0.0 0.0 0.369315
Person 0.0 0 0.0 143.964844 0.000000 197.753906 84.078369 0.0 0.0 0.0 0.0 0.0 0.0 0.0 0.437824
Person 0.0 0 0.0 257.695312 53.459473 323.554688 204.675293 0.0 0.0 0.0 0.0 0.0 0.0 0.0 0.449393
Person 0.0 0 0.0 24.916992 19.083252 56.528320 97.525635 0.0 0.0 0.0 0.0 0.0 0.0 0.0 0.461017
Person 0.0 0 0.0 42.275391 48.120117 109.365234 188.393555 0.0 0.0 0.0 0.0 0.0 0.0 0.0 0.461988
Person 0.0 0 0.0 390.000000 974.663086 641.250000 1076.704102 0.0 0.0 0.0 0.0 0.0 0.0 0.0 0.500000
Person 0.0 0 0.0 494.941406 0.000000 550.371094 139.614258 0.0 0.0 0.0 0.0 0.0 0.0 0.0 0.691810
Person 0.0 0 0.0 1360.605469 0.000000 1468.769531 173.496094 0.0 0.0 0.0 0.0 0.0 0.0 0.0 0.692642
Person 0.0 0 0.0 1480.253906 0.131836 1562.871094 179.428711 0.0 0.0 0.0 0.0 0.0 0.0 0.0 0.762778
Person 0.0 0 0.0 303.925781 110.214844 461.542969 371.250000 0.0 0.0 0.0 0.0 0.0 0.0 0.0 0.796292
Person 0.0 0 0.0 1065.058594 0.725098 1145.566406 236.184082 0.0 0.0 0.0 0.0 0.0 0.0 0.0 0.844409
Person 0.0 0 0.0 214.160156 364.394531 420.058594 681.855469 0.0 0.0 0.0 0.0 0.0 0.0 0.0 0.873647
Person 0.0 0 0.0 436.875000 0.000000 520.312500 168.618164 0.0 0.0 0.0 0.0 0.0 0.0 0.0 0.876634
Person 0.0 0 0.0 37.001953 91.230469 127.060547 266.572266 0.0 0.0 0.0 0.0 0.0 0.0 0.0 0.918187
Person 0.0 0 0.0 768.779297 0.000000 875.595703 273.427734 0.0 0.0 0.0 0.0 0.0 0.0 0.0 0.928668
Person 0.0 0 0.0 211.406250 131.044922 346.406250 420.556641 0.0 0.0 0.0 0.0 0.0 0.0 0.0 0.929184
Person 0.0 0 0.0 372.597656 1.120605 469.746094 232.624512 0.0 0.0 0.0 0.0 0.0 0.0 0.0 0.938124
Person 0.0 0 0.0 797.929688 535.913086 1027.382812 977.563477 0.0 0.0 0.0 0.0 0.0 0.0 0.0 0.950960
Person 0.0 0 0.0 333.515625 315.878906 502.265625 656.542969 0.0 0.0 0.0 0.0 0.0 0.0 0.0 0.955319
