Person 0.0 0 0.0 248.525391 62.391357 307.880859 180.054932 0.0 0.0 0.0 0.0 0.0 0.0 0.0 0.347759
Person 0.0 0 0.0 197.929688 349.892578 344.882812 665.244141 0.0 0.0 0.0 0.0 0.0 0.0 0.0 0.362066
Person 0.0 0 0.0 34.072266 97.426758 117.802734 258.266602 0.0 0.0 0.0 0.0 0.0 0.0 0.0 0.400749
Person 0.0 0 0.0 236.337891 11.733398 278.818359 91.296387 0.0 0.0 0.0 0.0 0.0 0.0 0.0 0.472683
Person 0.0 0 0.0 427.851562 979.244385 673.710938 1077.396240 0.0 0.0 0.0 0.0 0.0 0.0 0.0 0.520496
Person 0.0 0 0.0 278.759766 5.998535 352.177734 150.358887 0.0 0.0 0.0 0.0 0.0 0.0 0.0 0.534127
Person 0.0 0 0.0 37.587891 38.562012 108.427734 186.745605 0.0 0.0 0.0 0.0 0.0 0.0 0.0 0.547706
Person 0.0 0 0.0 78.955078 0.000000 126.123047 82.034912 0.0 0.0 0.0 0.0 0.0 0.0 0.0 0.557364
Person 0.0 0 0.0 103.315430 0.032959 148.637695 74.058838 0.0 0.0 0.0 0.0 0.0 0.0 0.0 0.638835
Person 0.0 0 0.0 1446.005859 0.197754 1523.994141 167.893066 0.0 0.0 0.0 0.0 0.0 0.0 0.0 0.717012
Person 0.0 0 0.0 1709.794922 0.000000 1781.455078 187.404785 0.0 0.0 0.0 0.0 0.0 0.0 0.0 0.886027
Person 0.0 0 0.0 1306.816406 0.000000 1413.808594 287.006836 0.0 0.0 0.0 0.0 0.0 0.0 0.0 0.895523
Person 0.0 0 0.0 259.746094 100.327148 400.722656 378.237305 0.0 0.0 0.0 0.0 0.0 0.0 0.0 0.895888
Person 0.0 0 0.0 1166.894531 11.469727 1293.105469 300.454102 0.0 0.0 0.0 0.0 0.0 0.0 0.0 0.920218
Person 0.0 0 0.0 214.921875 417.524414 456.796875 727.866211 0.0 0.0 0.0 0.0 0.0 0.0 0.0 0.934155
Person 0.0 0 0.0 19.013672 124.914551 109.541016 290.632324 0.0 0.0 0.0 0.0 0.0 0.0 0.0 0.934634
Person 0.0 0 0.0 1701.269531 162.290039 1829.355469 429.389648 0.0 0.0 0.0 0.0 0.0 0.0 0.0 0.942082
