Person 0.0 0 0.0 192.656250 353.188477 415.312500 675.659180 0.0 0.0 0.0 0.0 0.0 0.0 0.0 0.310694
Person 0.0 0 0.0 423.544922 0.000000 511.142578 87.572021 0.0 0.0 0.0 0.0 0.0 0.0 0.0 0.322953
Person 0.0 0 0.0 251.821289 0.000000 302.709961 58.666992 0.0 0.0 0.0 0.0 0.0 0.0 0.0 0.331552
Person 0.0 0 0.0 38.525391 89.450684 119.794922 257.805176 0.0 0.0 0.0 0.0 0.0 0.0 0.0 0.360264
Person 0.0 0 0.0 190.839844 353.320312 359.003906 676.054688 0.0 0.0 0.0 0.0 0.0 0.0 0.0 0.474631
Person 0.0 0 0.0 39.550781 39.748535 111.503906 188.723145 0.0 0.0 0.0 0.0 0.0 0.0 0.0 0.509764
Person 0.0 0 0.0 443.671875 936.430664 697.265625 1076.967773 0.0 0.0 0.0 0.0 0.0 0.0 0.0 0.574633
Person 0.0 0 0.0 81.577148 0.000000 126.899414 83.155518 0.0 0.0 0.0 0.0 0.0 0.0 0.0 0.625209
Person 0.0 0 0.0 104.707031 0.000000 148.652344 76.135254 0.0 0.0 0.0 0.0 0.0 0.0 0.0 0.657538
Person 0.0 0 0.0 1445.566406 0.065918 1528.183594 167.629395 0.0 0.0 0.0 0.0 0.0 0.0 0.0 0.738669
Person 0.0 0 0.0 223.095703 69.938965 309.873047 319.504395 0.0 0.0 0.0 0.0 0.0 0.0 0.0 0.867036
Person 0.0 0 0.0 1322.402344 0.000000 1452.597656 284.370117 0.0 0.0 0.0 0.0 0.0 0.0 0.0 0.905990
Person 0.0 0 0.0 235.019531 406.186523 446.074219 714.946289 0.0 0.0 0.0 0.0 0.0 0.0 0.0 0.918772
Person 0.0 0 0.0 1236.035156 0.000000 1327.089844 233.151855 0.0 0.0 0.0 0.0 0.0 0.0 0.0 0.920504
Person 0.0 0 0.0 265.488281 95.976562 402.011719 377.841797 0.0 0.0 0.0 0.0 0.0 0.0 0.0 0.926304
Person 0.0 0 0.0 336.474609 1.647949 437.900391 194.655762 0.0 0.0 0.0 0.0 0.0 0.0 0.0 0.940134
Person 0.0 0 0.0 33.076172 117.399902 116.337891 301.047363 0.0 0.0 0.0 0.0 0.0 0.0 0.0 0.948917
Person 0.0 0 0.0 156.152344 137.043457 284.472656 380.808105 0.0 0.0 0.0 0.0 0.0 0.0 0.0 0.952574
Person 0.0 0 0.0 1155.732422 1.450195 1249.892578 289.643555 0.0 0.0 0.0 0.0 0.0 0.0 0.0 0.961244
