Person 0.0 0 0.0 256.962891 47.658691 341.630859 301.970215 0.0 0.0 0.0 0.0 0.0 0.0 0.0 0.351756
Person 0.0 0 0.0 1368.984375 0.000000 1475.390625 144.228516 0.0 0.0 0.0 0.0 0.0 0.0 0.0 0.366590
Person 0.0 0 0.0 258.515625 48.515625 324.140625 198.149414 0.0 0.0 0.0 0.0 0.0 0.0 0.0 0.380299
Person 0.0 0 0.0 145.268555 0.000000 197.622070 84.012451 0.0 0.0 0.0 0.0 0.0 0.0 0.0 0.445530
Person 0.0 0 0.0 46.113281 42.319336 108.105469 188.525391 0.0 0.0 0.0 0.0 0.0 0.0 0.0 0.446495
Person 0.0 0 0.0 24.316406 20.039062 54.492188 94.855957 0.0 0.0 0.0 0.0 0.0 0.0 0.0 0.501953
Person 0.0 0 0.0 381.914062 982.177734 616.523438 1077.626953 0.0 0.0 0.0 0.0 0.0 0.0 0.0 0.516595
Person 0.0 0 0.0 1361.191406 0.000000 1473.808594 172.770996 0.0 0.0 0.0 0.0 0.0 0.0 0.0 0.697609
Person 0.0 0 0.0 492.656250 0.000000 550.781250 138.229980 0.0 0.0 0.0 0.0 0.0 0.0 0.0 0.717804
Person 0.0 0 0.0 1480.781250 0.131836 1564.218750 179.428711 0.0 0.0 0.0 0.0 0.0 0.0 0.0 0.739422
Person 0.0 0 0.0 1066.845703 0.527344 1147.529297 235.986328 0.0 0.0 0.0 0.0 0.0 0.0 0.0 0.808067
Person 0.0 0 0.0 208.007812 355.693359 415.429688 671.044922 0.0 0.0 0.0 0.0 0.0 0.0 0.0 0.838680
Person 0.0 0 0.0 759.843750 0.000000 863.906250 275.273438 0.0 0.0 0.0 0.0 0.0 0.0 0.0 0.870157
Person 0.0 0 0.0 436.025391 0.000000 520.224609 169.013672 0.0 0.0 0.0 0.0 0.0 0.0 0.0 0.886813
Person 0.0 0 0.0 37.265625 89.516602 126.796875 266.176758 0.0 0.0 0.0 0.0 0.0 0.0 0.0 0.895888
Person 0.0 0 0.0 346.025391 0.593262 450.849609 197.160645 0.0 0.0 0.0 0.0 0.0 0.0 0.0 0.896976
Person 0.0 0 0.0 203.847656 135.000000 328.183594 417.128906 0.0 0.0 0.0 0.0 0.0 0.0 0.0 0.901227
Person 0.0 0 0.0 309.902344 342.246094 498.222656 659.707031 0.0 0.0 0.0 0.0 0.0 0.0 0.0 0.924959
Person 0.0 0 0.0 304.628906 109.028320 457.558594 392.739258 0.0 0.0 0.0 0.0 0.0 0.0 0.0 0.927100
Person 0.0 0 0.0 671.484375 483.442383 922.265625 889.760742 0.0 0.0 0.0 0.0 0.0 0.0 0.0 0.949295
