Person 0.0 0 0.0 188.320312 350.815430 347.929688 661.157227 0.0 0.0 0.0 0.0 0.0 0.0 0.0 0.317426
Person 0.0 0 0.0 36.093750 89.516602 122.226562 255.366211 0.0 0.0 0.0 0.0 0.0 0.0 0.0 0.350421
Person 0.0 0 0.0 322.822266 0.626221 414.052734 119.937744 0.0 0.0 0.0 0.0 0.0 0.0 0.0 0.388618
Person 0.0 0 0.0 39.990234 40.539551 110.478516 207.312012 0.0 0.0 0.0 0.0 0.0 0.0 0.0 0.494141
Person 0.0 0 0.0 438.750000 965.104980 705.937500 1076.770020 0.0 0.0 0.0 0.0 0.0 0.0 0.0 0.519521
Person 0.0 0 0.0 80.888672 0.000000 128.056641 83.089600 0.0 0.0 0.0 0.0 0.0 0.0 0.0 0.596433
Person 0.0 0 0.0 103.447266 0.000000 148.505859 74.388428 0.0 0.0 0.0 0.0 0.0 0.0 0.0 0.688468
Person 0.0 0 0.0 1266.328125 0.000000 1332.421875 231.767578 0.0 0.0 0.0 0.0 0.0 0.0 0.0 0.702530
Person 0.0 0 0.0 1445.712891 0.000000 1524.287109 167.695312 0.0 0.0 0.0 0.0 0.0 0.0 0.0 0.715424
Person 0.0 0 0.0 264.609375 97.163086 403.828125 381.928711 0.0 0.0 0.0 0.0 0.0 0.0 0.0 0.786623
Person 0.0 0 0.0 227.724609 69.147949 309.462891 318.977051 0.0 0.0 0.0 0.0 0.0 0.0 0.0 0.807461
Person 0.0 0 0.0 216.445312 353.583984 445.898438 715.341797 0.0 0.0 0.0 0.0 0.0 0.0 0.0 0.841826
Person 0.0 0 0.0 322.119141 3.032227 432.099609 202.895508 0.0 0.0 0.0 0.0 0.0 0.0 0.0 0.911495
Person 0.0 0 0.0 1177.207031 12.260742 1297.792969 300.190430 0.0 0.0 0.0 0.0 0.0 0.0 0.0 0.921922
Person 0.0 0 0.0 1310.039062 0.000000 1406.835938 286.875000 0.0 0.0 0.0 0.0 0.0 0.0 0.0 0.930205
Person 0.0 0 0.0 32.460938 118.125000 116.953125 301.376953 0.0 0.0 0.0 0.0 0.0 0.0 0.0 0.933673
Person 0.0 0 0.0 157.558594 135.791016 284.707031 380.742188 0.0 0.0 0.0 0.0 0.0 0.0 0.0 0.949106
