Person 0.0 0 0.0 195.058594 352.001953 374.941406 658.388672 0.0 0.0 0.0 0.0 0.0 0.0 0.0 0.306942
Person 0.0 0 0.0 43.769531 93.669434 119.707031 257.277832 0.0 0.0 0.0 0.0 0.0 0.0 0.0 0.330687
Person 0.0 0 0.0 194.589844 351.606445 340.722656 660.366211 0.0 0.0 0.0 0.0 0.0 0.0 0.0 0.428233
Person 0.0 0 0.0 385.341797 0.000000 464.033203 90.999756 0.0 0.0 0.0 0.0 0.0 0.0 0.0 0.441673
Person 0.0 0 0.0 36.855469 39.089355 111.972656 198.742676 0.0 0.0 0.0 0.0 0.0 0.0 0.0 0.496094
Person 0.0 0 0.0 440.507812 927.399902 690.117188 1077.561035 0.0 0.0 0.0 0.0 0.0 0.0 0.0 0.515620
Person 0.0 0 0.0 79.995117 0.000000 126.254883 82.891846 0.0 0.0 0.0 0.0 0.0 0.0 0.0 0.613237
Person 0.0 0 0.0 104.003906 0.000000 148.886719 76.530762 0.0 0.0 0.0 0.0 0.0 0.0 0.0 0.627038
Person 0.0 0 0.0 224.853516 69.411621 309.521484 318.449707 0.0 0.0 0.0 0.0 0.0 0.0 0.0 0.745398
Person 0.0 0 0.0 1446.005859 0.065918 1527.744141 168.024902 0.0 0.0 0.0 0.0 0.0 0.0 0.0 0.760651
Person 0.0 0 0.0 1321.933594 0.000000 1451.191406 283.315430 0.0 0.0 0.0 0.0 0.0 0.0 0.0 0.891055
Person 0.0 0 0.0 1258.593750 0.000000 1328.906250 234.074707 0.0 0.0 0.0 0.0 0.0 0.0 0.0 0.911810
Person 0.0 0 0.0 234.433594 406.582031 446.191406 714.550781 0.0 0.0 0.0 0.0 0.0 0.0 0.0 0.921074
Person 0.0 0 0.0 264.433594 96.240234 401.660156 377.841797 0.0 0.0 0.0 0.0 0.0 0.0 0.0 0.928668
Person 0.0 0 0.0 33.779297 116.213379 115.048828 301.706543 0.0 0.0 0.0 0.0 0.0 0.0 0.0 0.940790
Person 0.0 0 0.0 1166.044922 6.591797 1275.205078 303.222656 0.0 0.0 0.0 0.0 0.0 0.0 0.0 0.950595
Person 0.0 0 0.0 156.035156 136.779785 284.589844 381.335449 0.0 0.0 0.0 0.0 0.0 0.0 0.0 0.951504
Person 0.0 0 0.0 334.013672 0.988770 438.486328 195.051270 0.0 0.0 0.0 0.0 0.0 0.0 0.0 0.955981
