Person 0.0 0 0.0 381.796875 978.881836 645.703125 1076.704102 0.0 0.0 0.0 0.0 0.0 0.0 0.0 0.397003
Person 0.0 0 0.0 256.406250 45.747070 324.375000 189.580078 0.0 0.0 0.0 0.0 0.0 0.0 0.0 0.397938
Person 0.0 0 0.0 1373.320312 0.000000 1495.429688 141.196289 0.0 0.0 0.0 0.0 0.0 0.0 0.0 0.409221
Person 0.0 0 0.0 256.933594 46.735840 344.003906 302.893066 0.0 0.0 0.0 0.0 0.0 0.0 0.0 0.412057
Person 0.0 0 0.0 142.016602 0.000000 197.358398 83.946533 0.0 0.0 0.0 0.0 0.0 0.0 0.0 0.438785
Person 0.0 0 0.0 510.190430 0.000000 551.059570 138.229980 0.0 0.0 0.0 0.0 0.0 0.0 0.0 0.465873
Person 0.0 0 0.0 39.785156 44.362793 107.402344 189.382324 0.0 0.0 0.0 0.0 0.0 0.0 0.0 0.483405
Person 0.0 0 0.0 45.600586 0.000000 82.954102 92.680664 0.0 0.0 0.0 0.0 0.0 0.0 0.0 0.500000
Person 0.0 0 0.0 1361.718750 0.000000 1456.406250 173.430176 0.0 0.0 0.0 0.0 0.0 0.0 0.0 0.651355
Person 0.0 0 0.0 457.382812 0.000000 521.367188 161.169434 0.0 0.0 0.0 0.0 0.0 0.0 0.0 0.767690
Person 0.0 0 0.0 1049.677734 0.000000 1130.947266 234.536133 0.0 0.0 0.0 0.0 0.0 0.0 0.0 0.814053
Person 0.0 0 0.0 1480.546875 0.131836 1564.453125 179.428711 0.0 0.0 0.0 0.0 0.0 0.0 0.0 0.816991
Person 0.0 0 0.0 303.925781 110.544434 461.542969 374.611816 0.0 0.0 0.0 0.0 0.0 0.0 0.0 0.842345
Person 0.0 0 0.0 820.224609 0.000000 919.775391 222.275391 0.0 0.0 0.0 0.0 0.0 0.0 0.0 0.852935
Person 0.0 0 0.0 37.441406 86.813965 126.972656 265.979004 0.0 0.0 0.0 0.0 0.0 0.0 0.0 0.874507
Person 0.0 0 0.0 205.664062 354.111328 415.898438 671.044922 0.0 0.0 0.0 0.0 0.0 0.0 0.0 0.902952
Person 0.0 0 0.0 1025.742188 690.820312 1271.132812 1068.398438 0.0 0.0 0.0 0.0 0.0 0.0 0.0 0.928149
Person 0.0 0 0.0 401.982422 0.000000 502.236328 235.261230 0.0 0.0 0.0 0.0 0.0 0.0 0.0 0.938124
Person 0.0 0 0.0 212.226562 134.077148 350.742188 419.106445 0.0 0.0 0.0 0.0 0.0 0.0 0.0 0.951323
Person 0.0 0 0.0 337.207031 314.824219 498.574219 659.707031 0.0 0.0 0.0 0.0 0.0 0.0 0.0 0.951504
