Person 0.0 0 0.0 37.001953 41.264648 82.822266 213.178711 0.0 0.0 0.0 0.0 0.0 0.0 0.0 0.319121
Person 0.0 0 0.0 201.093750 355.825195 448.593750 665.639648 0.0 0.0 0.0 0.0 0.0 0.0 0.0 0.335024
Person 0.0 0 0.0 38.349609 39.353027 112.470703 209.421387 0.0 0.0 0.0 0.0 0.0 0.0 0.0 0.350421
Person 0.0 0 0.0 38.422852 38.990479 82.045898 111.434326 0.0 0.0 0.0 0.0 0.0 0.0 0.0 0.369315
Person 0.0 0 0.0 199.980469 354.902344 357.363281 661.816406 0.0 0.0 0.0 0.0 0.0 0.0 0.0 0.394201
Person 0.0 0 0.0 1270.371094 0.000000 1334.003906 234.536133 0.0 0.0 0.0 0.0 0.0 0.0 0.0 0.411111
Person 0.0 0 0.0 364.687500 976.871338 611.250000 1076.605225 0.0 0.0 0.0 0.0 0.0 0.0 0.0 0.552540
Person 0.0 0 0.0 1228.037109 0.000000 1331.337891 234.074707 0.0 0.0 0.0 0.0 0.0 0.0 0.0 0.638835
Person 0.0 0 0.0 234.169922 63.017578 308.173828 318.779297 0.0 0.0 0.0 0.0 0.0 0.0 0.0 0.677474
Person 0.0 0 0.0 1437.597656 0.000000 1521.152344 169.738770 0.0 0.0 0.0 0.0 0.0 0.0 0.0 0.860604
Person 0.0 0 0.0 66.650391 1.087646 119.208984 99.107666 0.0 0.0 0.0 0.0 0.0 0.0 0.0 0.892937
Person 0.0 0 0.0 270.468750 96.899414 393.281250 375.073242 0.0 0.0 0.0 0.0 0.0 0.0 0.0 0.918187
Person 0.0 0 0.0 161.044922 0.461426 229.658203 151.677246 0.0 0.0 0.0 0.0 0.0 0.0 0.0 0.918772
Person 0.0 0 0.0 1172.695312 6.591797 1294.804688 298.212891 0.0 0.0 0.0 0.0 0.0 0.0 0.0 0.927100
Person 0.0 0 0.0 1301.513672 0.000000 1405.986328 288.852539 0.0 0.0 0.0 0.0 0.0 0.0 0.0 0.939692
Person 0.0 0 0.0 235.371094 413.437500 458.378906 714.023438 0.0 0.0 0.0 0.0 0.0 0.0 0.0 0.943138
Person 0.0 0 0.0 40.576172 92.416992 140.478516 283.579102 0.0 0.0 0.0 0.0 0.0 0.0 0.0 0.952220
Person 0.0 0 0.0 165.761719 130.122070 291.269531 363.735352 0.0 0.0 0.0 0.0 0.0 0.0 0.0 0.956796
