Person 0.0 0 0.0 1381.289062 0.000000 1493.085938 142.712402 0.0 0.0 0.0 0.0 0.0 0.0 0.0 0.416797
Person 0.0 0 0.0 380.156250 980.892334 636.093750 1077.857666 0.0 0.0 0.0 0.0 0.0 0.0 0.0 0.458106
Person 0.0 0 0.0 140.947266 0.000000 197.021484 84.276123 0.0 0.0 0.0 0.0 0.0 0.0 0.0 0.472683
Person 0.0 0 0.0 378.750000 0.000000 436.875000 104.183350 0.0 0.0 0.0 0.0 0.0 0.0 0.0 0.505859
Person 0.0 0 0.0 47.226562 37.902832 110.156250 188.195801 0.0 0.0 0.0 0.0 0.0 0.0 0.0 0.534127
Person 0.0 0 0.0 24.235840 19.676514 53.400879 94.625244 0.0 0.0 0.0 0.0 0.0 0.0 0.0 0.554470
Person 0.0 0 0.0 494.091797 0.000000 547.470703 136.516113 0.0 0.0 0.0 0.0 0.0 0.0 0.0 0.556400
Person 0.0 0 0.0 1371.562500 0.000000 1457.812500 172.507324 0.0 0.0 0.0 0.0 0.0 0.0 0.0 0.630685
Person 0.0 0 0.0 433.125000 0.000000 519.375000 160.839844 0.0 0.0 0.0 0.0 0.0 0.0 0.0 0.664540
Person 0.0 0 0.0 1480.634766 0.131836 1564.365234 179.428711 0.0 0.0 0.0 0.0 0.0 0.0 0.0 0.763484
Person 0.0 0 0.0 1063.535156 0.988770 1147.089844 236.447754 0.0 0.0 0.0 0.0 0.0 0.0 0.0 0.862468
Person 0.0 0 0.0 260.097656 53.129883 367.089844 299.926758 0.0 0.0 0.0 0.0 0.0 0.0 0.0 0.893309
Person 0.0 0 0.0 217.939453 131.440430 333.310547 409.086914 0.0 0.0 0.0 0.0 0.0 0.0 0.0 0.896614
Person 0.0 0 0.0 204.257812 359.516602 416.367188 671.967773 0.0 0.0 0.0 0.0 0.0 0.0 0.0 0.901227
Person 0.0 0 0.0 38.671875 90.966797 126.914062 266.044922 0.0 0.0 0.0 0.0 0.0 0.0 0.0 0.914596
Person 0.0 0 0.0 401.601562 41.264648 537.304688 313.110352 0.0 0.0 0.0 0.0 0.0 0.0 0.0 0.952397
Person 0.0 0 0.0 328.652344 335.917969 500.097656 656.542969 0.0 0.0 0.0 0.0 0.0 0.0 0.0 0.956145
Person 0.0 0 0.0 810.000000 0.922852 908.437500 291.225586 0.0 0.0 0.0 0.0 0.0 0.0 0.0 0.963092
