Person 0.0 0 0.0 196.875000 346.333008 440.156250 665.112305 0.0 0.0 0.0 0.0 0.0 0.0 0.0 0.398875
Person 0.0 0 0.0 1233.750000 0.000000 1336.875000 196.369629 0.0 0.0 0.0 0.0 0.0 0.0 0.0 0.491212
Person 0.0 0 0.0 438.046875 982.342529 679.453125 1076.407471 0.0 0.0 0.0 0.0 0.0 0.0 0.0 0.531209
Person 0.0 0 0.0 1853.027344 157.807617 1918.000000 370.063477 0.0 0.0 0.0 0.0 0.0 0.0 0.0 0.572723
Person 0.0 0 0.0 37.412109 37.705078 112.822266 187.998047 0.0 0.0 0.0 0.0 0.0 0.0 0.0 0.586996
Person 0.0 0 0.0 79.086914 0.000000 130.561523 84.638672 0.0 0.0 0.0 0.0 0.0 0.0 0.0 0.601125
Person 0.0 0 0.0 104.370117 0.000000 148.989258 74.256592 0.0 0.0 0.0 0.0 0.0 0.0 0.0 0.640636
Person 0.0 0 0.0 361.757812 0.000000 438.867188 167.761230 0.0 0.0 0.0 0.0 0.0 0.0 0.0 0.687630
Person 0.0 0 0.0 1445.419922 0.000000 1524.580078 167.695312 0.0 0.0 0.0 0.0 0.0 0.0 0.0 0.698432
Person 0.0 0 0.0 218.261719 416.469727 445.957031 715.209961 0.0 0.0 0.0 0.0 0.0 0.0 0.0 0.832781
Person 0.0 0 0.0 202.441406 73.564453 310.839844 320.888672 0.0 0.0 0.0 0.0 0.0 0.0 0.0 0.857768
Person 0.0 0 0.0 1168.300781 11.337891 1308.574219 300.585938 0.0 0.0 0.0 0.0 0.0 0.0 0.0 0.862468
Person 0.0 0 0.0 1307.724609 0.000000 1409.150391 286.479492 0.0 0.0 0.0 0.0 0.0 0.0 0.0 0.902266
Person 0.0 0 0.0 268.242188 91.625977 407.226562 377.446289 0.0 0.0 0.0 0.0 0.0 0.0 0.0 0.913984
Person 0.0 0 0.0 18.720703 124.914551 111.474609 291.687012 0.0 0.0 0.0 0.0 0.0 0.0 0.0 0.945399
Person 0.0 0 0.0 162.187500 137.900391 283.125000 379.160156 0.0 0.0 0.0 0.0 0.0 0.0 0.0 0.952042
Person 0.0 0 0.0 319.335938 5.668945 437.695312 209.882812 0.0 0.0 0.0 0.0 0.0 0.0 0.0 0.957118
