Person 0.0 0 0.0 183.046875 115.026855 276.328125 365.910645 0.0 0.0 0.0 0.0 0.0 0.0 0.0 0.310276
Person 0.0 0 0.0 180.878906 114.499512 224.589844 210.607910 0.0 0.0 0.0 0.0 0.0 0.0 0.0 0.326379
Person 0.0 0 0.0 376.640625 979.837646 629.296875 1077.857666 0.0 0.0 0.0 0.0 0.0 0.0 0.0 0.411111
Person 0.0 0 0.0 146.396484 0.000000 197.197266 84.276123 0.0 0.0 0.0 0.0 0.0 0.0 0.0 0.493164
Person 0.0 0 0.0 492.905273 0.000000 546.782227 137.307129 0.0 0.0 0.0 0.0 0.0 0.0 0.0 0.566019
Person 0.0 0 0.0 46.464844 38.298340 109.160156 188.195801 0.0 0.0 0.0 0.0 0.0 0.0 0.0 0.570810
Person 0.0 0 0.0 1370.039062 0.000000 1493.085938 172.375488 0.0 0.0 0.0 0.0 0.0 0.0 0.0 0.600188
Person 0.0 0 0.0 23.825684 19.874268 52.756348 94.822998 0.0 0.0 0.0 0.0 0.0 0.0 0.0 0.628863
Person 0.0 0 0.0 380.478516 0.000000 452.958984 115.784912 0.0 0.0 0.0 0.0 0.0 0.0 0.0 0.724870
Person 0.0 0 0.0 1480.634766 0.263672 1564.365234 179.692383 0.0 0.0 0.0 0.0 0.0 0.0 0.0 0.750553
Person 0.0 0 0.0 1064.765625 0.461426 1147.734375 236.052246 0.0 0.0 0.0 0.0 0.0 0.0 0.0 0.838151
Person 0.0 0 0.0 434.531250 0.000000 519.375000 169.013672 0.0 0.0 0.0 0.0 0.0 0.0 0.0 0.888759
Person 0.0 0 0.0 258.837891 52.338867 367.412109 303.090820 0.0 0.0 0.0 0.0 0.0 0.0 0.0 0.903635
Person 0.0 0 0.0 38.935547 91.032715 127.001953 266.242676 0.0 0.0 0.0 0.0 0.0 0.0 0.0 0.909265
Person 0.0 0 0.0 205.546875 359.780273 416.953125 671.704102 0.0 0.0 0.0 0.0 0.0 0.0 0.0 0.916409
Person 0.0 0 0.0 785.507812 0.000000 891.679688 285.820312 0.0 0.0 0.0 0.0 0.0 0.0 0.0 0.918187
Person 0.0 0 0.0 378.662109 67.631836 497.900391 364.262695 0.0 0.0 0.0 0.0 0.0 0.0 0.0 0.921074
Person 0.0 0 0.0 329.121094 336.577148 500.566406 656.411133 0.0 0.0 0.0 0.0 0.0 0.0 0.0 0.942929
Person 0.0 0 0.0 207.363281 131.835938 334.980469 424.511719 0.0 0.0 0.0 0.0 0.0 0.0 0.0 0.953449
Person 0.0 0 0.0 612.773438 468.281250 873.164062 862.734375 0.0 0.0 0.0 0.0 0.0 0.0 0.0 0.966789
