Person 0.0 0 0.0 199.980469 351.474609 416.894531 667.353516 0.0 0.0 0.0 0.0 0.0 0.0 0.0 0.315314
Person 0.0 0 0.0 527.490234 0.000000 607.822266 112.818604 0.0 0.0 0.0 0.0 0.0 0.0 0.0 0.324235
Person 0.0 0 0.0 199.160156 351.474609 328.183594 657.333984 0.0 0.0 0.0 0.0 0.0 0.0 0.0 0.328099
Person 0.0 0 0.0 37.910156 90.307617 119.472656 257.475586 0.0 0.0 0.0 0.0 0.0 0.0 0.0 0.383064
Person 0.0 0 0.0 199.921875 351.474609 356.484375 662.607422 0.0 0.0 0.0 0.0 0.0 0.0 0.0 0.386763
Person 0.0 0 0.0 37.500000 41.330566 112.734375 214.826660 0.0 0.0 0.0 0.0 0.0 0.0 0.0 0.471710
Person 0.0 0 0.0 426.679688 981.914062 675.820312 1076.835938 0.0 0.0 0.0 0.0 0.0 0.0 0.0 0.507812
Person 0.0 0 0.0 1231.699219 0.065918 1331.425781 236.052246 0.0 0.0 0.0 0.0 0.0 0.0 0.0 0.537041
Person 0.0 0 0.0 81.503906 0.131836 125.800781 82.331543 0.0 0.0 0.0 0.0 0.0 0.0 0.0 0.623377
Person 0.0 0 0.0 226.962891 71.586914 310.224609 319.702148 0.0 0.0 0.0 0.0 0.0 0.0 0.0 0.644225
Person 0.0 0 0.0 107.036133 0.000000 150.073242 75.443115 0.0 0.0 0.0 0.0 0.0 0.0 0.0 0.680029
Person 0.0 0 0.0 1412.167969 0.000000 1507.207031 199.665527 0.0 0.0 0.0 0.0 0.0 0.0 0.0 0.816406
Person 0.0 0 0.0 1801.582031 154.775391 1916.542969 379.423828 0.0 0.0 0.0 0.0 0.0 0.0 0.0 0.859192
Person 0.0 0 0.0 143.701172 3.559570 208.564453 148.315430 0.0 0.0 0.0 0.0 0.0 0.0 0.0 0.893681
Person 0.0 0 0.0 264.316406 96.108398 401.777344 377.709961 0.0 0.0 0.0 0.0 0.0 0.0 0.0 0.915205
Person 0.0 0 0.0 232.500000 391.948242 457.500000 714.418945 0.0 0.0 0.0 0.0 0.0 0.0 0.0 0.925769
Person 0.0 0 0.0 1300.781250 0.000000 1399.218750 289.511719 0.0 0.0 0.0 0.0 0.0 0.0 0.0 0.939692
Person 0.0 0 0.0 31.464844 119.509277 114.082031 301.311035 0.0 0.0 0.0 0.0 0.0 0.0 0.0 0.949295
Person 0.0 0 0.0 1169.765625 10.019531 1308.984375 299.003906 0.0 0.0 0.0 0.0 0.0 0.0 0.0 0.950041
Person 0.0 0 0.0 159.667969 134.736328 284.941406 381.533203 0.0 0.0 0.0 0.0 0.0 0.0 0.0 0.959913
