Person 0.0 0 0.0 1230.029297 0.000000 1336.845703 233.745117 0.0 0.0 0.0 0.0 0.0 0.0 0.0 0.343342
Person 0.0 0 0.0 34.335938 86.022949 117.890625 257.277832 0.0 0.0 0.0 0.0 0.0 0.0 0.0 0.376623
Person 0.0 0 0.0 273.955078 8.635254 349.482422 142.185059 0.0 0.0 0.0 0.0 0.0 0.0 0.0 0.382141
Person 0.0 0 0.0 297.011719 0.626221 364.863281 113.675537 0.0 0.0 0.0 0.0 0.0 0.0 0.0 0.398875
Person 0.0 0 0.0 198.984375 347.915039 345.703125 665.112305 0.0 0.0 0.0 0.0 0.0 0.0 0.0 0.429190
Person 0.0 0 0.0 81.137695 0.065918 130.034180 82.858887 0.0 0.0 0.0 0.0 0.0 0.0 0.0 0.519521
Person 0.0 0 0.0 38.613281 37.968750 109.628906 187.338867 0.0 0.0 0.0 0.0 0.0 0.0 0.0 0.521471
Person 0.0 0 0.0 428.085938 969.290771 685.664062 1077.857666 0.0 0.0 0.0 0.0 0.0 0.0 0.0 0.530236
Person 0.0 0 0.0 103.579102 0.000000 148.374023 73.234863 0.0 0.0 0.0 0.0 0.0 0.0 0.0 0.594551
Person 0.0 0 0.0 234.843750 5.207520 277.968750 124.123535 0.0 0.0 0.0 0.0 0.0 0.0 0.0 0.639736
Person 0.0 0 0.0 1260.820312 0.000000 1337.929688 234.536133 0.0 0.0 0.0 0.0 0.0 0.0 0.0 0.641535
Person 0.0 0 0.0 196.083984 87.341309 297.509766 333.215332 0.0 0.0 0.0 0.0 0.0 0.0 0.0 0.796292
Person 0.0 0 0.0 1306.230469 0.000000 1414.394531 286.743164 0.0 0.0 0.0 0.0 0.0 0.0 0.0 0.897336
Person 0.0 0 0.0 213.750000 421.479492 457.031250 727.075195 0.0 0.0 0.0 0.0 0.0 0.0 0.0 0.914901
Person 0.0 0 0.0 949.042969 57.480469 1057.207031 408.691406 0.0 0.0 0.0 0.0 0.0 0.0 0.0 0.923868
Person 0.0 0 0.0 1166.777344 8.041992 1296.972656 299.926758 0.0 0.0 0.0 0.0 0.0 0.0 0.0 0.930458
Person 0.0 0 0.0 261.796875 93.999023 400.546875 377.973633 0.0 0.0 0.0 0.0 0.0 0.0 0.0 0.934395
Person 0.0 0 0.0 31.025391 119.245605 112.880859 301.311035 0.0 0.0 0.0 0.0 0.0 0.0 0.0 0.937897
Person 0.0 0 0.0 151.230469 145.612793 275.097656 390.168457 0.0 0.0 0.0 0.0 0.0 0.0 0.0 0.948917
