Person 0.0 0 0.0 27.011719 21.291504 109.980469 186.086426 0.0 0.0 0.0 0.0 0.0 0.0 0.0 0.308190
Person 0.0 0 0.0 1374.316406 0.000000 1494.433594 141.591797 0.0 0.0 0.0 0.0 0.0 0.0 0.0 0.332852
Person 0.0 0 0.0 25.385742 21.291504 54.653320 97.492676 0.0 0.0 0.0 0.0 0.0 0.0 0.0 0.391406
Person 0.0 0 0.0 47.109375 44.362793 110.859375 187.668457 0.0 0.0 0.0 0.0 0.0 0.0 0.0 0.392337
Person 0.0 0 0.0 149.150391 0.000000 200.537109 77.849121 0.0 0.0 0.0 0.0 0.0 0.0 0.0 0.418697
Person 0.0 0 0.0 253.593750 57.810059 317.343750 153.259277 0.0 0.0 0.0 0.0 0.0 0.0 0.0 0.459076
Person 0.0 0 0.0 254.750977 0.000000 312.436523 70.894775 0.0 0.0 0.0 0.0 0.0 0.0 0.0 0.547706
Person 0.0 0 0.0 404.179688 958.743896 661.757812 1076.802979 0.0 0.0 0.0 0.0 0.0 0.0 0.0 0.550607
Person 0.0 0 0.0 1371.533203 0.000000 1476.591797 170.991211 0.0 0.0 0.0 0.0 0.0 0.0 0.0 0.563138
Person 0.0 0 0.0 427.734375 0.000000 490.546875 124.947510 0.0 0.0 0.0 0.0 0.0 0.0 0.0 0.691810
Person 0.0 0 0.0 1481.015625 0.263672 1563.984375 179.956055 0.0 0.0 0.0 0.0 0.0 0.0 0.0 0.775265
Person 0.0 0 0.0 63.222656 0.000000 126.855469 106.127930 0.0 0.0 0.0 0.0 0.0 0.0 0.0 0.801315
Person 0.0 0 0.0 245.332031 105.205078 378.105469 387.333984 0.0 0.0 0.0 0.0 0.0 0.0 0.0 0.813461
Person 0.0 0 0.0 199.160156 355.693359 409.746094 656.279297 0.0 0.0 0.0 0.0 0.0 0.0 0.0 0.892563
Person 0.0 0 0.0 35.302734 73.762207 126.884766 266.110840 0.0 0.0 0.0 0.0 0.0 0.0 0.0 0.902610
Person 0.0 0 0.0 385.986328 0.000000 454.482422 156.159668 0.0 0.0 0.0 0.0 0.0 0.0 0.0 0.909265
Person 0.0 0 0.0 688.037109 0.000000 786.650391 292.939453 0.0 0.0 0.0 0.0 0.0 0.0 0.0 0.924142
Person 0.0 0 0.0 1006.259766 25.444336 1116.240234 329.458008 0.0 0.0 0.0 0.0 0.0 0.0 0.0 0.943556
Person 0.0 0 0.0 339.140625 333.281250 504.609375 705.058594 0.0 0.0 0.0 0.0 0.0 0.0 0.0 0.950041
Person 0.0 0 0.0 173.437500 119.904785 296.250000 364.460449 0.0 0.0 0.0 0.0 0.0 0.0 0.0 0.958538
