Person 0.0 0 0.0 37.558594 41.330566 103.652344 221.286621 0.0 0.0 0.0 0.0 0.0 0.0 0.0 0.351311
Person 0.0 0 0.0 37.148438 36.947021 75.000000 132.857666 0.0 0.0 0.0 0.0 0.0 0.0 0.0 0.382141
Person 0.0 0 0.0 195.703125 346.201172 342.890625 666.826172 0.0 0.0 0.0 0.0 0.0 0.0 0.0 0.433981
Person 0.0 0 0.0 238.798828 10.480957 282.919922 114.169922 0.0 0.0 0.0 0.0 0.0 0.0 0.0 0.520496
Person 0.0 0 0.0 277.353516 26.433105 352.177734 141.657715 0.0 0.0 0.0 0.0 0.0 0.0 0.0 0.538012
Person 0.0 0 0.0 437.109375 971.499023 691.640625 1076.704102 0.0 0.0 0.0 0.0 0.0 0.0 0.0 0.539954
Person 0.0 0 0.0 103.110352 0.000000 147.905273 75.640869 0.0 0.0 0.0 0.0 0.0 0.0 0.0 0.683419
Person 0.0 0 0.0 72.875977 0.131836 125.053711 86.286621 0.0 0.0 0.0 0.0 0.0 0.0 0.0 0.692642
Person 0.0 0 0.0 230.566406 415.151367 457.089844 727.075195 0.0 0.0 0.0 0.0 0.0 0.0 0.0 0.901227
Person 0.0 0 0.0 516.474609 10.415039 627.275391 286.743164 0.0 0.0 0.0 0.0 0.0 0.0 0.0 0.906983
Person 0.0 0 0.0 1308.457031 0.000000 1421.542969 286.479492 0.0 0.0 0.0 0.0 0.0 0.0 0.0 0.910863
Person 0.0 0 0.0 1252.968750 0.000000 1338.281250 233.745117 0.0 0.0 0.0 0.0 0.0 0.0 0.0 0.915205
Person 0.0 0 0.0 31.582031 119.707031 108.574219 300.585938 0.0 0.0 0.0 0.0 0.0 0.0 0.0 0.923868
Person 0.0 0 0.0 208.945312 76.860352 309.023438 334.204102 0.0 0.0 0.0 0.0 0.0 0.0 0.0 0.924688
Person 0.0 0 0.0 1182.832031 9.887695 1288.417969 300.454102 0.0 0.0 0.0 0.0 0.0 0.0 0.0 0.933673
Person 0.0 0 0.0 262.148438 94.526367 400.664062 378.237305 0.0 0.0 0.0 0.0 0.0 0.0 0.0 0.948917
Person 0.0 0 0.0 148.593750 147.590332 269.765625 387.399902 0.0 0.0 0.0 0.0 0.0 0.0 0.0 0.949106
Person 0.0 0 0.0 70.429688 67.500000 144.726562 245.742188 0.0 0.0 0.0 0.0 0.0 0.0 0.0 0.949295
