Person 0.0 0 0.0 283.769531 0.329590 362.636719 140.866699 0.0 0.0 0.0 0.0 0.0 0.0 0.0 0.356671
Person 0.0 0 0.0 285.058594 0.461426 362.753906 140.998535 0.0 0.0 0.0 0.0 0.0 0.0 0.0 0.364778
Person 0.0 0 0.0 283.798828 0.000000 333.076172 83.551025 0.0 0.0 0.0 0.0 0.0 0.0 0.0 0.387690
Person 0.0 0 0.0 34.394531 98.547363 117.480469 255.827637 0.0 0.0 0.0 0.0 0.0 0.0 0.0 0.418697
Person 0.0 0 0.0 198.457031 346.201172 342.011719 662.080078 0.0 0.0 0.0 0.0 0.0 0.0 0.0 0.504883
Person 0.0 0 0.0 436.992188 972.224121 682.382812 1077.033691 0.0 0.0 0.0 0.0 0.0 0.0 0.0 0.575588
Person 0.0 0 0.0 195.585938 26.828613 266.835938 208.103027 0.0 0.0 0.0 0.0 0.0 0.0 0.0 0.578448
Person 0.0 0 0.0 80.976562 0.000000 128.320312 84.638672 0.0 0.0 0.0 0.0 0.0 0.0 0.0 0.598312
Person 0.0 0 0.0 104.853516 0.000000 148.974609 74.783936 0.0 0.0 0.0 0.0 0.0 0.0 0.0 0.626124
Person 0.0 0 0.0 39.433594 36.650391 111.386719 187.075195 0.0 0.0 0.0 0.0 0.0 0.0 0.0 0.696784
Person 0.0 0 0.0 1445.859375 0.263672 1524.140625 167.431641 0.0 0.0 0.0 0.0 0.0 0.0 0.0 0.715424
Person 0.0 0 0.0 236.542969 405.527344 446.425781 715.605469 0.0 0.0 0.0 0.0 0.0 0.0 0.0 0.909586
Person 0.0 0 0.0 318.691406 0.000000 449.121094 191.953125 0.0 0.0 0.0 0.0 0.0 0.0 0.0 0.915507
Person 0.0 0 0.0 1715.449219 172.770996 1843.300781 428.928223 0.0 0.0 0.0 0.0 0.0 0.0 0.0 0.920790
Person 0.0 0 0.0 159.550781 141.196289 283.417969 379.291992 0.0 0.0 0.0 0.0 0.0 0.0 0.0 0.924142
Person 0.0 0 0.0 1256.689453 0.000000 1336.435547 234.074707 0.0 0.0 0.0 0.0 0.0 0.0 0.0 0.930962
Person 0.0 0 0.0 1305.380859 0.000000 1407.744141 286.611328 0.0 0.0 0.0 0.0 0.0 0.0 0.0 0.931463
Person 0.0 0 0.0 18.369141 125.310059 111.826172 288.654785 0.0 0.0 0.0 0.0 0.0 0.0 0.0 0.932944
Person 0.0 0 0.0 267.246094 90.307617 400.722656 376.918945 0.0 0.0 0.0 0.0 0.0 0.0 0.0 0.954984
Person 0.0 0 0.0 1166.074219 6.723633 1286.425781 298.081055 0.0 0.0 0.0 0.0 0.0 0.0 0.0 0.965119
