Person 0.0 0 0.0 280.488281 16.347656 353.261719 146.865234 0.0 0.0 0.0 0.0 0.0 0.0 0.0 0.383988
Person 0.0 0 0.0 36.972656 53.657227 119.589844 252.993164 0.0 0.0 0.0 0.0 0.0 0.0 0.0 0.456167
Person 0.0 0 0.0 198.691406 346.860352 344.121094 664.057617 0.0 0.0 0.0 0.0 0.0 0.0 0.0 0.466846
Person 0.0 0 0.0 38.056641 86.154785 119.326172 255.827637 0.0 0.0 0.0 0.0 0.0 0.0 0.0 0.502930
Person 0.0 0 0.0 80.800781 0.000000 127.324219 83.715820 0.0 0.0 0.0 0.0 0.0 0.0 0.0 0.508788
Person 0.0 0 0.0 102.963867 0.000000 148.520508 75.640869 0.0 0.0 0.0 0.0 0.0 0.0 0.0 0.559290
Person 0.0 0 0.0 430.546875 970.378418 683.203125 1077.824707 0.0 0.0 0.0 0.0 0.0 0.0 0.0 0.563138
Person 0.0 0 0.0 1252.177734 0.000000 1337.197266 235.195312 0.0 0.0 0.0 0.0 0.0 0.0 0.0 0.883236
Person 0.0 0 0.0 198.193359 83.122559 306.181641 334.533691 0.0 0.0 0.0 0.0 0.0 0.0 0.0 0.903635
Person 0.0 0 0.0 1166.982422 10.810547 1276.142578 302.958984 0.0 0.0 0.0 0.0 0.0 0.0 0.0 0.904651
Person 0.0 0 0.0 1305.937500 0.000000 1414.687500 286.611328 0.0 0.0 0.0 0.0 0.0 0.0 0.0 0.916409
Person 0.0 0 0.0 687.392578 46.933594 797.607422 360.439453 0.0 0.0 0.0 0.0 0.0 0.0 0.0 0.924688
Person 0.0 0 0.0 217.617188 415.678711 457.382812 726.547852 0.0 0.0 0.0 0.0 0.0 0.0 0.0 0.927888
Person 0.0 0 0.0 32.285156 118.784180 108.691406 300.981445 0.0 0.0 0.0 0.0 0.0 0.0 0.0 0.934634
Person 0.0 0 0.0 262.324219 94.526367 400.019531 377.446289 0.0 0.0 0.0 0.0 0.0 0.0 0.0 0.949295
Person 0.0 0 0.0 148.652344 147.788086 273.457031 387.202148 0.0 0.0 0.0 0.0 0.0 0.0 0.0 0.952926
