Person 0.0 0 0.0 1366.992188 0.000000 1483.007812 146.931152 0.0 0.0 0.0 0.0 0.0 0.0 0.0 0.338952
Person 0.0 0 0.0 259.013672 52.998047 325.986328 188.920898 0.0 0.0 0.0 0.0 0.0 0.0 0.0 0.384912
Person 0.0 0 0.0 143.071289 0.000000 197.475586 84.342041 0.0 0.0 0.0 0.0 0.0 0.0 0.0 0.422505
Person 0.0 0 0.0 259.277344 52.338867 340.722656 301.508789 0.0 0.0 0.0 0.0 0.0 0.0 0.0 0.433981
Person 0.0 0 0.0 24.785156 19.610596 55.546875 94.691162 0.0 0.0 0.0 0.0 0.0 0.0 0.0 0.461017
Person 0.0 0 0.0 382.851562 975.421143 633.398438 1078.014648 0.0 0.0 0.0 0.0 0.0 0.0 0.0 0.497070
Person 0.0 0 0.0 494.135742 0.000000 551.176758 138.823242 0.0 0.0 0.0 0.0 0.0 0.0 0.0 0.730290
Person 0.0 0 0.0 1480.781250 0.329590 1564.218750 178.571777 0.0 0.0 0.0 0.0 0.0 0.0 0.0 0.750553
Person 0.0 0 0.0 1350.937500 0.000000 1485.937500 173.298340 0.0 0.0 0.0 0.0 0.0 0.0 0.0 0.783988
Person 0.0 0 0.0 1067.226562 0.593262 1147.148438 235.920410 0.0 0.0 0.0 0.0 0.0 0.0 0.0 0.832237
Person 0.0 0 0.0 209.414062 358.330078 416.367188 671.044922 0.0 0.0 0.0 0.0 0.0 0.0 0.0 0.883236
Person 0.0 0 0.0 436.640625 0.000000 520.546875 168.684082 0.0 0.0 0.0 0.0 0.0 0.0 0.0 0.885632
Person 0.0 0 0.0 765.351562 0.000000 870.585938 275.009766 0.0 0.0 0.0 0.0 0.0 0.0 0.0 0.907967
Person 0.0 0 0.0 37.089844 90.637207 126.972656 266.374512 0.0 0.0 0.0 0.0 0.0 0.0 0.0 0.911810
Person 0.0 0 0.0 304.101562 110.346680 458.085938 390.366211 0.0 0.0 0.0 0.0 0.0 0.0 0.0 0.936518
Person 0.0 0 0.0 313.476562 336.577148 498.867188 658.520508 0.0 0.0 0.0 0.0 0.0 0.0 0.0 0.940353
Person 0.0 0 0.0 202.675781 132.890625 327.011719 420.820312 0.0 0.0 0.0 0.0 0.0 0.0 0.0 0.940790
Person 0.0 0 0.0 700.312500 496.494141 965.625000 892.529297 0.0 0.0 0.0 0.0 0.0 0.0 0.0 0.941868
Person 0.0 0 0.0 346.376953 0.461426 436.904297 210.607910 0.0 0.0 0.0 0.0 0.0 0.0 0.0 0.954478
