Person 0.0 0 0.0 1482.114258 0.000000 1525.385742 155.698242 0.0 0.0 0.0 0.0 0.0 0.0 0.0 0.315736
Person 0.0 0 0.0 1230.908203 0.000000 1328.466797 227.680664 0.0 0.0 0.0 0.0 0.0 0.0 0.0 0.387690
Person 0.0 0 0.0 37.705078 89.318848 119.443359 257.673340 0.0 0.0 0.0 0.0 0.0 0.0 0.0 0.405449
Person 0.0 0 0.0 424.921875 982.078857 671.953125 1076.671143 0.0 0.0 0.0 0.0 0.0 0.0 0.0 0.438785
Person 0.0 0 0.0 195.234375 354.375000 408.046875 661.289062 0.0 0.0 0.0 0.0 0.0 0.0 0.0 0.446495
Person 0.0 0 0.0 39.023438 38.100586 112.031250 211.992188 0.0 0.0 0.0 0.0 0.0 0.0 0.0 0.508788
Person 0.0 0 0.0 227.578125 72.246094 310.078125 319.042969 0.0 0.0 0.0 0.0 0.0 0.0 0.0 0.602062
Person 0.0 0 0.0 81.328125 0.131836 127.148438 83.122559 0.0 0.0 0.0 0.0 0.0 0.0 0.0 0.617859
Person 0.0 0 0.0 106.713867 0.000000 148.051758 75.937500 0.0 0.0 0.0 0.0 0.0 0.0 0.0 0.700075
Person 0.0 0 0.0 1412.841797 0.000000 1508.408203 199.665527 0.0 0.0 0.0 0.0 0.0 0.0 0.0 0.791176
Person 0.0 0 0.0 164.443359 0.197754 236.806641 145.744629 0.0 0.0 0.0 0.0 0.0 0.0 0.0 0.887984
Person 0.0 0 0.0 1300.693359 0.000000 1399.306641 289.511719 0.0 0.0 0.0 0.0 0.0 0.0 0.0 0.931960
Person 0.0 0 0.0 230.566406 400.517578 457.089844 715.341797 0.0 0.0 0.0 0.0 0.0 0.0 0.0 0.932944
Person 0.0 0 0.0 264.902344 96.108398 401.660156 377.709961 0.0 0.0 0.0 0.0 0.0 0.0 0.0 0.940790
Person 0.0 0 0.0 30.791016 119.509277 112.529297 301.311035 0.0 0.0 0.0 0.0 0.0 0.0 0.0 0.949482
Person 0.0 0 0.0 1170.117188 8.041992 1308.632812 299.663086 0.0 0.0 0.0 0.0 0.0 0.0 0.0 0.951142
Person 0.0 0 0.0 159.902344 134.538574 284.707031 381.730957 0.0 0.0 0.0 0.0 0.0 0.0 0.0 0.959459
