Person 0.0 0 0.0 50.947266 97.229004 119.091797 257.937012 0.0 0.0 0.0 0.0 0.0 0.0 0.0 0.377541
Person 0.0 0 0.0 200.097656 346.596680 349.746094 663.266602 0.0 0.0 0.0 0.0 0.0 0.0 0.0 0.426322
Person 0.0 0 0.0 363.574219 0.000000 440.800781 128.507080 0.0 0.0 0.0 0.0 0.0 0.0 0.0 0.458106
Person 0.0 0 0.0 199.687500 346.069336 350.156250 662.739258 0.0 0.0 0.0 0.0 0.0 0.0 0.0 0.507812
Person 0.0 0 0.0 37.500000 38.496094 112.734375 203.422852 0.0 0.0 0.0 0.0 0.0 0.0 0.0 0.543832
Person 0.0 0 0.0 79.365234 0.000000 125.361328 82.364502 0.0 0.0 0.0 0.0 0.0 0.0 0.0 0.578448
Person 0.0 0 0.0 447.187500 966.126709 694.687500 1076.802979 0.0 0.0 0.0 0.0 0.0 0.0 0.0 0.580352
Person 0.0 0 0.0 103.725586 0.000000 147.758789 76.794434 0.0 0.0 0.0 0.0 0.0 0.0 0.0 0.654011
Person 0.0 0 0.0 1235.273438 0.000000 1335.351562 232.888184 0.0 0.0 0.0 0.0 0.0 0.0 0.0 0.736401
Person 0.0 0 0.0 1446.064453 0.131836 1525.810547 168.222656 0.0 0.0 0.0 0.0 0.0 0.0 0.0 0.742422
Person 0.0 0 0.0 226.171875 67.829590 309.609375 319.240723 0.0 0.0 0.0 0.0 0.0 0.0 0.0 0.757077
Person 0.0 0 0.0 1320.292969 0.000000 1449.082031 283.710938 0.0 0.0 0.0 0.0 0.0 0.0 0.0 0.913368
Person 0.0 0 0.0 263.906250 95.581055 402.656250 377.709961 0.0 0.0 0.0 0.0 0.0 0.0 0.0 0.916708
Person 0.0 0 0.0 1175.214844 8.701172 1301.660156 298.212891 0.0 0.0 0.0 0.0 0.0 0.0 0.0 0.925230
Person 0.0 0 0.0 33.896484 116.081543 115.166016 301.838379 0.0 0.0 0.0 0.0 0.0 0.0 0.0 0.941439
Person 0.0 0 0.0 231.503906 413.305664 445.839844 714.155273 0.0 0.0 0.0 0.0 0.0 0.0 0.0 0.945399
Person 0.0 0 0.0 319.746094 3.164062 439.628906 196.699219 0.0 0.0 0.0 0.0 0.0 0.0 0.0 0.952750
Person 0.0 0 0.0 157.207031 134.934082 282.714844 380.544434 0.0 0.0 0.0 0.0 0.0 0.0 0.0 0.960657
