Person 0.0 0 0.0 197.519531 353.979492 392.167969 664.848633 0.0 0.0 0.0 0.0 0.0 0.0 0.0 0.362969
Person 0.0 0 0.0 1473.471680 0.000000 1520.903320 163.344727 0.0 0.0 0.0 0.0 0.0 0.0 0.0 0.369315
Person 0.0 0 0.0 38.261719 90.373535 119.707031 257.409668 0.0 0.0 0.0 0.0 0.0 0.0 0.0 0.382141
Person 0.0 0 0.0 197.226562 353.188477 359.179688 667.749023 0.0 0.0 0.0 0.0 0.0 0.0 0.0 0.432063
Person 0.0 0 0.0 37.031250 40.737305 112.851562 215.419922 0.0 0.0 0.0 0.0 0.0 0.0 0.0 0.513668
Person 0.0 0 0.0 364.921875 981.156006 632.578125 1077.593994 0.0 0.0 0.0 0.0 0.0 0.0 0.0 0.516595
Person 0.0 0 0.0 1169.443359 0.000000 1236.181641 124.387207 0.0 0.0 0.0 0.0 0.0 0.0 0.0 0.556400
Person 0.0 0 0.0 81.386719 0.000000 125.917969 81.968994 0.0 0.0 0.0 0.0 0.0 0.0 0.0 0.573678
Person 0.0 0 0.0 104.589844 0.065918 148.300781 76.135254 0.0 0.0 0.0 0.0 0.0 0.0 0.0 0.638835
Person 0.0 0 0.0 232.880859 57.612305 310.869141 319.174805 0.0 0.0 0.0 0.0 0.0 0.0 0.0 0.721743
Person 0.0 0 0.0 1267.500000 0.065918 1333.125000 231.965332 0.0 0.0 0.0 0.0 0.0 0.0 0.0 0.745398
Person 0.0 0 0.0 1408.857422 0.000000 1506.767578 199.863281 0.0 0.0 0.0 0.0 0.0 0.0 0.0 0.791821
Person 0.0 0 0.0 191.953125 0.000000 253.359375 143.437500 0.0 0.0 0.0 0.0 0.0 0.0 0.0 0.896251
Person 0.0 0 0.0 1300.605469 0.000000 1399.394531 288.720703 0.0 0.0 0.0 0.0 0.0 0.0 0.0 0.937669
Person 0.0 0 0.0 238.652344 406.582031 457.441406 714.550781 0.0 0.0 0.0 0.0 0.0 0.0 0.0 0.939692
Person 0.0 0 0.0 1169.472656 5.405273 1286.777344 303.881836 0.0 0.0 0.0 0.0 0.0 0.0 0.0 0.947769
Person 0.0 0 0.0 30.234375 120.761719 111.796875 301.376953 0.0 0.0 0.0 0.0 0.0 0.0 0.0 0.953966
Person 0.0 0 0.0 161.542969 129.660645 286.113281 364.724121 0.0 0.0 0.0 0.0 0.0 0.0 0.0 0.956309
Person 0.0 0 0.0 266.484375 95.053711 400.546875 377.973633 0.0 0.0 0.0 0.0 0.0 0.0 0.0 0.959459
