Person 0.0 0 0.0 41.257324 9.146118 70.422363 71.010132 0.0 0.0 0.0 0.0 0.0 0.0 0.0 0.328529
Person 0.0 0 0.0 205.546875 353.188477 372.421875 663.002930 0.0 0.0 0.0 0.0 0.0 0.0 0.0 0.372962
Person 0.0 0 0.0 18.867188 0.955811 67.207031 95.218506 0.0 0.0 0.0 0.0 0.0 0.0 0.0 0.410165
Person 0.0 0 0.0 17.724609 0.955811 51.357422 95.350342 0.0 0.0 0.0 0.0 0.0 0.0 0.0 0.413004
Person 0.0 0 0.0 230.683594 72.575684 298.066406 176.989746 0.0 0.0 0.0 0.0 0.0 0.0 0.0 0.415847
Person 0.0 0 0.0 560.083008 0.000000 605.229492 153.654785 0.0 0.0 0.0 0.0 0.0 0.0 0.0 0.464902
Person 0.0 0 0.0 259.731445 0.000000 302.768555 67.467041 0.0 0.0 0.0 0.0 0.0 0.0 0.0 0.573678
Person 0.0 0 0.0 377.460938 939.265137 641.601562 1076.242676 0.0 0.0 0.0 0.0 0.0 0.0 0.0 0.662796
Person 0.0 0 0.0 1437.890625 0.000000 1522.734375 170.463867 0.0 0.0 0.0 0.0 0.0 0.0 0.0 0.748352
Person 0.0 0 0.0 412.500000 0.000000 476.250000 128.540039 0.0 0.0 0.0 0.0 0.0 0.0 0.0 0.766992
Person 0.0 0 0.0 245.800781 97.822266 386.542969 387.333984 0.0 0.0 0.0 0.0 0.0 0.0 0.0 0.858719
Person 0.0 0 0.0 1261.816406 0.000000 1336.933594 236.184082 0.0 0.0 0.0 0.0 0.0 0.0 0.0 0.895888
Person 0.0 0 0.0 34.306641 41.132812 107.724609 220.297852 0.0 0.0 0.0 0.0 0.0 0.0 0.0 0.898053
Person 0.0 0 0.0 148.769531 6.921387 219.902344 153.654785 0.0 0.0 0.0 0.0 0.0 0.0 0.0 0.915507
Person 0.0 0 0.0 250.664062 390.234375 482.929688 698.203125 0.0 0.0 0.0 0.0 0.0 0.0 0.0 0.921358
Person 0.0 0 0.0 1300.576172 0.000000 1397.548828 288.984375 0.0 0.0 0.0 0.0 0.0 0.0 0.0 0.944587
Person 0.0 0 0.0 295.429688 38.034668 401.601562 221.682129 0.0 0.0 0.0 0.0 0.0 0.0 0.0 0.951323
Person 0.0 0 0.0 169.218750 127.221680 290.859375 367.426758 0.0 0.0 0.0 0.0 0.0 0.0 0.0 0.955651
Person 0.0 0 0.0 1169.882812 6.855469 1288.242188 291.621094 0.0 0.0 0.0 0.0 0.0 0.0 0.0 0.969785
