Person 0.0 0 0.0 198.164062 355.825195 358.710938 663.530273 0.0 0.0 0.0 0.0 0.0 0.0 0.0 0.318273
Person 0.0 0 0.0 1521.621094 0.000000 1592.753906 77.321777 0.0 0.0 0.0 0.0 0.0 0.0 0.0 0.319971
Person 0.0 0 0.0 37.646484 39.616699 116.806641 211.267090 0.0 0.0 0.0 0.0 0.0 0.0 0.0 0.323808
Person 0.0 0 0.0 198.457031 356.088867 359.824219 662.739258 0.0 0.0 0.0 0.0 0.0 0.0 0.0 0.384912
Person 0.0 0 0.0 36.606445 40.473633 83.862305 226.230469 0.0 0.0 0.0 0.0 0.0 0.0 0.0 0.392337
Person 0.0 0 0.0 365.566406 974.135742 585.527344 1076.176758 0.0 0.0 0.0 0.0 0.0 0.0 0.0 0.546738
Person 0.0 0 0.0 1227.011719 0.000000 1330.488281 233.811035 0.0 0.0 0.0 0.0 0.0 0.0 0.0 0.569853
Person 0.0 0 0.0 233.466797 58.139648 307.470703 317.592773 0.0 0.0 0.0 0.0 0.0 0.0 0.0 0.695131
Person 0.0 0 0.0 63.295898 3.065186 117.172852 97.130127 0.0 0.0 0.0 0.0 0.0 0.0 0.0 0.792464
Person 0.0 0 0.0 1437.509766 0.000000 1521.240234 169.804688 0.0 0.0 0.0 0.0 0.0 0.0 0.0 0.844922
Person 0.0 0 0.0 159.814453 0.000000 229.482422 152.797852 0.0 0.0 0.0 0.0 0.0 0.0 0.0 0.910545
Person 0.0 0 0.0 270.351562 97.822266 391.992188 375.205078 0.0 0.0 0.0 0.0 0.0 0.0 0.0 0.923592
Person 0.0 0 0.0 1176.269531 8.569336 1304.355469 299.399414 0.0 0.0 0.0 0.0 0.0 0.0 0.0 0.927363
Person 0.0 0 0.0 1301.630859 0.000000 1405.869141 288.852539 0.0 0.0 0.0 0.0 0.0 0.0 0.0 0.937669
Person 0.0 0 0.0 235.136719 414.228516 458.144531 714.287109 0.0 0.0 0.0 0.0 0.0 0.0 0.0 0.941007
Person 0.0 0 0.0 40.664062 91.098633 140.742188 284.106445 0.0 0.0 0.0 0.0 0.0 0.0 0.0 0.952220
Person 0.0 0 0.0 165.878906 129.924316 291.152344 364.460449 0.0 0.0 0.0 0.0 0.0 0.0 0.0 0.955152
