Person 0.0 0 0.0 249.726562 0.000000 303.398438 59.144897 0.0 0.0 0.0 0.0 0.0 0.0 0.0 0.341143
Person 0.0 0 0.0 39.052734 89.648438 119.853516 257.343750 0.0 0.0 0.0 0.0 0.0 0.0 0.0 0.378459
Person 0.0 0 0.0 191.484375 353.056641 360.234375 676.845703 0.0 0.0 0.0 0.0 0.0 0.0 0.0 0.473657
Person 0.0 0 0.0 39.433594 40.473633 111.386719 190.766602 0.0 0.0 0.0 0.0 0.0 0.0 0.0 0.485356
Person 0.0 0 0.0 444.023438 936.760254 697.851562 1077.692871 0.0 0.0 0.0 0.0 0.0 0.0 0.0 0.518546
Person 0.0 0 0.0 81.665039 0.000000 126.811523 83.023682 0.0 0.0 0.0 0.0 0.0 0.0 0.0 0.607663
Person 0.0 0 0.0 104.560547 0.000000 148.330078 76.201172 0.0 0.0 0.0 0.0 0.0 0.0 0.0 0.641535
Person 0.0 0 0.0 1446.269531 0.000000 1529.355469 167.695312 0.0 0.0 0.0 0.0 0.0 0.0 0.0 0.742422
Person 0.0 0 0.0 222.714844 69.741211 309.785156 319.174805 0.0 0.0 0.0 0.0 0.0 0.0 0.0 0.853425
Person 0.0 0 0.0 1322.636719 0.000000 1452.363281 284.633789 0.0 0.0 0.0 0.0 0.0 0.0 0.0 0.908942
Person 0.0 0 0.0 1235.947266 0.000000 1327.177734 233.151855 0.0 0.0 0.0 0.0 0.0 0.0 0.0 0.913058
Person 0.0 0 0.0 235.253906 406.582031 446.308594 714.550781 0.0 0.0 0.0 0.0 0.0 0.0 0.0 0.919931
Person 0.0 0 0.0 265.488281 95.976562 402.011719 377.841797 0.0 0.0 0.0 0.0 0.0 0.0 0.0 0.923039
Person 0.0 0 0.0 336.298828 1.054688 438.076172 194.589844 0.0 0.0 0.0 0.0 0.0 0.0 0.0 0.933431
Person 0.0 0 0.0 33.076172 117.399902 116.337891 301.047363 0.0 0.0 0.0 0.0 0.0 0.0 0.0 0.944995
Person 0.0 0 0.0 155.800781 136.845703 284.121094 381.005859 0.0 0.0 0.0 0.0 0.0 0.0 0.0 0.953101
Person 0.0 0 0.0 1156.083984 0.922852 1249.541016 289.907227 0.0 0.0 0.0 0.0 0.0 0.0 0.0 0.960063
