Person 0.0 0 0.0 186.254883 0.000000 236.557617 55.502930 0.0 0.0 0.0 0.0 0.0 0.0 0.0 0.317850
Person 0.0 0 0.0 286.054688 0.856934 361.289062 114.499512 0.0 0.0 0.0 0.0 0.0 0.0 0.0 0.318273
Person 0.0 0 0.0 196.289062 352.792969 345.117188 668.144531 0.0 0.0 0.0 0.0 0.0 0.0 0.0 0.395134
Person 0.0 0 0.0 81.298828 0.000000 131.044922 84.243164 0.0 0.0 0.0 0.0 0.0 0.0 0.0 0.516595
Person 0.0 0 0.0 274.189453 6.064453 351.591797 150.556641 0.0 0.0 0.0 0.0 0.0 0.0 0.0 0.520496
Person 0.0 0 0.0 431.015625 970.279541 686.484375 1077.923584 0.0 0.0 0.0 0.0 0.0 0.0 0.0 0.568895
Person 0.0 0 0.0 103.959961 0.000000 148.930664 75.146484 0.0 0.0 0.0 0.0 0.0 0.0 0.0 0.601125
Person 0.0 0 0.0 37.031250 37.902832 110.625000 188.591309 0.0 0.0 0.0 0.0 0.0 0.0 0.0 0.606731
Person 0.0 0 0.0 234.067383 14.600830 277.338867 126.068115 0.0 0.0 0.0 0.0 0.0 0.0 0.0 0.683419
Person 0.0 0 0.0 1407.187500 0.000000 1489.687500 152.797852 0.0 0.0 0.0 0.0 0.0 0.0 0.0 0.713831
Person 0.0 0 0.0 1304.794922 0.000000 1413.955078 258.068848 0.0 0.0 0.0 0.0 0.0 0.0 0.0 0.733356
Person 0.0 0 0.0 1266.152344 0.000000 1336.347656 233.811035 0.0 0.0 0.0 0.0 0.0 0.0 0.0 0.819316
Person 0.0 0 0.0 192.041016 90.109863 299.208984 334.665527 0.0 0.0 0.0 0.0 0.0 0.0 0.0 0.844409
Person 0.0 0 0.0 32.607422 118.388672 116.806641 301.376953 0.0 0.0 0.0 0.0 0.0 0.0 0.0 0.937897
Person 0.0 0 0.0 1301.660156 82.001953 1418.964844 407.373047 0.0 0.0 0.0 0.0 0.0 0.0 0.0 0.941868
Person 0.0 0 0.0 260.507812 94.130859 400.429688 377.841797 0.0 0.0 0.0 0.0 0.0 0.0 0.0 0.946597
Person 0.0 0 0.0 152.402344 144.689941 273.222656 386.608887 0.0 0.0 0.0 0.0 0.0 0.0 0.0 0.950960
Person 0.0 0 0.0 1167.773438 6.987305 1290.351562 299.926758 0.0 0.0 0.0 0.0 0.0 0.0 0.0 0.955486
