Person 0.0 0 0.0 1437.568359 0.000000 1515.556641 161.367188 0.0 0.0 0.0 0.0 0.0 0.0 0.0 0.307774
Person 0.0 0 0.0 37.470703 89.846191 118.740234 257.937012 0.0 0.0 0.0 0.0 0.0 0.0 0.0 0.315736
Person 0.0 0 0.0 196.171875 352.661133 423.515625 672.495117 0.0 0.0 0.0 0.0 0.0 0.0 0.0 0.319121
Person 0.0 0 0.0 195.351562 352.924805 452.929688 682.778320 0.0 0.0 0.0 0.0 0.0 0.0 0.0 0.353094
Person 0.0 0 0.0 357.421875 969.290771 619.453125 1077.857666 0.0 0.0 0.0 0.0 0.0 0.0 0.0 0.479504
Person 0.0 0 0.0 36.914062 38.562012 110.742188 205.070801 0.0 0.0 0.0 0.0 0.0 0.0 0.0 0.483405
Person 0.0 0 0.0 82.119141 0.000000 126.826172 82.166748 0.0 0.0 0.0 0.0 0.0 0.0 0.0 0.508788
Person 0.0 0 0.0 103.549805 0.000000 147.934570 75.871582 0.0 0.0 0.0 0.0 0.0 0.0 0.0 0.621541
Person 0.0 0 0.0 232.500000 60.512695 308.437500 316.274414 0.0 0.0 0.0 0.0 0.0 0.0 0.0 0.749087
Person 0.0 0 0.0 1419.257812 0.000000 1516.992188 219.243164 0.0 0.0 0.0 0.0 0.0 0.0 0.0 0.853913
Person 0.0 0 0.0 193.974609 0.000000 245.244141 144.492188 0.0 0.0 0.0 0.0 0.0 0.0 0.0 0.877056
Person 0.0 0 0.0 235.722656 408.164062 458.027344 714.023438 0.0 0.0 0.0 0.0 0.0 0.0 0.0 0.883236
Person 0.0 0 0.0 1262.929688 0.000000 1332.070312 234.206543 0.0 0.0 0.0 0.0 0.0 0.0 0.0 0.888759
Person 0.0 0 0.0 1173.134766 4.614258 1290.615234 299.399414 0.0 0.0 0.0 0.0 0.0 0.0 0.0 0.889529
Person 0.0 0 0.0 33.046875 103.820801 111.914062 284.567871 0.0 0.0 0.0 0.0 0.0 0.0 0.0 0.933673
Person 0.0 0 0.0 1299.931641 0.000000 1398.193359 288.852539 0.0 0.0 0.0 0.0 0.0 0.0 0.0 0.944382
Person 0.0 0 0.0 264.902344 98.481445 394.628906 376.655273 0.0 0.0 0.0 0.0 0.0 0.0 0.0 0.950041
Person 0.0 0 0.0 165.410156 129.858398 291.621094 363.999023 0.0 0.0 0.0 0.0 0.0 0.0 0.0 0.966789
