Person 0.0 0 0.0 1482.187500 0.000000 1525.312500 155.830078 0.0 0.0 0.0 0.0 0.0 0.0 0.0 0.321247
Person 0.0 0 0.0 37.119141 90.307617 119.443359 257.211914 0.0 0.0 0.0 0.0 0.0 0.0 0.0 0.354880
Person 0.0 0 0.0 507.275391 0.000000 585.849609 116.312256 0.0 0.0 0.0 0.0 0.0 0.0 0.0 0.400749
Person 0.0 0 0.0 195.000000 355.297852 360.468750 664.584961 0.0 0.0 0.0 0.0 0.0 0.0 0.0 0.475605
Person 0.0 0 0.0 37.207031 41.066895 114.199219 215.485840 0.0 0.0 0.0 0.0 0.0 0.0 0.0 0.476580
Person 0.0 0 0.0 425.742188 977.728271 677.695312 1076.802979 0.0 0.0 0.0 0.0 0.0 0.0 0.0 0.523420
Person 0.0 0 0.0 1228.564453 0.000000 1340.185547 238.359375 0.0 0.0 0.0 0.0 0.0 0.0 0.0 0.538983
Person 0.0 0 0.0 81.210938 0.000000 125.742188 82.496338 0.0 0.0 0.0 0.0 0.0 0.0 0.0 0.543832
Person 0.0 0 0.0 107.167969 0.000000 149.003906 75.146484 0.0 0.0 0.0 0.0 0.0 0.0 0.0 0.616012
Person 0.0 0 0.0 226.962891 71.784668 310.693359 319.504395 0.0 0.0 0.0 0.0 0.0 0.0 0.0 0.693473
Person 0.0 0 0.0 1412.431641 0.000000 1506.943359 199.533691 0.0 0.0 0.0 0.0 0.0 0.0 0.0 0.847968
Person 0.0 0 0.0 137.695312 0.725098 205.195312 147.326660 0.0 0.0 0.0 0.0 0.0 0.0 0.0 0.882022
Person 0.0 0 0.0 229.511719 394.321289 448.769531 713.100586 0.0 0.0 0.0 0.0 0.0 0.0 0.0 0.913058
Person 0.0 0 0.0 264.550781 96.108398 402.480469 377.709961 0.0 0.0 0.0 0.0 0.0 0.0 0.0 0.928409
Person 0.0 0 0.0 1746.210938 138.691406 1891.289062 379.160156 0.0 0.0 0.0 0.0 0.0 0.0 0.0 0.930962
Person 0.0 0 0.0 1300.400391 0.000000 1399.599609 289.511719 0.0 0.0 0.0 0.0 0.0 0.0 0.0 0.939692
Person 0.0 0 0.0 1169.765625 10.546875 1308.984375 299.267578 0.0 0.0 0.0 0.0 0.0 0.0 0.0 0.943138
Person 0.0 0 0.0 31.787109 119.377441 114.580078 301.442871 0.0 0.0 0.0 0.0 0.0 0.0 0.0 0.952042
Person 0.0 0 0.0 159.785156 133.352051 284.824219 382.917480 0.0 0.0 0.0 0.0 0.0 0.0 0.0 0.956796
