Person 0.0 0 0.0 196.640625 348.046875 441.328125 675.527344 0.0 0.0 0.0 0.0 0.0 0.0 0.0 0.346873
Person 0.0 0 0.0 196.289062 347.124023 346.523438 662.211914 0.0 0.0 0.0 0.0 0.0 0.0 0.0 0.403567
Person 0.0 0 0.0 36.298828 97.822266 117.099609 254.707031 0.0 0.0 0.0 0.0 0.0 0.0 0.0 0.501953
Person 0.0 0 0.0 426.914062 971.762695 676.523438 1077.495117 0.0 0.0 0.0 0.0 0.0 0.0 0.0 0.515620
Person 0.0 0 0.0 81.108398 0.000000 129.360352 83.715820 0.0 0.0 0.0 0.0 0.0 0.0 0.0 0.587943
Person 0.0 0 0.0 220.781250 417.788086 445.781250 717.055664 0.0 0.0 0.0 0.0 0.0 0.0 0.0 0.606731
Person 0.0 0 0.0 103.828125 0.000000 149.062500 74.718018 0.0 0.0 0.0 0.0 0.0 0.0 0.0 0.608594
Person 0.0 0 0.0 39.287109 36.716309 112.587891 186.613770 0.0 0.0 0.0 0.0 0.0 0.0 0.0 0.625209
Person 0.0 0 0.0 358.066406 0.000000 440.683594 172.441406 0.0 0.0 0.0 0.0 0.0 0.0 0.0 0.632503
Person 0.0 0 0.0 1817.636719 194.062500 1918.000000 437.695312 0.0 0.0 0.0 0.0 0.0 0.0 0.0 0.679179
Person 0.0 0 0.0 1445.566406 0.065918 1524.433594 168.288574 0.0 0.0 0.0 0.0 0.0 0.0 0.0 0.707405
Person 0.0 0 0.0 1234.892578 0.000000 1337.607422 235.327148 0.0 0.0 0.0 0.0 0.0 0.0 0.0 0.754915
Person 0.0 0 0.0 218.349609 73.498535 318.837891 316.735840 0.0 0.0 0.0 0.0 0.0 0.0 0.0 0.876211
Person 0.0 0 0.0 1305.585938 0.000000 1407.539062 287.006836 0.0 0.0 0.0 0.0 0.0 0.0 0.0 0.915507
Person 0.0 0 0.0 320.449219 16.347656 422.988281 217.792969 0.0 0.0 0.0 0.0 0.0 0.0 0.0 0.941439
Person 0.0 0 0.0 267.011719 85.957031 400.488281 377.050781 0.0 0.0 0.0 0.0 0.0 0.0 0.0 0.941868
Person 0.0 0 0.0 1167.246094 10.019531 1287.128906 299.267578 0.0 0.0 0.0 0.0 0.0 0.0 0.0 0.942295
Person 0.0 0 0.0 17.988281 126.166992 111.972656 288.061523 0.0 0.0 0.0 0.0 0.0 0.0 0.0 0.952397
Person 0.0 0 0.0 165.966797 136.252441 284.736328 380.280762 0.0 0.0 0.0 0.0 0.0 0.0 0.0 0.959154
