Person 0.0 0 0.0 270.102539 0.000000 318.178711 47.296143 0.0 0.0 0.0 0.0 0.0 0.0 0.0 0.316158
Person 0.0 0 0.0 36.445312 47.329102 121.289062 248.510742 0.0 0.0 0.0 0.0 0.0 0.0 0.0 0.319546
Person 0.0 0 0.0 37.382812 37.309570 103.593750 185.625000 0.0 0.0 0.0 0.0 0.0 0.0 0.0 0.325950
Person 0.0 0 0.0 1255.634766 0.000000 1337.490234 151.743164 0.0 0.0 0.0 0.0 0.0 0.0 0.0 0.365683
Person 0.0 0 0.0 1250.039062 0.065918 1337.460938 238.161621 0.0 0.0 0.0 0.0 0.0 0.0 0.0 0.385837
Person 0.0 0 0.0 1237.060547 0.000000 1339.189453 237.634277 0.0 0.0 0.0 0.0 0.0 0.0 0.0 0.400749
Person 0.0 0 0.0 192.421875 347.255859 339.609375 661.552734 0.0 0.0 0.0 0.0 0.0 0.0 0.0 0.408277
Person 0.0 0 0.0 37.705078 80.485840 120.966797 256.486816 0.0 0.0 0.0 0.0 0.0 0.0 0.0 0.415847
Person 0.0 0 0.0 279.521484 31.541748 354.228516 142.613525 0.0 0.0 0.0 0.0 0.0 0.0 0.0 0.433981
Person 0.0 0 0.0 426.328125 971.136475 679.921875 1077.066650 0.0 0.0 0.0 0.0 0.0 0.0 0.0 0.524395
Person 0.0 0 0.0 240.043945 9.953613 283.081055 119.838867 0.0 0.0 0.0 0.0 0.0 0.0 0.0 0.542863
Person 0.0 0 0.0 77.431641 0.098877 124.599609 84.869385 0.0 0.0 0.0 0.0 0.0 0.0 0.0 0.630685
Person 0.0 0 0.0 102.919922 0.000000 147.626953 75.311279 0.0 0.0 0.0 0.0 0.0 0.0 0.0 0.683419
Person 0.0 0 0.0 208.505859 76.069336 309.931641 334.995117 0.0 0.0 0.0 0.0 0.0 0.0 0.0 0.887984
Person 0.0 0 0.0 1303.974609 0.000000 1414.775391 286.875000 0.0 0.0 0.0 0.0 0.0 0.0 0.0 0.888759
Person 0.0 0 0.0 568.037109 23.598633 684.462891 312.846680 0.0 0.0 0.0 0.0 0.0 0.0 0.0 0.899121
Person 0.0 0 0.0 29.765625 121.552734 108.046875 300.849609 0.0 0.0 0.0 0.0 0.0 0.0 0.0 0.931960
Person 0.0 0 0.0 262.441406 93.208008 399.902344 377.446289 0.0 0.0 0.0 0.0 0.0 0.0 0.0 0.932453
Person 0.0 0 0.0 148.476562 147.590332 270.585938 390.300293 0.0 0.0 0.0 0.0 0.0 0.0 0.0 0.939248
Person 0.0 0 0.0 1186.347656 11.865234 1303.652344 300.849609 0.0 0.0 0.0 0.0 0.0 0.0 0.0 0.944587
