Person 0.0 0 0.0 269.062500 0.065918 332.812500 90.505371 0.0 0.0 0.0 0.0 0.0 0.0 0.0 0.423458
Person 0.0 0 0.0 44.531250 36.123047 110.273438 187.207031 0.0 0.0 0.0 0.0 0.0 0.0 0.0 0.448426
Person 0.0 0 0.0 256.640625 58.337402 317.578125 145.744629 0.0 0.0 0.0 0.0 0.0 0.0 0.0 0.459076
Person 0.0 0 0.0 469.262695 0.000000 529.174805 132.495117 0.0 0.0 0.0 0.0 0.0 0.0 0.0 0.488283
Person 0.0 0 0.0 388.945312 966.027832 639.492188 1076.901855 0.0 0.0 0.0 0.0 0.0 0.0 0.0 0.501953
Person 0.0 0 0.0 136.171875 0.197754 196.406250 91.757812 0.0 0.0 0.0 0.0 0.0 0.0 0.0 0.561215
Person 0.0 0 0.0 26.140137 19.775391 55.305176 97.492676 0.0 0.0 0.0 0.0 0.0 0.0 0.0 0.612310
Person 0.0 0 0.0 1371.826172 0.000000 1476.298828 170.793457 0.0 0.0 0.0 0.0 0.0 0.0 0.0 0.648689
Person 0.0 0 0.0 1480.722656 0.065918 1564.277344 180.549316 0.0 0.0 0.0 0.0 0.0 0.0 0.0 0.773216
Person 0.0 0 0.0 247.089844 102.568359 385.253906 386.806641 0.0 0.0 0.0 0.0 0.0 0.0 0.0 0.858719
Person 0.0 0 0.0 361.582031 0.000000 455.917969 156.357422 0.0 0.0 0.0 0.0 0.0 0.0 0.0 0.887205
Person 0.0 0 0.0 35.361328 90.637207 126.591797 265.847168 0.0 0.0 0.0 0.0 0.0 0.0 0.0 0.891055
Person 0.0 0 0.0 200.683594 360.043945 415.722656 671.440430 0.0 0.0 0.0 0.0 0.0 0.0 0.0 0.914901
Person 0.0 0 0.0 573.925781 73.037109 719.824219 447.451172 0.0 0.0 0.0 0.0 0.0 0.0 0.0 0.929440
Person 0.0 0 0.0 166.816406 123.464355 296.542969 363.801270 0.0 0.0 0.0 0.0 0.0 0.0 0.0 0.930458
Person 0.0 0 0.0 329.414062 336.445312 501.210938 677.636719 0.0 0.0 0.0 0.0 0.0 0.0 0.0 0.936285
Person 0.0 0 0.0 963.046875 18.588867 1069.453125 323.129883 0.0 0.0 0.0 0.0 0.0 0.0 0.0 0.951323
