Person 0.0 0 0.0 38.994141 89.846191 119.677734 256.882324 0.0 0.0 0.0 0.0 0.0 0.0 0.0 0.382141
Person 0.0 0 0.0 203.349609 0.000000 284.150391 99.569092 0.0 0.0 0.0 0.0 0.0 0.0 0.0 0.412057
Person 0.0 0 0.0 427.968750 964.511719 693.281250 1077.363281 0.0 0.0 0.0 0.0 0.0 0.0 0.0 0.498047
Person 0.0 0 0.0 181.171875 363.867188 358.828125 680.273438 0.0 0.0 0.0 0.0 0.0 0.0 0.0 0.522446
Person 0.0 0 0.0 37.353516 38.100586 111.474609 184.438477 0.0 0.0 0.0 0.0 0.0 0.0 0.0 0.523420
Person 0.0 0 0.0 81.298828 0.000000 126.005859 83.649902 0.0 0.0 0.0 0.0 0.0 0.0 0.0 0.608594
Person 0.0 0 0.0 233.613281 63.083496 310.136719 319.240723 0.0 0.0 0.0 0.0 0.0 0.0 0.0 0.628863
Person 0.0 0 0.0 1437.626953 0.000000 1517.373047 155.302734 0.0 0.0 0.0 0.0 0.0 0.0 0.0 0.685949
Person 0.0 0 0.0 1264.599609 0.065918 1334.150391 231.569824 0.0 0.0 0.0 0.0 0.0 0.0 0.0 0.801315
Person 0.0 0 0.0 264.667969 97.163086 401.425781 377.446289 0.0 0.0 0.0 0.0 0.0 0.0 0.0 0.903635
Person 0.0 0 0.0 230.683594 411.723633 446.191406 714.682617 0.0 0.0 0.0 0.0 0.0 0.0 0.0 0.904651
Person 0.0 0 0.0 157.558594 138.625488 284.003906 381.862793 0.0 0.0 0.0 0.0 0.0 0.0 0.0 0.924415
Person 0.0 0 0.0 32.871094 115.751953 115.957031 301.376953 0.0 0.0 0.0 0.0 0.0 0.0 0.0 0.930711
Person 0.0 0 0.0 1300.195312 0.000000 1405.429688 290.039062 0.0 0.0 0.0 0.0 0.0 0.0 0.0 0.937669
Person 0.0 0 0.0 1174.453125 5.800781 1293.046875 293.994141 0.0 0.0 0.0 0.0 0.0 0.0 0.0 0.943138
