Person 0.0 0 0.0 258.164062 45.944824 324.492188 190.568848 0.0 0.0 0.0 0.0 0.0 0.0 0.0 0.373876
Person 0.0 0 0.0 1371.093750 0.000000 1493.906250 142.646484 0.0 0.0 0.0 0.0 0.0 0.0 0.0 0.389547
Person 0.0 0 0.0 143.261719 0.000000 197.753906 84.177246 0.0 0.0 0.0 0.0 0.0 0.0 0.0 0.434941
Person 0.0 0 0.0 256.875000 46.604004 341.718750 303.815918 0.0 0.0 0.0 0.0 0.0 0.0 0.0 0.451327
Person 0.0 0 0.0 42.304688 47.790527 107.929688 188.723145 0.0 0.0 0.0 0.0 0.0 0.0 0.0 0.461988
Person 0.0 0 0.0 389.765625 974.827881 633.046875 1076.539307 0.0 0.0 0.0 0.0 0.0 0.0 0.0 0.500000
Person 0.0 0 0.0 496.962891 0.000000 550.224609 139.020996 0.0 0.0 0.0 0.0 0.0 0.0 0.0 0.593609
Person 0.0 0 0.0 1361.542969 0.000000 1456.582031 173.759766 0.0 0.0 0.0 0.0 0.0 0.0 0.0 0.639736
Person 0.0 0 0.0 302.343750 110.083008 459.375000 393.266602 0.0 0.0 0.0 0.0 0.0 0.0 0.0 0.701713
Person 0.0 0 0.0 31.926270 14.040527 60.417480 85.957031 0.0 0.0 0.0 0.0 0.0 0.0 0.0 0.717012
Person 0.0 0 0.0 446.132812 0.000000 520.429688 161.828613 0.0 0.0 0.0 0.0 0.0 0.0 0.0 0.724091
Person 0.0 0 0.0 1480.781250 0.329590 1564.218750 179.626465 0.0 0.0 0.0 0.0 0.0 0.0 0.0 0.773901
Person 0.0 0 0.0 1066.845703 0.725098 1147.529297 235.788574 0.0 0.0 0.0 0.0 0.0 0.0 0.0 0.831691
Person 0.0 0 0.0 213.046875 350.288086 416.484375 670.122070 0.0 0.0 0.0 0.0 0.0 0.0 0.0 0.894789
Person 0.0 0 0.0 40.019531 90.307617 127.089844 266.704102 0.0 0.0 0.0 0.0 0.0 0.0 0.0 0.920504
Person 0.0 0 0.0 765.966797 0.000000 876.533203 272.504883 0.0 0.0 0.0 0.0 0.0 0.0 0.0 0.939913
Person 0.0 0 0.0 409.863281 0.527344 505.605469 231.108398 0.0 0.0 0.0 0.0 0.0 0.0 0.0 0.953622
Person 0.0 0 0.0 338.906250 307.309570 499.687500 658.784180 0.0 0.0 0.0 0.0 0.0 0.0 0.0 0.954984
Person 0.0 0 0.0 824.707031 562.148438 1046.542969 990.351562 0.0 0.0 0.0 0.0 0.0 0.0 0.0 0.964052
Person 0.0 0 0.0 211.992188 131.704102 351.445312 417.788086 0.0 0.0 0.0 0.0 0.0 0.0 0.0 0.965900
