Person 0.0 0 0.0 1389.638672 0.000000 1494.111328 140.405273 0.0 0.0 0.0 0.0 0.0 0.0 0.0 0.394201
Person 0.0 0 0.0 24.499512 20.961914 52.668457 95.910645 0.0 0.0 0.0 0.0 0.0 0.0 0.0 0.397003
Person 0.0 0 0.0 141.269531 0.000000 196.699219 85.726318 0.0 0.0 0.0 0.0 0.0 0.0 0.0 0.401688
Person 0.0 0 0.0 388.359375 971.993408 638.203125 1078.014648 0.0 0.0 0.0 0.0 0.0 0.0 0.0 0.466846
Person 0.0 0 0.0 43.886719 35.266113 109.746094 188.063965 0.0 0.0 0.0 0.0 0.0 0.0 0.0 0.486332
Person 0.0 0 0.0 498.486328 0.000000 548.701172 132.956543 0.0 0.0 0.0 0.0 0.0 0.0 0.0 0.490236
Person 0.0 0 0.0 1371.503906 0.000000 1459.746094 171.188965 0.0 0.0 0.0 0.0 0.0 0.0 0.0 0.510741
Person 0.0 0 0.0 253.125000 0.000000 300.000000 80.650635 0.0 0.0 0.0 0.0 0.0 0.0 0.0 0.574633
Person 0.0 0 0.0 1480.869141 0.131836 1564.130859 179.824219 0.0 0.0 0.0 0.0 0.0 0.0 0.0 0.693473
Person 0.0 0 0.0 1085.478516 0.065918 1168.271484 188.723145 0.0 0.0 0.0 0.0 0.0 0.0 0.0 0.762778
Person 0.0 0 0.0 261.445312 55.305176 361.523438 299.860840 0.0 0.0 0.0 0.0 0.0 0.0 0.0 0.781997
Person 0.0 0 0.0 173.437500 118.784180 279.609375 362.944336 0.0 0.0 0.0 0.0 0.0 0.0 0.0 0.840783
Person 0.0 0 0.0 206.132812 357.143555 416.367188 672.231445 0.0 0.0 0.0 0.0 0.0 0.0 0.0 0.871037
Person 0.0 0 0.0 36.562500 88.066406 126.914062 265.781250 0.0 0.0 0.0 0.0 0.0 0.0 0.0 0.884838
Person 0.0 0 0.0 438.662109 0.000000 519.931641 169.013672 0.0 0.0 0.0 0.0 0.0 0.0 0.0 0.920504
Person 0.0 0 0.0 382.119141 20.104980 495.380859 271.516113 0.0 0.0 0.0 0.0 0.0 0.0 0.0 0.929184
Person 0.0 0 0.0 338.671875 323.525391 501.796875 658.388672 0.0 0.0 0.0 0.0 0.0 0.0 0.0 0.932453
Person 0.0 0 0.0 894.345703 7.910156 1007.841797 299.003906 0.0 0.0 0.0 0.0 0.0 0.0 0.0 0.934872
Person 0.0 0 0.0 492.070312 370.063477 735.117188 778.491211 0.0 0.0 0.0 0.0 0.0 0.0 0.0 0.954984
Person 0.0 0 0.0 227.431641 131.572266 344.912109 414.228516 0.0 0.0 0.0 0.0 0.0 0.0 0.0 0.966156
