Person 0.0 0 0.0 303.383789 0.263672 360.834961 119.179688 0.0 0.0 0.0 0.0 0.0 0.0 0.0 0.355327
Person 0.0 0 0.0 197.695312 351.342773 344.648438 665.375977 0.0 0.0 0.0 0.0 0.0 0.0 0.0 0.449393
Person 0.0 0 0.0 37.060547 39.550781 112.001953 216.606445 0.0 0.0 0.0 0.0 0.0 0.0 0.0 0.493164
Person 0.0 0 0.0 274.394531 3.955078 352.792969 154.643555 0.0 0.0 0.0 0.0 0.0 0.0 0.0 0.544801
Person 0.0 0 0.0 430.195312 979.672852 676.992188 1078.014648 0.0 0.0 0.0 0.0 0.0 0.0 0.0 0.570810
Person 0.0 0 0.0 81.152344 0.131836 129.667969 83.715820 0.0 0.0 0.0 0.0 0.0 0.0 0.0 0.579400
Person 0.0 0 0.0 104.882812 0.000000 149.414062 73.630371 0.0 0.0 0.0 0.0 0.0 0.0 0.0 0.640636
Person 0.0 0 0.0 1459.628906 0.000000 1527.246094 173.100586 0.0 0.0 0.0 0.0 0.0 0.0 0.0 0.684264
Person 0.0 0 0.0 233.261719 10.909424 278.144531 126.727295 0.0 0.0 0.0 0.0 0.0 0.0 0.0 0.720172
Person 0.0 0 0.0 1261.962891 0.000000 1336.787109 233.876953 0.0 0.0 0.0 0.0 0.0 0.0 0.0 0.864310
Person 0.0 0 0.0 200.771484 83.518066 304.072266 333.610840 0.0 0.0 0.0 0.0 0.0 0.0 0.0 0.897336
Person 0.0 0 0.0 216.679688 418.183594 456.914062 726.152344 0.0 0.0 0.0 0.0 0.0 0.0 0.0 0.916409
Person 0.0 0 0.0 1305.117188 0.000000 1415.507812 286.611328 0.0 0.0 0.0 0.0 0.0 0.0 0.0 0.921074
Person 0.0 0 0.0 33.193359 115.620117 117.861328 301.245117 0.0 0.0 0.0 0.0 0.0 0.0 0.0 0.937211
Person 0.0 0 0.0 1168.066406 9.096680 1295.683594 300.190430 0.0 0.0 0.0 0.0 0.0 0.0 0.0 0.946597
Person 0.0 0 0.0 260.507812 96.372070 400.429688 377.709961 0.0 0.0 0.0 0.0 0.0 0.0 0.0 0.952397
Person 0.0 0 0.0 1474.277344 97.294922 1595.097656 390.761719 0.0 0.0 0.0 0.0 0.0 0.0 0.0 0.955981
Person 0.0 0 0.0 149.882812 145.085449 272.929688 387.795410 0.0 0.0 0.0 0.0 0.0 0.0 0.0 0.956634
