Person 0.0 0 0.0 197.988281 346.860352 345.761719 667.221680 0.0 0.0 0.0 0.0 0.0 0.0 0.0 0.364778
Person 0.0 0 0.0 299.003906 0.230713 361.933594 120.794678 0.0 0.0 0.0 0.0 0.0 0.0 0.0 0.376623
Person 0.0 0 0.0 33.808594 102.700195 117.246094 257.739258 0.0 0.0 0.0 0.0 0.0 0.0 0.0 0.390476
Person 0.0 0 0.0 274.804688 3.559570 353.789062 155.039062 0.0 0.0 0.0 0.0 0.0 0.0 0.0 0.400749
Person 0.0 0 0.0 85.825195 0.197754 130.971680 82.858887 0.0 0.0 0.0 0.0 0.0 0.0 0.0 0.518546
Person 0.0 0 0.0 234.389648 7.580566 278.422852 103.359375 0.0 0.0 0.0 0.0 0.0 0.0 0.0 0.551574
Person 0.0 0 0.0 434.765625 978.717041 679.921875 1077.923584 0.0 0.0 0.0 0.0 0.0 0.0 0.0 0.556400
Person 0.0 0 0.0 223.154297 74.685059 311.689453 322.404785 0.0 0.0 0.0 0.0 0.0 0.0 0.0 0.565059
Person 0.0 0 0.0 104.018555 0.000000 149.340820 73.992920 0.0 0.0 0.0 0.0 0.0 0.0 0.0 0.615088
Person 0.0 0 0.0 37.822266 37.770996 109.365234 186.745605 0.0 0.0 0.0 0.0 0.0 0.0 0.0 0.632503
Person 0.0 0 0.0 1444.189453 0.000000 1510.810547 166.508789 0.0 0.0 0.0 0.0 0.0 0.0 0.0 0.683419
Person 0.0 0 0.0 1230.234375 0.000000 1336.640625 233.942871 0.0 0.0 0.0 0.0 0.0 0.0 0.0 0.877896
Person 0.0 0 0.0 213.046875 420.556641 456.796875 727.998047 0.0 0.0 0.0 0.0 0.0 0.0 0.0 0.890294
Person 0.0 0 0.0 1306.171875 0.000000 1420.078125 287.006836 0.0 0.0 0.0 0.0 0.0 0.0 0.0 0.915809
Person 0.0 0 0.0 146.718750 146.667480 269.531250 386.213379 0.0 0.0 0.0 0.0 0.0 0.0 0.0 0.921640
Person 0.0 0 0.0 1167.011719 11.206055 1292.988281 298.872070 0.0 0.0 0.0 0.0 0.0 0.0 0.0 0.924142
Person 0.0 0 0.0 1790.537109 88.132324 1891.962891 315.812988 0.0 0.0 0.0 0.0 0.0 0.0 0.0 0.929951
Person 0.0 0 0.0 261.328125 99.667969 400.546875 377.841797 0.0 0.0 0.0 0.0 0.0 0.0 0.0 0.931463
Person 0.0 0 0.0 1640.097656 146.601562 1768.652344 409.218750 0.0 0.0 0.0 0.0 0.0 0.0 0.0 0.935582
Person 0.0 0 0.0 20.039062 124.650879 110.390625 290.368652 0.0 0.0 0.0 0.0 0.0 0.0 0.0 0.937669
