Person 0.0 0 0.0 25.898438 19.709473 111.679688 187.009277 0.0 0.0 0.0 0.0 0.0 0.0 0.0 0.345989
Person 0.0 0 0.0 24.624023 19.544678 55.883789 96.866455 0.0 0.0 0.0 0.0 0.0 0.0 0.0 0.365683
Person 0.0 0 0.0 44.765625 55.865479 110.859375 188.162842 0.0 0.0 0.0 0.0 0.0 0.0 0.0 0.411111
Person 0.0 0 0.0 249.580078 0.000000 305.419922 72.905273 0.0 0.0 0.0 0.0 0.0 0.0 0.0 0.412057
Person 0.0 0 0.0 139.365234 0.000000 185.009766 77.486572 0.0 0.0 0.0 0.0 0.0 0.0 0.0 0.455199
Person 0.0 0 0.0 257.094727 56.228027 316.655273 141.130371 0.0 0.0 0.0 0.0 0.0 0.0 0.0 0.478529
Person 0.0 0 0.0 167.783203 0.000000 214.951172 80.189209 0.0 0.0 0.0 0.0 0.0 0.0 0.0 0.484380
Person 0.0 0 0.0 391.523438 973.377686 637.851562 1076.934814 0.0 0.0 0.0 0.0 0.0 0.0 0.0 0.549641
Person 0.0 0 0.0 429.433594 0.000000 490.253906 124.848633 0.0 0.0 0.0 0.0 0.0 0.0 0.0 0.746139
Person 0.0 0 0.0 1371.123047 0.000000 1471.376953 171.188965 0.0 0.0 0.0 0.0 0.0 0.0 0.0 0.759939
Person 0.0 0 0.0 243.574219 104.282227 376.113281 385.620117 0.0 0.0 0.0 0.0 0.0 0.0 0.0 0.793106
Person 0.0 0 0.0 1480.634766 0.197754 1564.365234 180.417480 0.0 0.0 0.0 0.0 0.0 0.0 0.0 0.802556
Person 0.0 0 0.0 332.226562 330.249023 497.929688 662.739258 0.0 0.0 0.0 0.0 0.0 0.0 0.0 0.844922
Person 0.0 0 0.0 205.195312 360.571289 421.054688 669.858398 0.0 0.0 0.0 0.0 0.0 0.0 0.0 0.916708
Person 0.0 0 0.0 36.386719 91.955566 126.738281 266.638184 0.0 0.0 0.0 0.0 0.0 0.0 0.0 0.921640
Person 0.0 0 0.0 679.716797 0.000000 779.970703 300.190430 0.0 0.0 0.0 0.0 0.0 0.0 0.0 0.926037
Person 0.0 0 0.0 367.646484 0.197754 454.072266 155.632324 0.0 0.0 0.0 0.0 0.0 0.0 0.0 0.929440
Person 0.0 0 0.0 1003.125000 21.884766 1111.875000 328.271484 0.0 0.0 0.0 0.0 0.0 0.0 0.0 0.948155
Person 0.0 0 0.0 174.609375 117.136230 296.250000 365.383301 0.0 0.0 0.0 0.0 0.0 0.0 0.0 0.959459
