Person 0.0 0 0.0 234.624023 0.131836 287.094727 99.865723 0.0 0.0 0.0 0.0 0.0 0.0 0.0 0.343342
Person 0.0 0 0.0 230.185547 69.708252 307.001953 174.320068 0.0 0.0 0.0 0.0 0.0 0.0 0.0 0.364778
Person 0.0 0 0.0 15.981445 0.197754 59.604492 89.846191 0.0 0.0 0.0 0.0 0.0 0.0 0.0 0.482429
Person 0.0 0 0.0 1822.851562 148.249512 1918.000000 377.248535 0.0 0.0 0.0 0.0 0.0 0.0 0.0 0.574633
Person 0.0 0 0.0 375.703125 937.353516 640.546875 1076.044922 0.0 0.0 0.0 0.0 0.0 0.0 0.0 0.611382
Person 0.0 0 0.0 1438.066406 0.000000 1522.558594 170.727539 0.0 0.0 0.0 0.0 0.0 0.0 0.0 0.727201
Person 0.0 0 0.0 209.765625 349.628906 397.734375 662.871094 0.0 0.0 0.0 0.0 0.0 0.0 0.0 0.754192
Person 0.0 0 0.0 407.900391 0.000000 472.880859 129.924316 0.0 0.0 0.0 0.0 0.0 0.0 0.0 0.791821
Person 0.0 0 0.0 1260.703125 0.000000 1334.296875 235.722656 0.0 0.0 0.0 0.0 0.0 0.0 0.0 0.834407
Person 0.0 0 0.0 452.226562 0.329590 546.210938 214.562988 0.0 0.0 0.0 0.0 0.0 0.0 0.0 0.840783
Person 0.0 0 0.0 241.523438 95.581055 386.601562 376.391602 0.0 0.0 0.0 0.0 0.0 0.0 0.0 0.843895
Person 0.0 0 0.0 33.925781 39.946289 108.339844 221.484375 0.0 0.0 0.0 0.0 0.0 0.0 0.0 0.895157
Person 0.0 0 0.0 297.539062 373.227539 482.929688 689.897461 0.0 0.0 0.0 0.0 0.0 0.0 0.0 0.900879
Person 0.0 0 0.0 148.828125 4.943848 219.843750 153.918457 0.0 0.0 0.0 0.0 0.0 0.0 0.0 0.905657
Person 0.0 0 0.0 334.453125 10.942383 433.828125 179.165039 0.0 0.0 0.0 0.0 0.0 0.0 0.0 0.919643
Person 0.0 0 0.0 1300.429688 0.000000 1401.445312 288.720703 0.0 0.0 0.0 0.0 0.0 0.0 0.0 0.934634
Person 0.0 0 0.0 168.398438 127.419434 290.976562 367.756348 0.0 0.0 0.0 0.0 0.0 0.0 0.0 0.954984
Person 0.0 0 0.0 1168.535156 6.855469 1293.339844 290.566406 0.0 0.0 0.0 0.0 0.0 0.0 0.0 0.956634
