Person 0.0 0 0.0 1233.837891 0.000000 1338.662109 231.833496 0.0 0.0 0.0 0.0 0.0 0.0 0.0 0.337204
Person 0.0 0 0.0 36.621094 44.099121 120.175781 242.248535 0.0 0.0 0.0 0.0 0.0 0.0 0.0 0.366590
Person 0.0 0 0.0 37.236328 37.705078 106.669922 188.393555 0.0 0.0 0.0 0.0 0.0 0.0 0.0 0.397003
Person 0.0 0 0.0 193.066406 347.387695 340.839844 660.893555 0.0 0.0 0.0 0.0 0.0 0.0 0.0 0.451327
Person 0.0 0 0.0 425.507812 971.037598 678.867188 1077.165527 0.0 0.0 0.0 0.0 0.0 0.0 0.0 0.489259
Person 0.0 0 0.0 279.345703 31.376953 352.529297 143.437500 0.0 0.0 0.0 0.0 0.0 0.0 0.0 0.506836
Person 0.0 0 0.0 79.218750 0.065918 124.687500 84.572754 0.0 0.0 0.0 0.0 0.0 0.0 0.0 0.553505
Person 0.0 0 0.0 1259.238281 0.131836 1337.636719 234.008789 0.0 0.0 0.0 0.0 0.0 0.0 0.0 0.568895
Person 0.0 0 0.0 239.750977 10.415039 283.374023 120.102539 0.0 0.0 0.0 0.0 0.0 0.0 0.0 0.571767
Person 0.0 0 0.0 102.773438 0.000000 148.242188 75.443115 0.0 0.0 0.0 0.0 0.0 0.0 0.0 0.657538
Person 0.0 0 0.0 1304.267578 0.000000 1414.482422 286.875000 0.0 0.0 0.0 0.0 0.0 0.0 0.0 0.905657
Person 0.0 0 0.0 579.785156 26.103516 706.464844 314.824219 0.0 0.0 0.0 0.0 0.0 0.0 0.0 0.919643
Person 0.0 0 0.0 31.230469 120.563965 108.925781 300.256348 0.0 0.0 0.0 0.0 0.0 0.0 0.0 0.920218
Person 0.0 0 0.0 208.183594 75.410156 309.785156 334.863281 0.0 0.0 0.0 0.0 0.0 0.0 0.0 0.924415
Person 0.0 0 0.0 230.742188 413.964844 456.914062 725.097656 0.0 0.0 0.0 0.0 0.0 0.0 0.0 0.935110
Person 0.0 0 0.0 148.476562 147.128906 270.585938 389.443359 0.0 0.0 0.0 0.0 0.0 0.0 0.0 0.946399
Person 0.0 0 0.0 262.441406 93.735352 399.902344 377.446289 0.0 0.0 0.0 0.0 0.0 0.0 0.0 0.954137
Person 0.0 0 0.0 1182.246094 12.392578 1302.128906 301.113281 0.0 0.0 0.0 0.0 0.0 0.0 0.0 0.960361
