Person 0.0 0 0.0 148.227539 0.000000 190.444336 77.849121 0.0 0.0 0.0 0.0 0.0 0.0 0.0 0.341143
Person 0.0 0 0.0 250.283203 0.000000 309.404297 71.092529 0.0 0.0 0.0 0.0 0.0 0.0 0.0 0.381220
Person 0.0 0 0.0 250.869141 0.000000 316.318359 93.273926 0.0 0.0 0.0 0.0 0.0 0.0 0.0 0.391406
Person 0.0 0 0.0 1387.939453 0.000000 1493.935547 141.328125 0.0 0.0 0.0 0.0 0.0 0.0 0.0 0.407333
Person 0.0 0 0.0 47.021484 46.867676 111.650391 188.063965 0.0 0.0 0.0 0.0 0.0 0.0 0.0 0.422505
Person 0.0 0 0.0 255.703125 57.744141 317.578125 146.074219 0.0 0.0 0.0 0.0 0.0 0.0 0.0 0.448426
Person 0.0 0 0.0 25.070801 20.170898 54.792480 97.097168 0.0 0.0 0.0 0.0 0.0 0.0 0.0 0.461988
Person 0.0 0 0.0 390.468750 965.830078 642.656250 1077.099609 0.0 0.0 0.0 0.0 0.0 0.0 0.0 0.476580
Person 0.0 0 0.0 1372.060547 0.000000 1462.939453 170.991211 0.0 0.0 0.0 0.0 0.0 0.0 0.0 0.618780
Person 0.0 0 0.0 428.085938 0.000000 491.132812 124.947510 0.0 0.0 0.0 0.0 0.0 0.0 0.0 0.735642
Person 0.0 0 0.0 77.958984 0.329590 132.158203 107.973633 0.0 0.0 0.0 0.0 0.0 0.0 0.0 0.754192
Person 0.0 0 0.0 1480.957031 0.263672 1564.042969 179.956055 0.0 0.0 0.0 0.0 0.0 0.0 0.0 0.768386
Person 0.0 0 0.0 243.281250 104.150391 378.750000 384.960938 0.0 0.0 0.0 0.0 0.0 0.0 0.0 0.849971
Person 0.0 0 0.0 191.484375 355.429688 401.015625 656.015625 0.0 0.0 0.0 0.0 0.0 0.0 0.0 0.876634
Person 0.0 0 0.0 361.523438 0.000000 454.101562 155.961914 0.0 0.0 0.0 0.0 0.0 0.0 0.0 0.901921
Person 0.0 0 0.0 35.302734 87.868652 126.884766 266.242676 0.0 0.0 0.0 0.0 0.0 0.0 0.0 0.904651
Person 0.0 0 0.0 685.107422 0.395508 783.017578 295.971680 0.0 0.0 0.0 0.0 0.0 0.0 0.0 0.926037
Person 0.0 0 0.0 1004.443359 24.257812 1106.806641 328.271484 0.0 0.0 0.0 0.0 0.0 0.0 0.0 0.932207
Person 0.0 0 0.0 334.511719 335.522461 500.800781 698.598633 0.0 0.0 0.0 0.0 0.0 0.0 0.0 0.937897
Person 0.0 0 0.0 172.324219 120.300293 295.722656 364.064941 0.0 0.0 0.0 0.0 0.0 0.0 0.0 0.957596
