Person 0.0 0 0.0 37.060547 93.471680 131.923828 263.012695 0.0 0.0 0.0 0.0 0.0 0.0 0.0 0.306112
Person 0.0 0 0.0 37.001953 89.318848 105.263672 219.177246 0.0 0.0 0.0 0.0 0.0 0.0 0.0 0.326808
Person 0.0 0 0.0 195.000000 355.561523 361.875000 665.375977 0.0 0.0 0.0 0.0 0.0 0.0 0.0 0.399812
Person 0.0 0 0.0 76.083984 0.065918 120.791016 73.168945 0.0 0.0 0.0 0.0 0.0 0.0 0.0 0.451327
Person 0.0 0 0.0 390.292969 995.262451 580.957031 1077.198486 0.0 0.0 0.0 0.0 0.0 0.0 0.0 0.540924
Person 0.0 0 0.0 110.859375 0.000000 154.218750 75.509033 0.0 0.0 0.0 0.0 0.0 0.0 0.0 0.560253
Person 0.0 0 0.0 39.052734 37.243652 110.830078 186.481934 0.0 0.0 0.0 0.0 0.0 0.0 0.0 0.617859
Person 0.0 0 0.0 228.779297 62.490234 307.939453 318.251953 0.0 0.0 0.0 0.0 0.0 0.0 0.0 0.627038
Person 0.0 0 0.0 1261.552734 0.000000 1329.697266 235.920410 0.0 0.0 0.0 0.0 0.0 0.0 0.0 0.790530
Person 0.0 0 0.0 1811.953125 69.213867 1896.796875 268.549805 0.0 0.0 0.0 0.0 0.0 0.0 0.0 0.819893
Person 0.0 0 0.0 1437.275391 0.065918 1521.474609 169.475098 0.0 0.0 0.0 0.0 0.0 0.0 0.0 0.821044
Person 0.0 0 0.0 188.569336 0.000000 242.446289 143.635254 0.0 0.0 0.0 0.0 0.0 0.0 0.0 0.853913
Person 0.0 0 0.0 26.982422 122.739258 134.970703 286.743164 0.0 0.0 0.0 0.0 0.0 0.0 0.0 0.911180
Person 0.0 0 0.0 238.535156 408.164062 458.496094 714.023438 0.0 0.0 0.0 0.0 0.0 0.0 0.0 0.915205
Person 0.0 0 0.0 1172.109375 1.450195 1287.890625 301.772461 0.0 0.0 0.0 0.0 0.0 0.0 0.0 0.925230
Person 0.0 0 0.0 1300.517578 0.000000 1401.357422 288.852539 0.0 0.0 0.0 0.0 0.0 0.0 0.0 0.930458
Person 0.0 0 0.0 269.941406 97.690430 393.339844 374.545898 0.0 0.0 0.0 0.0 0.0 0.0 0.0 0.938801
Person 0.0 0 0.0 164.121094 130.319824 291.972656 364.855957 0.0 0.0 0.0 0.0 0.0 0.0 0.0 0.948155
