Person 0.0 0 0.0 1371.474609 0.131836 1444.775391 146.601562 0.0 0.0 0.0 0.0 0.0 0.0 0.0 0.310276
Person 0.0 0 0.0 271.318359 0.000000 336.650391 94.064941 0.0 0.0 0.0 0.0 0.0 0.0 0.0 0.369315
Person 0.0 0 0.0 150.117188 0.131836 193.476562 74.816895 0.0 0.0 0.0 0.0 0.0 0.0 0.0 0.379378
Person 0.0 0 0.0 270.395508 0.000000 319.291992 58.436279 0.0 0.0 0.0 0.0 0.0 0.0 0.0 0.385837
Person 0.0 0 0.0 24.990234 21.555176 57.216797 92.285156 0.0 0.0 0.0 0.0 0.0 0.0 0.0 0.438785
Person 0.0 0 0.0 405.820312 957.788086 701.367188 1076.704102 0.0 0.0 0.0 0.0 0.0 0.0 0.0 0.449393
Person 0.0 0 0.0 254.912109 57.777100 319.306641 148.546143 0.0 0.0 0.0 0.0 0.0 0.0 0.0 0.494141
Person 0.0 0 0.0 24.594727 0.692139 64.995117 65.950928 0.0 0.0 0.0 0.0 0.0 0.0 0.0 0.522446
Person 0.0 0 0.0 430.634766 0.000000 489.990234 125.145264 0.0 0.0 0.0 0.0 0.0 0.0 0.0 0.650467
Person 0.0 0 0.0 1479.785156 0.131836 1563.339844 179.824219 0.0 0.0 0.0 0.0 0.0 0.0 0.0 0.700895
Person 0.0 0 0.0 199.804688 352.265625 403.945312 663.925781 0.0 0.0 0.0 0.0 0.0 0.0 0.0 0.798815
Person 0.0 0 0.0 1418.583984 0.000000 1508.291016 196.699219 0.0 0.0 0.0 0.0 0.0 0.0 0.0 0.869715
Person 0.0 0 0.0 683.466797 0.000000 783.720703 290.961914 0.0 0.0 0.0 0.0 0.0 0.0 0.0 0.901575
Person 0.0 0 0.0 245.097656 104.809570 375.527344 387.729492 0.0 0.0 0.0 0.0 0.0 0.0 0.0 0.909586
Person 0.0 0 0.0 1009.511719 26.103516 1111.113281 329.589844 0.0 0.0 0.0 0.0 0.0 0.0 0.0 0.916110
Person 0.0 0 0.0 378.457031 0.000000 454.980469 156.818848 0.0 0.0 0.0 0.0 0.0 0.0 0.0 0.916708
Person 0.0 0 0.0 44.443359 90.109863 149.501953 267.165527 0.0 0.0 0.0 0.0 0.0 0.0 0.0 0.922482
Person 0.0 0 0.0 337.031250 331.567383 503.906250 706.245117 0.0 0.0 0.0 0.0 0.0 0.0 0.0 0.946990
Person 0.0 0 0.0 171.738281 120.366211 295.136719 365.053711 0.0 0.0 0.0 0.0 0.0 0.0 0.0 0.952574
