Person 0.0 0 0.0 193.710938 355.034180 343.945312 666.430664 0.0 0.0 0.0 0.0 0.0 0.0 0.0 0.319121
Person 0.0 0 0.0 194.296875 354.902344 442.734375 666.035156 0.0 0.0 0.0 0.0 0.0 0.0 0.0 0.351311
Person 0.0 0 0.0 289.570312 2.373047 368.554688 109.423828 0.0 0.0 0.0 0.0 0.0 0.0 0.0 0.368406
Person 0.0 0 0.0 245.068359 1.186523 288.837891 104.348145 0.0 0.0 0.0 0.0 0.0 0.0 0.0 0.415847
Person 0.0 0 0.0 1197.011719 0.000000 1334.238281 220.825195 0.0 0.0 0.0 0.0 0.0 0.0 0.0 0.457137
Person 0.0 0 0.0 288.310547 6.987305 386.220703 230.844727 0.0 0.0 0.0 0.0 0.0 0.0 0.0 0.479504
Person 0.0 0 0.0 105.908203 0.000000 144.638672 60.446777 0.0 0.0 0.0 0.0 0.0 0.0 0.0 0.544801
Person 0.0 0 0.0 433.710938 975.091553 691.289062 1077.330322 0.0 0.0 0.0 0.0 0.0 0.0 0.0 0.557364
Person 0.0 0 0.0 72.377930 0.000000 115.590820 88.527832 0.0 0.0 0.0 0.0 0.0 0.0 0.0 0.568895
Person 0.0 0 0.0 354.580078 0.000000 457.294922 134.439697 0.0 0.0 0.0 0.0 0.0 0.0 0.0 0.698432
Person 0.0 0 0.0 35.537109 38.364258 108.017578 216.870117 0.0 0.0 0.0 0.0 0.0 0.0 0.0 0.740925
Person 0.0 0 0.0 208.652344 76.662598 307.441406 334.401855 0.0 0.0 0.0 0.0 0.0 0.0 0.0 0.858244
Person 0.0 0 0.0 1302.685547 0.000000 1410.439453 286.743164 0.0 0.0 0.0 0.0 0.0 0.0 0.0 0.869271
Person 0.0 0 0.0 113.789062 35.002441 166.054688 158.928223 0.0 0.0 0.0 0.0 0.0 0.0 0.0 0.883236
Person 0.0 0 0.0 512.578125 10.942383 624.609375 286.215820 0.0 0.0 0.0 0.0 0.0 0.0 0.0 0.899828
Person 0.0 0 0.0 264.960938 93.471680 401.132812 377.446289 0.0 0.0 0.0 0.0 0.0 0.0 0.0 0.908618
Person 0.0 0 0.0 221.835938 420.292969 456.914062 726.152344 0.0 0.0 0.0 0.0 0.0 0.0 0.0 0.912436
Person 0.0 0 0.0 149.589844 146.667480 275.332031 396.496582 0.0 0.0 0.0 0.0 0.0 0.0 0.0 0.916708
Person 0.0 0 0.0 32.841797 118.652344 107.548828 300.849609 0.0 0.0 0.0 0.0 0.0 0.0 0.0 0.931213
Person 0.0 0 0.0 1187.109375 15.161133 1302.890625 300.981445 0.0 0.0 0.0 0.0 0.0 0.0 0.0 0.944995
