Person 0.0 0 0.0 197.578125 353.583984 451.171875 674.208984 0.0 0.0 0.0 0.0 0.0 0.0 0.0 0.352202
Person 0.0 0 0.0 37.031250 90.241699 118.007812 258.596191 0.0 0.0 0.0 0.0 0.0 0.0 0.0 0.378459
Person 0.0 0 0.0 196.992188 353.583984 357.539062 669.990234 0.0 0.0 0.0 0.0 0.0 0.0 0.0 0.386763
Person 0.0 0 0.0 87.026367 0.032959 128.129883 82.430420 0.0 0.0 0.0 0.0 0.0 0.0 0.0 0.472683
Person 0.0 0 0.0 37.265625 37.441406 112.968750 211.333008 0.0 0.0 0.0 0.0 0.0 0.0 0.0 0.480479
Person 0.0 0 0.0 368.554688 973.476562 637.382812 1076.835938 0.0 0.0 0.0 0.0 0.0 0.0 0.0 0.497070
Person 0.0 0 0.0 231.972656 62.622070 308.964844 318.120117 0.0 0.0 0.0 0.0 0.0 0.0 0.0 0.777300
Person 0.0 0 0.0 1437.949219 0.000000 1518.925781 169.277344 0.0 0.0 0.0 0.0 0.0 0.0 0.0 0.818156
Person 0.0 0 0.0 1263.193359 0.000000 1335.556641 234.602051 0.0 0.0 0.0 0.0 0.0 0.0 0.0 0.869271
Person 0.0 0 0.0 194.106445 0.000000 244.409180 143.701172 0.0 0.0 0.0 0.0 0.0 0.0 0.0 0.888759
Person 0.0 0 0.0 1177.353516 4.614258 1284.521484 298.608398 0.0 0.0 0.0 0.0 0.0 0.0 0.0 0.892563
Person 0.0 0 0.0 239.531250 411.459961 457.968750 714.946289 0.0 0.0 0.0 0.0 0.0 0.0 0.0 0.913984
Person 0.0 0 0.0 33.632812 103.161621 111.328125 284.699707 0.0 0.0 0.0 0.0 0.0 0.0 0.0 0.924142
Person 0.0 0 0.0 1300.400391 0.000000 1399.599609 289.248047 0.0 0.0 0.0 0.0 0.0 0.0 0.0 0.931711
Person 0.0 0 0.0 272.929688 95.185547 395.039062 373.886719 0.0 0.0 0.0 0.0 0.0 0.0 0.0 0.944791
Person 0.0 0 0.0 161.894531 130.715332 291.152344 364.724121 0.0 0.0 0.0 0.0 0.0 0.0 0.0 0.946990
Person 0.0 0 0.0 1570.136719 39.814453 1703.613281 316.669922 0.0 0.0 0.0 0.0 0.0 0.0 0.0 0.952397
