Person 0.0 0 0.0 33.281250 91.691895 114.375000 270.065918 0.0 0.0 0.0 0.0 0.0 0.0 0.0 0.301568
Person 0.0 0 0.0 200.742188 353.979492 440.507812 671.176758 0.0 0.0 0.0 0.0 0.0 0.0 0.0 0.311951
Person 0.0 0 0.0 197.871094 353.715820 359.472656 664.584961 0.0 0.0 0.0 0.0 0.0 0.0 0.0 0.371137
Person 0.0 0 0.0 368.437500 991.142578 610.312500 1076.044922 0.0 0.0 0.0 0.0 0.0 0.0 0.0 0.500000
Person 0.0 0 0.0 65.390625 0.131836 100.195312 73.498535 0.0 0.0 0.0 0.0 0.0 0.0 0.0 0.549641
Person 0.0 0 0.0 40.019531 36.848145 111.386719 185.690918 0.0 0.0 0.0 0.0 0.0 0.0 0.0 0.580352
Person 0.0 0 0.0 236.484375 47.592773 307.734375 317.856445 0.0 0.0 0.0 0.0 0.0 0.0 0.0 0.684264
Person 0.0 0 0.0 1438.212891 0.065918 1522.412109 169.475098 0.0 0.0 0.0 0.0 0.0 0.0 0.0 0.790530
Person 0.0 0 0.0 1260.263672 0.000000 1332.861328 234.602051 0.0 0.0 0.0 0.0 0.0 0.0 0.0 0.821617
Person 0.0 0 0.0 181.289062 0.000000 245.039062 144.360352 0.0 0.0 0.0 0.0 0.0 0.0 0.0 0.898767
Person 0.0 0 0.0 1177.675781 3.559570 1286.074219 297.026367 0.0 0.0 0.0 0.0 0.0 0.0 0.0 0.899828
Person 0.0 0 0.0 241.992188 409.218750 457.851562 714.023438 0.0 0.0 0.0 0.0 0.0 0.0 0.0 0.901227
Person 0.0 0 0.0 86.733398 0.659180 140.610352 90.439453 0.0 0.0 0.0 0.0 0.0 0.0 0.0 0.910227
Person 0.0 0 0.0 1301.455078 0.000000 1400.419922 288.720703 0.0 0.0 0.0 0.0 0.0 0.0 0.0 0.921640
Person 0.0 0 0.0 270.058594 96.635742 394.160156 374.545898 0.0 0.0 0.0 0.0 0.0 0.0 0.0 0.937897
Person 0.0 0 0.0 32.109375 94.790039 135.000000 286.479492 0.0 0.0 0.0 0.0 0.0 0.0 0.0 0.953794
Person 0.0 0 0.0 165.410156 129.858398 291.621094 363.999023 0.0 0.0 0.0 0.0 0.0 0.0 0.0 0.957278
