Person 0.0 0 0.0 300.644531 0.230713 361.699219 117.498779 0.0 0.0 0.0 0.0 0.0 0.0 0.0 0.370225
Person 0.0 0 0.0 274.804688 3.295898 353.789062 153.325195 0.0 0.0 0.0 0.0 0.0 0.0 0.0 0.381220
Person 0.0 0 0.0 36.152344 108.369141 116.660156 258.662109 0.0 0.0 0.0 0.0 0.0 0.0 0.0 0.392337
Person 0.0 0 0.0 198.691406 346.596680 344.589844 665.903320 0.0 0.0 0.0 0.0 0.0 0.0 0.0 0.423458
Person 0.0 0 0.0 433.593750 980.529785 685.781250 1077.165527 0.0 0.0 0.0 0.0 0.0 0.0 0.0 0.527317
Person 0.0 0 0.0 85.986328 0.131836 129.521484 83.122559 0.0 0.0 0.0 0.0 0.0 0.0 0.0 0.537041
Person 0.0 0 0.0 235.034180 10.217285 278.247070 105.996094 0.0 0.0 0.0 0.0 0.0 0.0 0.0 0.558327
Person 0.0 0 0.0 37.587891 38.364258 109.248047 186.547852 0.0 0.0 0.0 0.0 0.0 0.0 0.0 0.586996
Person 0.0 0 0.0 224.384766 75.937500 307.646484 318.779297 0.0 0.0 0.0 0.0 0.0 0.0 0.0 0.601125
Person 0.0 0 0.0 104.018555 0.000000 149.340820 74.454346 0.0 0.0 0.0 0.0 0.0 0.0 0.0 0.615088
Person 0.0 0 0.0 1445.273438 0.131836 1515.351562 166.376953 0.0 0.0 0.0 0.0 0.0 0.0 0.0 0.742422
Person 0.0 0 0.0 1230.644531 0.000000 1336.230469 234.338379 0.0 0.0 0.0 0.0 0.0 0.0 0.0 0.889144
Person 0.0 0 0.0 213.164062 420.556641 456.679688 727.998047 0.0 0.0 0.0 0.0 0.0 0.0 0.0 0.894052
Person 0.0 0 0.0 1788.691406 65.061035 1871.308594 288.522949 0.0 0.0 0.0 0.0 0.0 0.0 0.0 0.901921
Person 0.0 0 0.0 1305.966797 0.000000 1422.158203 287.006836 0.0 0.0 0.0 0.0 0.0 0.0 0.0 0.908942
Person 0.0 0 0.0 146.484375 146.008301 269.062500 387.399902 0.0 0.0 0.0 0.0 0.0 0.0 0.0 0.912748
Person 0.0 0 0.0 1166.777344 12.128906 1291.347656 299.794922 0.0 0.0 0.0 0.0 0.0 0.0 0.0 0.921640
Person 0.0 0 0.0 19.365234 124.848633 109.892578 290.434570 0.0 0.0 0.0 0.0 0.0 0.0 0.0 0.934634
Person 0.0 0 0.0 261.328125 99.404297 400.546875 378.105469 0.0 0.0 0.0 0.0 0.0 0.0 0.0 0.938576
Person 0.0 0 0.0 1641.972656 149.699707 1787.402344 412.976074 0.0 0.0 0.0 0.0 0.0 0.0 0.0 0.940134
