Person 0.0 0 0.0 256.552734 56.953125 360.791016 223.066406 0.0 0.0 0.0 0.0 0.0 0.0 0.0 0.304455
Person 0.0 0 0.0 1374.199219 0.000000 1494.550781 141.328125 0.0 0.0 0.0 0.0 0.0 0.0 0.0 0.352202
Person 0.0 0 0.0 252.626953 57.216797 317.841797 150.952148 0.0 0.0 0.0 0.0 0.0 0.0 0.0 0.450359
Person 0.0 0 0.0 227.929688 0.000000 276.914062 90.637207 0.0 0.0 0.0 0.0 0.0 0.0 0.0 0.465873
Person 0.0 0 0.0 47.285156 37.045898 111.386719 187.075195 0.0 0.0 0.0 0.0 0.0 0.0 0.0 0.480479
Person 0.0 0 0.0 1371.445312 0.000000 1465.429688 170.859375 0.0 0.0 0.0 0.0 0.0 0.0 0.0 0.522446
Person 0.0 0 0.0 389.531250 958.117676 667.031250 1076.374512 0.0 0.0 0.0 0.0 0.0 0.0 0.0 0.527317
Person 0.0 0 0.0 467.109375 0.197754 523.828125 132.495117 0.0 0.0 0.0 0.0 0.0 0.0 0.0 0.540924
Person 0.0 0 0.0 126.152344 0.000000 195.410156 93.438721 0.0 0.0 0.0 0.0 0.0 0.0 0.0 0.590779
Person 0.0 0 0.0 26.308594 19.544678 56.367188 96.470947 0.0 0.0 0.0 0.0 0.0 0.0 0.0 0.657538
Person 0.0 0 0.0 1480.722656 0.131836 1564.277344 180.747070 0.0 0.0 0.0 0.0 0.0 0.0 0.0 0.767690
Person 0.0 0 0.0 242.753906 103.886719 375.996094 386.806641 0.0 0.0 0.0 0.0 0.0 0.0 0.0 0.886813
Person 0.0 0 0.0 367.294922 0.000000 455.361328 155.830078 0.0 0.0 0.0 0.0 0.0 0.0 0.0 0.893309
Person 0.0 0 0.0 201.328125 357.011719 416.015625 673.417969 0.0 0.0 0.0 0.0 0.0 0.0 0.0 0.911810
Person 0.0 0 0.0 36.328125 91.955566 126.562500 266.638184 0.0 0.0 0.0 0.0 0.0 0.0 0.0 0.929184
Person 0.0 0 0.0 604.306641 45.615234 722.255859 383.906250 0.0 0.0 0.0 0.0 0.0 0.0 0.0 0.932944
Person 0.0 0 0.0 968.232422 13.710938 1077.392578 322.470703 0.0 0.0 0.0 0.0 0.0 0.0 0.0 0.939692
Person 0.0 0 0.0 168.691406 122.937012 296.542969 364.592285 0.0 0.0 0.0 0.0 0.0 0.0 0.0 0.943556
Person 0.0 0 0.0 341.074219 330.117188 499.863281 656.015625 0.0 0.0 0.0 0.0 0.0 0.0 0.0 0.952750
