Person 0.0 0 0.0 1276.201172 0.000000 1341.298828 236.052246 0.0 0.0 0.0 0.0 0.0 0.0 0.0 0.312790
Person 0.0 0 0.0 192.011719 357.934570 332.519531 660.366211 0.0 0.0 0.0 0.0 0.0 0.0 0.0 0.356223
Person 0.0 0 0.0 1229.648438 0.197754 1329.726562 234.338379 0.0 0.0 0.0 0.0 0.0 0.0 0.0 0.376623
Person 0.0 0 0.0 37.177734 90.043945 119.970703 256.948242 0.0 0.0 0.0 0.0 0.0 0.0 0.0 0.399812
Person 0.0 0 0.0 1383.720703 0.000000 1432.529297 94.822998 0.0 0.0 0.0 0.0 0.0 0.0 0.0 0.421552
Person 0.0 0 0.0 422.578125 966.752930 687.421875 1077.231445 0.0 0.0 0.0 0.0 0.0 0.0 0.0 0.469763
Person 0.0 0 0.0 37.001953 41.660156 113.818359 214.892578 0.0 0.0 0.0 0.0 0.0 0.0 0.0 0.494141
Person 0.0 0 0.0 80.859375 0.131836 126.093750 82.924805 0.0 0.0 0.0 0.0 0.0 0.0 0.0 0.577495
Person 0.0 0 0.0 108.090820 0.000000 145.737305 74.586182 0.0 0.0 0.0 0.0 0.0 0.0 0.0 0.609524
Person 0.0 0 0.0 407.871094 0.000000 499.628906 122.409668 0.0 0.0 0.0 0.0 0.0 0.0 0.0 0.632503
Person 0.0 0 0.0 227.666016 73.630371 309.990234 319.240723 0.0 0.0 0.0 0.0 0.0 0.0 0.0 0.703346
Person 0.0 0 0.0 1411.406250 0.000000 1506.093750 199.467773 0.0 0.0 0.0 0.0 0.0 0.0 0.0 0.815820
Person 0.0 0 0.0 242.871094 410.009766 446.660156 716.396484 0.0 0.0 0.0 0.0 0.0 0.0 0.0 0.836020
Person 0.0 0 0.0 131.923828 0.000000 201.357422 145.744629 0.0 0.0 0.0 0.0 0.0 0.0 0.0 0.880797
Person 0.0 0 0.0 264.550781 96.372070 402.011719 377.709961 0.0 0.0 0.0 0.0 0.0 0.0 0.0 0.923039
Person 0.0 0 0.0 1272.949219 0.000000 1402.675781 269.274902 0.0 0.0 0.0 0.0 0.0 0.0 0.0 0.933188
Person 0.0 0 0.0 1175.976562 10.678711 1310.273438 298.608398 0.0 0.0 0.0 0.0 0.0 0.0 0.0 0.934155
Person 0.0 0 0.0 31.230469 119.575195 111.269531 301.245117 0.0 0.0 0.0 0.0 0.0 0.0 0.0 0.940134
Person 0.0 0 0.0 158.261719 135.329590 284.707031 380.939941 0.0 0.0 0.0 0.0 0.0 0.0 0.0 0.945801
Person 0.0 0 0.0 1680.585938 126.496582 1842.539062 369.206543 0.0 0.0 0.0 0.0 0.0 0.0 0.0 0.947575
