Person 0.0 0 0.0 226.494141 69.774170 309.287109 174.781494 0.0 0.0 0.0 0.0 0.0 0.0 0.0 0.356671
Person 0.0 0 0.0 228.134766 0.000000 287.490234 100.327148 0.0 0.0 0.0 0.0 0.0 0.0 0.0 0.366590
Person 0.0 0 0.0 29.875488 11.173096 59.714355 92.779541 0.0 0.0 0.0 0.0 0.0 0.0 0.0 0.382141
Person 0.0 0 0.0 16.743164 1.911621 58.256836 95.119629 0.0 0.0 0.0 0.0 0.0 0.0 0.0 0.389547
Person 0.0 0 0.0 1822.763672 148.381348 1918.000000 377.116699 0.0 0.0 0.0 0.0 0.0 0.0 0.0 0.608594
Person 0.0 0 0.0 375.820312 935.375977 636.679688 1075.913086 0.0 0.0 0.0 0.0 0.0 0.0 0.0 0.642432
Person 0.0 0 0.0 407.871094 0.000000 458.378906 129.001465 0.0 0.0 0.0 0.0 0.0 0.0 0.0 0.713032
Person 0.0 0 0.0 209.355469 349.892578 393.457031 662.080078 0.0 0.0 0.0 0.0 0.0 0.0 0.0 0.746878
Person 0.0 0 0.0 231.972656 81.738281 386.308594 375.205078 0.0 0.0 0.0 0.0 0.0 0.0 0.0 0.800068
Person 0.0 0 0.0 1263.251953 0.000000 1337.373047 234.404297 0.0 0.0 0.0 0.0 0.0 0.0 0.0 0.840259
Person 0.0 0 0.0 438.603516 0.197754 545.771484 231.042480 0.0 0.0 0.0 0.0 0.0 0.0 0.0 0.858719
Person 0.0 0 0.0 34.746094 42.912598 106.699219 219.704590 0.0 0.0 0.0 0.0 0.0 0.0 0.0 0.864768
Person 0.0 0 0.0 297.011719 371.777344 482.988281 693.457031 0.0 0.0 0.0 0.0 0.0 0.0 0.0 0.896251
Person 0.0 0 0.0 147.919922 4.812012 219.580078 153.259277 0.0 0.0 0.0 0.0 0.0 0.0 0.0 0.903294
Person 0.0 0 0.0 1300.517578 0.000000 1403.232422 289.907227 0.0 0.0 0.0 0.0 0.0 0.0 0.0 0.933915
Person 0.0 0 0.0 354.257812 9.755859 442.148438 179.428711 0.0 0.0 0.0 0.0 0.0 0.0 0.0 0.940572
Person 0.0 0 0.0 1168.886719 6.591797 1292.988281 290.566406 0.0 0.0 0.0 0.0 0.0 0.0 0.0 0.952220
Person 0.0 0 0.0 168.515625 126.826172 291.562500 364.921875 0.0 0.0 0.0 0.0 0.0 0.0 0.0 0.954816
