Person 0.0 0 0.0 309.887695 0.461426 364.174805 111.730957 0.0 0.0 0.0 0.0 0.0 0.0 0.0 0.314471
Person 0.0 0 0.0 34.511719 89.912109 118.535156 257.871094 0.0 0.0 0.0 0.0 0.0 0.0 0.0 0.381220
Person 0.0 0 0.0 241.728516 13.842773 280.927734 118.125000 0.0 0.0 0.0 0.0 0.0 0.0 0.0 0.408277
Person 0.0 0 0.0 198.984375 348.046875 345.703125 666.562500 0.0 0.0 0.0 0.0 0.0 0.0 0.0 0.446495
Person 0.0 0 0.0 37.939453 37.770996 108.662109 187.141113 0.0 0.0 0.0 0.0 0.0 0.0 0.0 0.477554
Person 0.0 0 0.0 273.662109 8.701172 349.775391 142.646484 0.0 0.0 0.0 0.0 0.0 0.0 0.0 0.487307
Person 0.0 0 0.0 81.240234 0.065918 129.228516 83.188477 0.0 0.0 0.0 0.0 0.0 0.0 0.0 0.525369
Person 0.0 0 0.0 427.265625 969.389648 682.734375 1077.758789 0.0 0.0 0.0 0.0 0.0 0.0 0.0 0.538983
Person 0.0 0 0.0 104.340820 0.000000 148.549805 74.915771 0.0 0.0 0.0 0.0 0.0 0.0 0.0 0.606731
Person 0.0 0 0.0 1252.119141 0.000000 1335.380859 234.074707 0.0 0.0 0.0 0.0 0.0 0.0 0.0 0.771155
Person 0.0 0 0.0 197.783203 87.802734 301.435547 333.808594 0.0 0.0 0.0 0.0 0.0 0.0 0.0 0.851953
Person 0.0 0 0.0 1307.109375 0.000000 1413.515625 287.138672 0.0 0.0 0.0 0.0 0.0 0.0 0.0 0.903635
Person 0.0 0 0.0 892.851562 60.117188 1029.023438 387.597656 0.0 0.0 0.0 0.0 0.0 0.0 0.0 0.923316
Person 0.0 0 0.0 33.339844 117.399902 113.261719 301.574707 0.0 0.0 0.0 0.0 0.0 0.0 0.0 0.935110
Person 0.0 0 0.0 1167.304688 9.228516 1288.945312 300.585938 0.0 0.0 0.0 0.0 0.0 0.0 0.0 0.939025
Person 0.0 0 0.0 213.984375 421.347656 456.796875 726.152344 0.0 0.0 0.0 0.0 0.0 0.0 0.0 0.940134
Person 0.0 0 0.0 262.910156 94.790039 400.371094 377.182617 0.0 0.0 0.0 0.0 0.0 0.0 0.0 0.945399
Person 0.0 0 0.0 151.289062 146.601562 272.929688 389.443359 0.0 0.0 0.0 0.0 0.0 0.0 0.0 0.948537
