Person 0.0 0 0.0 234.667969 9.788818 276.738281 83.682861 0.0 0.0 0.0 0.0 0.0 0.0 0.0 0.357119
Person 0.0 0 0.0 57.890625 118.916016 118.242188 258.398438 0.0 0.0 0.0 0.0 0.0 0.0 0.0 0.359364
Person 0.0 0 0.0 274.804688 32.629395 354.257812 154.445801 0.0 0.0 0.0 0.0 0.0 0.0 0.0 0.362969
Person 0.0 0 0.0 285.849609 0.823975 361.962891 113.873291 0.0 0.0 0.0 0.0 0.0 0.0 0.0 0.373876
Person 0.0 0 0.0 233.627930 8.833008 276.840820 116.477051 0.0 0.0 0.0 0.0 0.0 0.0 0.0 0.388618
Person 0.0 0 0.0 197.929688 350.419922 343.007812 666.298828 0.0 0.0 0.0 0.0 0.0 0.0 0.0 0.427277
Person 0.0 0 0.0 428.789062 977.200928 681.210938 1076.275635 0.0 0.0 0.0 0.0 0.0 0.0 0.0 0.497070
Person 0.0 0 0.0 81.020508 0.000000 128.276367 83.089600 0.0 0.0 0.0 0.0 0.0 0.0 0.0 0.540924
Person 0.0 0 0.0 37.353516 38.693848 109.013672 186.613770 0.0 0.0 0.0 0.0 0.0 0.0 0.0 0.610453
Person 0.0 0 0.0 103.286133 0.032959 148.666992 73.795166 0.0 0.0 0.0 0.0 0.0 0.0 0.0 0.638835
Person 0.0 0 0.0 1200.937500 0.197754 1335.937500 232.229004 0.0 0.0 0.0 0.0 0.0 0.0 0.0 0.653127
Person 0.0 0 0.0 1446.240234 0.000000 1523.759766 167.695312 0.0 0.0 0.0 0.0 0.0 0.0 0.0 0.737914
Person 0.0 0 0.0 261.035156 100.063477 401.308594 377.973633 0.0 0.0 0.0 0.0 0.0 0.0 0.0 0.879147
Person 0.0 0 0.0 1306.025391 0.000000 1414.599609 286.743164 0.0 0.0 0.0 0.0 0.0 0.0 0.0 0.899828
Person 0.0 0 0.0 1166.894531 11.733398 1293.105469 300.454102 0.0 0.0 0.0 0.0 0.0 0.0 0.0 0.913984
Person 0.0 0 0.0 147.539062 145.876465 270.820312 388.586426 0.0 0.0 0.0 0.0 0.0 0.0 0.0 0.914291
Person 0.0 0 0.0 212.226562 421.347656 456.210938 727.207031 0.0 0.0 0.0 0.0 0.0 0.0 0.0 0.923039
Person 0.0 0 0.0 1701.152344 162.553711 1829.472656 429.653320 0.0 0.0 0.0 0.0 0.0 0.0 0.0 0.938350
Person 0.0 0 0.0 19.482422 124.914551 109.541016 290.632324 0.0 0.0 0.0 0.0 0.0 0.0 0.0 0.938801
Person 0.0 0 0.0 1734.082031 6.262207 1807.792969 207.443848 0.0 0.0 0.0 0.0 0.0 0.0 0.0 0.953622
