Person 0.0 0 0.0 1390.517578 0.000000 1493.232422 140.932617 0.0 0.0 0.0 0.0 0.0 0.0 0.0 0.313210
Person 0.0 0 0.0 1376.894531 0.000000 1493.730469 141.130371 0.0 0.0 0.0 0.0 0.0 0.0 0.0 0.352202
Person 0.0 0 0.0 47.197266 46.340332 111.474609 187.800293 0.0 0.0 0.0 0.0 0.0 0.0 0.0 0.378459
Person 0.0 0 0.0 25.415039 21.159668 54.799805 97.624512 0.0 0.0 0.0 0.0 0.0 0.0 0.0 0.400749
Person 0.0 0 0.0 149.150391 0.000000 200.537109 77.717285 0.0 0.0 0.0 0.0 0.0 0.0 0.0 0.409221
Person 0.0 0 0.0 253.652344 57.546387 317.285156 154.313965 0.0 0.0 0.0 0.0 0.0 0.0 0.0 0.457137
Person 0.0 0 0.0 254.736328 0.000000 311.982422 70.103760 0.0 0.0 0.0 0.0 0.0 0.0 0.0 0.487307
Person 0.0 0 0.0 1371.708984 0.000000 1461.416016 171.188965 0.0 0.0 0.0 0.0 0.0 0.0 0.0 0.505859
Person 0.0 0 0.0 406.171875 958.315430 671.015625 1077.231445 0.0 0.0 0.0 0.0 0.0 0.0 0.0 0.548674
Person 0.0 0 0.0 427.851562 0.000000 490.429688 124.848633 0.0 0.0 0.0 0.0 0.0 0.0 0.0 0.690142
Person 0.0 0 0.0 245.332031 105.600586 378.105469 386.938477 0.0 0.0 0.0 0.0 0.0 0.0 0.0 0.790530
Person 0.0 0 0.0 1481.103516 0.263672 1563.896484 179.956055 0.0 0.0 0.0 0.0 0.0 0.0 0.0 0.793106
Person 0.0 0 0.0 63.339844 0.000000 127.441406 106.029053 0.0 0.0 0.0 0.0 0.0 0.0 0.0 0.821617
Person 0.0 0 0.0 199.394531 355.561523 410.449219 655.883789 0.0 0.0 0.0 0.0 0.0 0.0 0.0 0.894421
Person 0.0 0 0.0 35.390625 74.025879 126.796875 265.847168 0.0 0.0 0.0 0.0 0.0 0.0 0.0 0.898411
Person 0.0 0 0.0 384.785156 0.000000 454.746094 156.159668 0.0 0.0 0.0 0.0 0.0 0.0 0.0 0.915205
Person 0.0 0 0.0 687.187500 0.000000 786.562500 293.466797 0.0 0.0 0.0 0.0 0.0 0.0 0.0 0.920218
Person 0.0 0 0.0 1006.611328 24.916992 1114.013672 329.458008 0.0 0.0 0.0 0.0 0.0 0.0 0.0 0.945197
Person 0.0 0 0.0 339.316406 333.413086 504.433594 704.926758 0.0 0.0 0.0 0.0 0.0 0.0 0.0 0.947381
Person 0.0 0 0.0 173.437500 119.838867 296.250000 364.526367 0.0 0.0 0.0 0.0 0.0 0.0 0.0 0.956634
