Person 0.0 0 0.0 42.539062 94.394531 119.648438 248.906250 0.0 0.0 0.0 0.0 0.0 0.0 0.0 0.302803
Person 0.0 0 0.0 325.986328 0.527344 413.232422 120.695801 0.0 0.0 0.0 0.0 0.0 0.0 0.0 0.335895
Person 0.0 0 0.0 43.330078 87.967529 111.708984 222.901611 0.0 0.0 0.0 0.0 0.0 0.0 0.0 0.408277
Person 0.0 0 0.0 191.484375 353.320312 346.640625 660.761719 0.0 0.0 0.0 0.0 0.0 0.0 0.0 0.412057
Person 0.0 0 0.0 405.424805 0.000000 464.106445 103.557129 0.0 0.0 0.0 0.0 0.0 0.0 0.0 0.460046
Person 0.0 0 0.0 436.640625 972.421875 684.609375 1076.835938 0.0 0.0 0.0 0.0 0.0 0.0 0.0 0.538012
Person 0.0 0 0.0 80.522461 0.000000 128.774414 84.045410 0.0 0.0 0.0 0.0 0.0 0.0 0.0 0.562177
Person 0.0 0 0.0 38.466797 37.639160 111.767578 188.459473 0.0 0.0 0.0 0.0 0.0 0.0 0.0 0.570810
Person 0.0 0 0.0 103.125000 0.000000 148.359375 73.498535 0.0 0.0 0.0 0.0 0.0 0.0 0.0 0.613237
Person 0.0 0 0.0 1445.419922 0.131836 1524.580078 167.036133 0.0 0.0 0.0 0.0 0.0 0.0 0.0 0.682574
Person 0.0 0 0.0 212.900391 77.453613 295.224609 323.854980 0.0 0.0 0.0 0.0 0.0 0.0 0.0 0.796925
Person 0.0 0 0.0 265.371094 97.031250 402.597656 380.478516 0.0 0.0 0.0 0.0 0.0 0.0 0.0 0.801315
Person 0.0 0 0.0 1777.998047 39.287109 1842.626953 226.757812 0.0 0.0 0.0 0.0 0.0 0.0 0.0 0.842863
Person 0.0 0 0.0 1256.132812 0.000000 1335.117188 234.536133 0.0 0.0 0.0 0.0 0.0 0.0 0.0 0.879147
Person 0.0 0 0.0 222.832031 408.164062 445.136719 716.132812 0.0 0.0 0.0 0.0 0.0 0.0 0.0 0.880797
Person 0.0 0 0.0 1305.673828 0.395508 1407.451172 286.215820 0.0 0.0 0.0 0.0 0.0 0.0 0.0 0.905322
Person 0.0 0 0.0 16.787109 126.826172 112.001953 292.939453 0.0 0.0 0.0 0.0 0.0 0.0 0.0 0.908942
Person 0.0 0 0.0 1168.886719 4.482422 1283.613281 296.894531 0.0 0.0 0.0 0.0 0.0 0.0 0.0 0.919353
Person 0.0 0 0.0 325.312500 2.834473 431.718750 207.575684 0.0 0.0 0.0 0.0 0.0 0.0 0.0 0.926304
Person 0.0 0 0.0 156.855469 136.647949 283.769531 380.676270 0.0 0.0 0.0 0.0 0.0 0.0 0.0 0.942082
