Person 0.0 0 0.0 1371.621094 0.329590 1444.628906 146.667480 0.0 0.0 0.0 0.0 0.0 0.0 0.0 0.336767
Person 0.0 0 0.0 269.121094 0.000000 319.160156 58.716431 0.0 0.0 0.0 0.0 0.0 0.0 0.0 0.352648
Person 0.0 0 0.0 29.501953 2.175293 106.201172 187.272949 0.0 0.0 0.0 0.0 0.0 0.0 0.0 0.354880
Person 0.0 0 0.0 270.292969 0.000000 337.675781 91.560059 0.0 0.0 0.0 0.0 0.0 0.0 0.0 0.382141
Person 0.0 0 0.0 26.835938 19.841309 105.820312 187.932129 0.0 0.0 0.0 0.0 0.0 0.0 0.0 0.411111
Person 0.0 0 0.0 25.107422 19.346924 57.451172 97.064209 0.0 0.0 0.0 0.0 0.0 0.0 0.0 0.422505
Person 0.0 0 0.0 30.278320 0.000000 70.913086 66.165161 0.0 0.0 0.0 0.0 0.0 0.0 0.0 0.428233
Person 0.0 0 0.0 255.234375 57.348633 318.984375 147.919922 0.0 0.0 0.0 0.0 0.0 0.0 0.0 0.464902
Person 0.0 0 0.0 388.359375 969.488525 641.015625 1077.659912 0.0 0.0 0.0 0.0 0.0 0.0 0.0 0.520496
Person 0.0 0 0.0 431.337891 0.000000 490.693359 125.244141 0.0 0.0 0.0 0.0 0.0 0.0 0.0 0.597373
Person 0.0 0 0.0 1479.843750 0.000000 1563.281250 180.285645 0.0 0.0 0.0 0.0 0.0 0.0 0.0 0.678327
Person 0.0 0 0.0 197.929688 352.397461 404.882812 660.102539 0.0 0.0 0.0 0.0 0.0 0.0 0.0 0.817575
Person 0.0 0 0.0 1418.994141 0.065918 1507.880859 196.633301 0.0 0.0 0.0 0.0 0.0 0.0 0.0 0.855369
Person 0.0 0 0.0 38.115234 93.076172 134.384766 266.308594 0.0 0.0 0.0 0.0 0.0 0.0 0.0 0.892187
Person 0.0 0 0.0 244.980469 104.018555 375.644531 387.993164 0.0 0.0 0.0 0.0 0.0 0.0 0.0 0.901575
Person 0.0 0 0.0 378.808594 0.065918 454.628906 156.555176 0.0 0.0 0.0 0.0 0.0 0.0 0.0 0.907312
Person 0.0 0 0.0 687.392578 0.000000 786.357422 293.466797 0.0 0.0 0.0 0.0 0.0 0.0 0.0 0.913677
Person 0.0 0 0.0 1009.892578 26.894531 1110.732422 329.326172 0.0 0.0 0.0 0.0 0.0 0.0 0.0 0.924688
Person 0.0 0 0.0 171.386719 120.432129 295.957031 364.987793 0.0 0.0 0.0 0.0 0.0 0.0 0.0 0.951142
Person 0.0 0 0.0 335.332031 334.072266 503.730469 706.376953 0.0 0.0 0.0 0.0 0.0 0.0 0.0 0.952574
