Person 0.0 0 0.0 500.449219 0.131836 566.425781 83.122559 0.0 0.0 0.0 0.0 0.0 0.0 0.0 0.319971
Person 0.0 0 0.0 22.910156 16.446533 56.660156 95.745850 0.0 0.0 0.0 0.0 0.0 0.0 0.0 0.381220
Person 0.0 0 0.0 260.947266 44.956055 326.396484 149.370117 0.0 0.0 0.0 0.0 0.0 0.0 0.0 0.391406
Person 0.0 0 0.0 385.195312 991.669922 648.867188 1076.572266 0.0 0.0 0.0 0.0 0.0 0.0 0.0 0.398875
Person 0.0 0 0.0 267.451172 0.000000 308.642578 60.051270 0.0 0.0 0.0 0.0 0.0 0.0 0.0 0.444565
Person 0.0 0 0.0 141.035156 0.000000 197.636719 73.992920 0.0 0.0 0.0 0.0 0.0 0.0 0.0 0.461017
Person 0.0 0 0.0 1343.203125 0.000000 1405.546875 168.552246 0.0 0.0 0.0 0.0 0.0 0.0 0.0 0.523420
Person 0.0 0 0.0 91.391602 0.065918 146.616211 79.233398 0.0 0.0 0.0 0.0 0.0 0.0 0.0 0.541894
Person 0.0 0 0.0 31.406250 54.382324 97.851562 215.354004 0.0 0.0 0.0 0.0 0.0 0.0 0.0 0.564098
Person 0.0 0 0.0 431.411133 0.000000 489.213867 125.046387 0.0 0.0 0.0 0.0 0.0 0.0 0.0 0.717012
Person 0.0 0 0.0 1480.400391 0.065918 1564.599609 179.494629 0.0 0.0 0.0 0.0 0.0 0.0 0.0 0.782662
Person 0.0 0 0.0 1382.285156 0.131836 1492.089844 210.937500 0.0 0.0 0.0 0.0 0.0 0.0 0.0 0.816406
Person 0.0 0 0.0 203.730469 350.815430 407.519531 659.575195 0.0 0.0 0.0 0.0 0.0 0.0 0.0 0.851459
Person 0.0 0 0.0 244.804688 105.205078 383.320312 377.314453 0.0 0.0 0.0 0.0 0.0 0.0 0.0 0.871475
Person 0.0 0 0.0 384.785156 0.000000 454.746094 156.357422 0.0 0.0 0.0 0.0 0.0 0.0 0.0 0.886027
Person 0.0 0 0.0 637.675781 0.000000 764.824219 295.971680 0.0 0.0 0.0 0.0 0.0 0.0 0.0 0.887595
Person 0.0 0 0.0 1026.416016 18.852539 1122.333984 328.666992 0.0 0.0 0.0 0.0 0.0 0.0 0.0 0.925230
Person 0.0 0 0.0 320.859375 335.786133 500.390625 696.752930 0.0 0.0 0.0 0.0 0.0 0.0 0.0 0.940572
Person 0.0 0 0.0 173.789062 118.916016 294.726562 364.921875 0.0 0.0 0.0 0.0 0.0 0.0 0.0 0.942507
Person 0.0 0 0.0 85.605469 54.250488 174.316406 235.261230 0.0 0.0 0.0 0.0 0.0 0.0 0.0 0.943764
