Person 0.0 0 0.0 250.957031 33.750000 312.949219 140.800781 0.0 0.0 0.0 0.0 0.0 0.0 0.0 0.362969
Person 0.0 0 0.0 232.060547 72.410889 302.783203 174.649658 0.0 0.0 0.0 0.0 0.0 0.0 0.0 0.374791
Person 0.0 0 0.0 206.015625 351.474609 366.796875 662.607422 0.0 0.0 0.0 0.0 0.0 0.0 0.0 0.442636
Person 0.0 0 0.0 396.445312 943.912354 636.679688 1074.759521 0.0 0.0 0.0 0.0 0.0 0.0 0.0 0.582254
Person 0.0 0 0.0 250.971680 0.000000 304.965820 63.099976 0.0 0.0 0.0 0.0 0.0 0.0 0.0 0.585101
Person 0.0 0 0.0 521.162109 0.065918 616.025391 163.806152 0.0 0.0 0.0 0.0 0.0 0.0 0.0 0.607663
Person 0.0 0 0.0 42.238770 11.931152 69.030762 69.279785 0.0 0.0 0.0 0.0 0.0 0.0 0.0 0.625209
Person 0.0 0 0.0 407.636719 0.000000 476.425781 129.990234 0.0 0.0 0.0 0.0 0.0 0.0 0.0 0.679179
Person 0.0 0 0.0 1437.802734 0.131836 1522.822266 170.595703 0.0 0.0 0.0 0.0 0.0 0.0 0.0 0.730290
Person 0.0 0 0.0 242.167969 96.108398 385.957031 387.465820 0.0 0.0 0.0 0.0 0.0 0.0 0.0 0.819893
Person 0.0 0 0.0 15.864258 3.197021 47.592773 94.757080 0.0 0.0 0.0 0.0 0.0 0.0 0.0 0.837620
Person 0.0 0 0.0 1260.029297 0.000000 1338.720703 234.338379 0.0 0.0 0.0 0.0 0.0 0.0 0.0 0.870157
Person 0.0 0 0.0 34.189453 44.626465 105.732422 219.309082 0.0 0.0 0.0 0.0 0.0 0.0 0.0 0.913368
Person 0.0 0 0.0 149.326172 7.382812 220.048828 154.116211 0.0 0.0 0.0 0.0 0.0 0.0 0.0 0.927626
Person 0.0 0 0.0 251.601562 388.256836 482.460938 698.071289 0.0 0.0 0.0 0.0 0.0 0.0 0.0 0.936285
Person 0.0 0 0.0 1301.103516 0.000000 1397.021484 289.116211 0.0 0.0 0.0 0.0 0.0 0.0 0.0 0.938124
Person 0.0 0 0.0 315.849609 17.006836 415.400391 211.464844 0.0 0.0 0.0 0.0 0.0 0.0 0.0 0.940353
Person 0.0 0 0.0 168.867188 127.287598 290.742188 368.151855 0.0 0.0 0.0 0.0 0.0 0.0 0.0 0.956145
Person 0.0 0 0.0 1169.677734 10.942383 1288.447266 290.434570 0.0 0.0 0.0 0.0 0.0 0.0 0.0 0.959611
