Person 0.0 0 0.0 203.261719 354.111328 416.894531 662.080078 0.0 0.0 0.0 0.0 0.0 0.0 0.0 0.325092
Person 0.0 0 0.0 202.207031 353.979492 357.011719 664.848633 0.0 0.0 0.0 0.0 0.0 0.0 0.0 0.397003
Person 0.0 0 0.0 42.187500 93.471680 119.414062 255.629883 0.0 0.0 0.0 0.0 0.0 0.0 0.0 0.397938
Person 0.0 0 0.0 1013.496094 0.000000 1075.253906 83.452148 0.0 0.0 0.0 0.0 0.0 0.0 0.0 0.413951
Person 0.0 0 0.0 37.646484 40.209961 112.587891 213.706055 0.0 0.0 0.0 0.0 0.0 0.0 0.0 0.435902
Person 0.0 0 0.0 365.273438 971.762695 625.664062 1077.495117 0.0 0.0 0.0 0.0 0.0 0.0 0.0 0.493164
Person 0.0 0 0.0 233.671875 63.676758 308.203125 172.045898 0.0 0.0 0.0 0.0 0.0 0.0 0.0 0.519521
Person 0.0 0 0.0 81.298828 0.000000 127.646484 83.551025 0.0 0.0 0.0 0.0 0.0 0.0 0.0 0.672332
Person 0.0 0 0.0 104.809570 0.000000 147.612305 73.564453 0.0 0.0 0.0 0.0 0.0 0.0 0.0 0.717012
Person 0.0 0 0.0 1437.832031 0.000000 1520.917969 170.200195 0.0 0.0 0.0 0.0 0.0 0.0 0.0 0.824462
Person 0.0 0 0.0 1262.490234 0.000000 1330.634766 234.799805 0.0 0.0 0.0 0.0 0.0 0.0 0.0 0.846451
Person 0.0 0 0.0 1179.404297 3.823242 1280.595703 300.190430 0.0 0.0 0.0 0.0 0.0 0.0 0.0 0.908293
Person 0.0 0 0.0 195.410156 0.000000 253.652344 143.701172 0.0 0.0 0.0 0.0 0.0 0.0 0.0 0.927888
Person 0.0 0 0.0 241.933594 403.022461 457.441406 714.946289 0.0 0.0 0.0 0.0 0.0 0.0 0.0 0.932207
Person 0.0 0 0.0 240.410156 111.401367 398.027344 379.819336 0.0 0.0 0.0 0.0 0.0 0.0 0.0 0.941868
Person 0.0 0 0.0 33.720703 115.751953 116.513672 297.421875 0.0 0.0 0.0 0.0 0.0 0.0 0.0 0.944995
Person 0.0 0 0.0 1300.488281 0.000000 1397.636719 288.984375 0.0 0.0 0.0 0.0 0.0 0.0 0.0 0.947381
Person 0.0 0 0.0 159.316406 133.022461 291.386719 364.526367 0.0 0.0 0.0 0.0 0.0 0.0 0.0 0.949482
