Person 0.0 0 0.0 1371.914062 0.000000 1493.085938 140.405273 0.0 0.0 0.0 0.0 0.0 0.0 0.0 0.329823
Person 0.0 0 0.0 142.587891 0.000000 196.787109 85.957031 0.0 0.0 0.0 0.0 0.0 0.0 0.0 0.391406
Person 0.0 0 0.0 24.631348 20.797119 53.122559 96.734619 0.0 0.0 0.0 0.0 0.0 0.0 0.0 0.420600
Person 0.0 0 0.0 381.093750 970.378418 632.343750 1077.824707 0.0 0.0 0.0 0.0 0.0 0.0 0.0 0.430147
Person 0.0 0 0.0 44.677734 34.738770 109.306641 187.800293 0.0 0.0 0.0 0.0 0.0 0.0 0.0 0.447460
Person 0.0 0 0.0 503.789062 0.000000 549.023438 132.659912 0.0 0.0 0.0 0.0 0.0 0.0 0.0 0.467818
Person 0.0 0 0.0 1370.566406 0.000000 1458.808594 171.188965 0.0 0.0 0.0 0.0 0.0 0.0 0.0 0.492188
Person 0.0 0 0.0 258.896484 57.150879 359.384766 296.433105 0.0 0.0 0.0 0.0 0.0 0.0 0.0 0.518546
Person 0.0 0 0.0 1091.572266 0.197754 1169.677734 158.664551 0.0 0.0 0.0 0.0 0.0 0.0 0.0 0.637934
Person 0.0 0 0.0 249.609375 0.000000 300.703125 80.518799 0.0 0.0 0.0 0.0 0.0 0.0 0.0 0.651355
Person 0.0 0 0.0 1480.722656 0.197754 1564.277344 179.758301 0.0 0.0 0.0 0.0 0.0 0.0 0.0 0.665411
Person 0.0 0 0.0 173.173828 120.959473 279.169922 364.460449 0.0 0.0 0.0 0.0 0.0 0.0 0.0 0.819893
Person 0.0 0 0.0 205.898438 357.539062 416.132812 671.835938 0.0 0.0 0.0 0.0 0.0 0.0 0.0 0.882428
Person 0.0 0 0.0 441.738281 0.000000 518.261719 165.585938 0.0 0.0 0.0 0.0 0.0 0.0 0.0 0.891811
Person 0.0 0 0.0 392.343750 0.197754 496.406250 233.151855 0.0 0.0 0.0 0.0 0.0 0.0 0.0 0.907312
Person 0.0 0 0.0 35.302734 88.593750 126.884766 265.781250 0.0 0.0 0.0 0.0 0.0 0.0 0.0 0.909265
Person 0.0 0 0.0 335.156250 323.789062 500.625000 664.980469 0.0 0.0 0.0 0.0 0.0 0.0 0.0 0.929440
Person 0.0 0 0.0 928.212891 6.064453 1025.537109 317.724609 0.0 0.0 0.0 0.0 0.0 0.0 0.0 0.956957
Person 0.0 0 0.0 225.175781 127.353516 350.449219 413.173828 0.0 0.0 0.0 0.0 0.0 0.0 0.0 0.959762
Person 0.0 0 0.0 477.070312 329.985352 682.617188 779.545898 0.0 0.0 0.0 0.0 0.0 0.0 0.0 0.962953
