Person 0.0 0 0.0 206.250000 352.661133 417.656250 664.584961 0.0 0.0 0.0 0.0 0.0 0.0 0.0 0.335024
Person 0.0 0 0.0 205.722656 352.924805 357.246094 668.012695 0.0 0.0 0.0 0.0 0.0 0.0 0.0 0.397938
Person 0.0 0 0.0 1013.203125 0.000000 1075.546875 83.155518 0.0 0.0 0.0 0.0 0.0 0.0 0.0 0.404507
Person 0.0 0 0.0 38.144531 89.912109 119.238281 257.080078 0.0 0.0 0.0 0.0 0.0 0.0 0.0 0.440710
Person 0.0 0 0.0 37.705078 39.550781 111.708984 215.683594 0.0 0.0 0.0 0.0 0.0 0.0 0.0 0.447460
Person 0.0 0 0.0 233.056641 65.028076 309.287109 173.594971 0.0 0.0 0.0 0.0 0.0 0.0 0.0 0.464902
Person 0.0 0 0.0 364.804688 972.026367 623.320312 1077.231445 0.0 0.0 0.0 0.0 0.0 0.0 0.0 0.538012
Person 0.0 0 0.0 81.386719 0.000000 127.558594 83.320312 0.0 0.0 0.0 0.0 0.0 0.0 0.0 0.659295
Person 0.0 0 0.0 104.853516 0.000000 147.568359 73.498535 0.0 0.0 0.0 0.0 0.0 0.0 0.0 0.709019
Person 0.0 0 0.0 1437.890625 0.065918 1520.859375 170.134277 0.0 0.0 0.0 0.0 0.0 0.0 0.0 0.792464
Person 0.0 0 0.0 1261.582031 0.000000 1327.792969 236.118164 0.0 0.0 0.0 0.0 0.0 0.0 0.0 0.809276
Person 0.0 0 0.0 195.498047 0.000000 252.861328 144.030762 0.0 0.0 0.0 0.0 0.0 0.0 0.0 0.912436
Person 0.0 0 0.0 245.566406 105.468750 400.371094 383.378906 0.0 0.0 0.0 0.0 0.0 0.0 0.0 0.917303
Person 0.0 0 0.0 244.042969 401.440430 457.675781 714.418945 0.0 0.0 0.0 0.0 0.0 0.0 0.0 0.928926
Person 0.0 0 0.0 1300.400391 0.000000 1397.724609 288.984375 0.0 0.0 0.0 0.0 0.0 0.0 0.0 0.929184
Person 0.0 0 0.0 1182.128906 1.845703 1277.871094 303.222656 0.0 0.0 0.0 0.0 0.0 0.0 0.0 0.931213
Person 0.0 0 0.0 32.607422 117.531738 111.767578 300.651855 0.0 0.0 0.0 0.0 0.0 0.0 0.0 0.934872
Person 0.0 0 0.0 158.964844 131.572266 291.035156 365.976562 0.0 0.0 0.0 0.0 0.0 0.0 0.0 0.936981
