Person 0.0 0 0.0 369.082031 0.000000 431.542969 121.750488 0.0 0.0 0.0 0.0 0.0 0.0 0.0 0.391406
Person 0.0 0 0.0 43.886719 89.846191 119.589844 257.145996 0.0 0.0 0.0 0.0 0.0 0.0 0.0 0.424412
Person 0.0 0 0.0 195.000000 350.288086 350.625000 662.211914 0.0 0.0 0.0 0.0 0.0 0.0 0.0 0.426322
Person 0.0 0 0.0 1428.662109 0.000000 1468.212891 74.322510 0.0 0.0 0.0 0.0 0.0 0.0 0.0 0.459076
Person 0.0 0 0.0 38.203125 38.693848 112.617188 189.777832 0.0 0.0 0.0 0.0 0.0 0.0 0.0 0.500977
Person 0.0 0 0.0 1241.601562 0.000000 1329.023438 234.074707 0.0 0.0 0.0 0.0 0.0 0.0 0.0 0.514644
Person 0.0 0 0.0 440.742188 973.311768 703.945312 1077.000732 0.0 0.0 0.0 0.0 0.0 0.0 0.0 0.602062
Person 0.0 0 0.0 80.302734 0.000000 128.173828 84.506836 0.0 0.0 0.0 0.0 0.0 0.0 0.0 0.670608
Person 0.0 0 0.0 104.194336 0.000000 148.227539 73.498535 0.0 0.0 0.0 0.0 0.0 0.0 0.0 0.725649
Person 0.0 0 0.0 1446.152344 0.329590 1523.847656 168.288574 0.0 0.0 0.0 0.0 0.0 0.0 0.0 0.795022
Person 0.0 0 0.0 1177.441406 11.469727 1303.183594 297.553711 0.0 0.0 0.0 0.0 0.0 0.0 0.0 0.805020
Person 0.0 0 0.0 227.197266 68.620605 309.521484 318.977051 0.0 0.0 0.0 0.0 0.0 0.0 0.0 0.815820
Person 0.0 0 0.0 1321.230469 0.000000 1451.894531 282.919922 0.0 0.0 0.0 0.0 0.0 0.0 0.0 0.898053
Person 0.0 0 0.0 226.933594 411.328125 446.191406 715.078125 0.0 0.0 0.0 0.0 0.0 0.0 0.0 0.917893
Person 0.0 0 0.0 32.490234 115.026855 111.650391 301.311035 0.0 0.0 0.0 0.0 0.0 0.0 0.0 0.932699
Person 0.0 0 0.0 264.375000 96.108398 403.593750 377.973633 0.0 0.0 0.0 0.0 0.0 0.0 0.0 0.941439
Person 0.0 0 0.0 331.289062 0.988770 433.242188 196.105957 0.0 0.0 0.0 0.0 0.0 0.0 0.0 0.948728
Person 0.0 0 0.0 157.792969 134.736328 283.769531 380.214844 0.0 0.0 0.0 0.0 0.0 0.0 0.0 0.960952
