Person 0.0 0 0.0 1075.429688 0.000000 1148.320312 211.069336 0.0 0.0 0.0 0.0 0.0 0.0 0.0 0.346873
Person 0.0 0 0.0 140.712891 0.000000 197.958984 86.187744 0.0 0.0 0.0 0.0 0.0 0.0 0.0 0.442636
Person 0.0 0 0.0 45.937500 42.187500 108.867188 189.052734 0.0 0.0 0.0 0.0 0.0 0.0 0.0 0.483405
Person 0.0 0 0.0 395.566406 981.749268 630.996094 1077.000732 0.0 0.0 0.0 0.0 0.0 0.0 0.0 0.496094
Person 0.0 0 0.0 340.869141 0.000000 392.255859 111.500244 0.0 0.0 0.0 0.0 0.0 0.0 0.0 0.569853
Person 0.0 0 0.0 24.389648 19.742432 53.657227 95.416260 0.0 0.0 0.0 0.0 0.0 0.0 0.0 0.610453
Person 0.0 0 0.0 490.766602 0.000000 547.045898 137.504883 0.0 0.0 0.0 0.0 0.0 0.0 0.0 0.641535
Person 0.0 0 0.0 257.255859 56.425781 366.650391 291.093750 0.0 0.0 0.0 0.0 0.0 0.0 0.0 0.667148
Person 0.0 0 0.0 1370.742188 0.000000 1471.757812 171.254883 0.0 0.0 0.0 0.0 0.0 0.0 0.0 0.724091
Person 0.0 0 0.0 1481.103516 0.263672 1563.896484 179.956055 0.0 0.0 0.0 0.0 0.0 0.0 0.0 0.752740
Person 0.0 0 0.0 174.082031 118.784180 279.667969 364.790039 0.0 0.0 0.0 0.0 0.0 0.0 0.0 0.870157
Person 0.0 0 0.0 1063.359375 0.988770 1147.265625 236.447754 0.0 0.0 0.0 0.0 0.0 0.0 0.0 0.873647
Person 0.0 0 0.0 204.199219 360.834961 415.957031 671.704102 0.0 0.0 0.0 0.0 0.0 0.0 0.0 0.889144
Person 0.0 0 0.0 424.570312 0.000000 519.960938 168.222656 0.0 0.0 0.0 0.0 0.0 0.0 0.0 0.912436
Person 0.0 0 0.0 38.349609 90.241699 127.236328 266.770020 0.0 0.0 0.0 0.0 0.0 0.0 0.0 0.930205
Person 0.0 0 0.0 372.832031 71.982422 527.167969 352.529297 0.0 0.0 0.0 0.0 0.0 0.0 0.0 0.941007
Person 0.0 0 0.0 329.121094 332.753906 500.566406 656.542969 0.0 0.0 0.0 0.0 0.0 0.0 0.0 0.950227
Person 0.0 0 0.0 821.982422 0.000000 918.955078 286.611328 0.0 0.0 0.0 0.0 0.0 0.0 0.0 0.952926
Person 0.0 0 0.0 227.050781 130.913086 340.136719 409.614258 0.0 0.0 0.0 0.0 0.0 0.0 0.0 0.962250
Person 0.0 0 0.0 545.156250 490.166016 813.281250 862.998047 0.0 0.0 0.0 0.0 0.0 0.0 0.0 0.964987
