Person 0.0 0 0.0 201.855469 353.320312 418.769531 663.925781 0.0 0.0 0.0 0.0 0.0 0.0 0.0 0.317850
Person 0.0 0 0.0 37.236328 87.934570 118.974609 257.475586 0.0 0.0 0.0 0.0 0.0 0.0 0.0 0.359364
Person 0.0 0 0.0 199.218750 352.529297 356.250000 664.716797 0.0 0.0 0.0 0.0 0.0 0.0 0.0 0.425367
Person 0.0 0 0.0 1063.842773 0.000000 1118.657227 111.928711 0.0 0.0 0.0 0.0 0.0 0.0 0.0 0.481454
Person 0.0 0 0.0 37.294922 38.693848 113.525391 215.749512 0.0 0.0 0.0 0.0 0.0 0.0 0.0 0.485356
Person 0.0 0 0.0 365.273438 978.980713 594.726562 1077.659912 0.0 0.0 0.0 0.0 0.0 0.0 0.0 0.529263
Person 0.0 0 0.0 81.254883 0.065918 128.041992 82.858887 0.0 0.0 0.0 0.0 0.0 0.0 0.0 0.616012
Person 0.0 0 0.0 104.560547 0.000000 149.267578 76.398926 0.0 0.0 0.0 0.0 0.0 0.0 0.0 0.667148
Person 0.0 0 0.0 234.697266 65.852051 312.802734 318.317871 0.0 0.0 0.0 0.0 0.0 0.0 0.0 0.701713
Person 0.0 0 0.0 1264.204102 0.000000 1319.545898 234.140625 0.0 0.0 0.0 0.0 0.0 0.0 0.0 0.730290
Person 0.0 0 0.0 1437.187500 0.065918 1519.687500 170.134277 0.0 0.0 0.0 0.0 0.0 0.0 0.0 0.784649
Person 0.0 0 0.0 1175.039062 6.064453 1286.835938 298.476562 0.0 0.0 0.0 0.0 0.0 0.0 0.0 0.921358
Person 0.0 0 0.0 193.242188 0.000000 255.117188 144.492188 0.0 0.0 0.0 0.0 0.0 0.0 0.0 0.927626
Person 0.0 0 0.0 268.417969 94.658203 400.957031 377.314453 0.0 0.0 0.0 0.0 0.0 0.0 0.0 0.928668
Person 0.0 0 0.0 32.607422 117.663574 113.408203 301.838379 0.0 0.0 0.0 0.0 0.0 0.0 0.0 0.933188
Person 0.0 0 0.0 1300.429688 0.000000 1403.320312 288.984375 0.0 0.0 0.0 0.0 0.0 0.0 0.0 0.941223
Person 0.0 0 0.0 241.171875 405.659180 457.734375 714.418945 0.0 0.0 0.0 0.0 0.0 0.0 0.0 0.943764
Person 0.0 0 0.0 162.714844 131.044922 291.035156 364.658203 0.0 0.0 0.0 0.0 0.0 0.0 0.0 0.952397
