Person 0.0 0 0.0 40.678711 38.529053 83.540039 112.291260 0.0 0.0 0.0 0.0 0.0 0.0 0.0 0.320821
Person 0.0 0 0.0 40.546875 90.175781 119.531250 257.080078 0.0 0.0 0.0 0.0 0.0 0.0 0.0 0.380299
Person 0.0 0 0.0 39.697266 41.989746 111.357422 191.359863 0.0 0.0 0.0 0.0 0.0 0.0 0.0 0.448426
Person 0.0 0 0.0 190.429688 352.924805 358.007812 677.504883 0.0 0.0 0.0 0.0 0.0 0.0 0.0 0.498047
Person 0.0 0 0.0 440.273438 966.225586 695.976562 1076.704102 0.0 0.0 0.0 0.0 0.0 0.0 0.0 0.583203
Person 0.0 0 0.0 212.988281 0.000000 282.011719 98.052979 0.0 0.0 0.0 0.0 0.0 0.0 0.0 0.601125
Person 0.0 0 0.0 81.562500 0.000000 127.382812 83.023682 0.0 0.0 0.0 0.0 0.0 0.0 0.0 0.680029
Person 0.0 0 0.0 105.058594 0.000000 148.769531 76.333008 0.0 0.0 0.0 0.0 0.0 0.0 0.0 0.720958
Person 0.0 0 0.0 1446.269531 0.000000 1529.355469 167.695312 0.0 0.0 0.0 0.0 0.0 0.0 0.0 0.744656
Person 0.0 0 0.0 220.312500 71.125488 309.375000 319.372559 0.0 0.0 0.0 0.0 0.0 0.0 0.0 0.823328
Person 0.0 0 0.0 1315.898438 0.131836 1451.601562 284.106445 0.0 0.0 0.0 0.0 0.0 0.0 0.0 0.901921
Person 0.0 0 0.0 1239.375000 0.000000 1323.750000 233.481445 0.0 0.0 0.0 0.0 0.0 0.0 0.0 0.914596
Person 0.0 0 0.0 265.664062 95.581055 401.367188 377.709961 0.0 0.0 0.0 0.0 0.0 0.0 0.0 0.918480
Person 0.0 0 0.0 229.277344 412.382812 446.191406 715.078125 0.0 0.0 0.0 0.0 0.0 0.0 0.0 0.923316
Person 0.0 0 0.0 350.507812 1.384277 438.398438 194.919434 0.0 0.0 0.0 0.0 0.0 0.0 0.0 0.925500
Person 0.0 0 0.0 32.431641 117.927246 114.755859 301.047363 0.0 0.0 0.0 0.0 0.0 0.0 0.0 0.950595
Person 0.0 0 0.0 1161.445312 3.955078 1255.429688 292.148438 0.0 0.0 0.0 0.0 0.0 0.0 0.0 0.954137
Person 0.0 0 0.0 155.800781 136.713867 284.121094 381.137695 0.0 0.0 0.0 0.0 0.0 0.0 0.0 0.956957
