Person 0.0 0 0.0 141.108398 0.000000 196.860352 86.055908 0.0 0.0 0.0 0.0 0.0 0.0 0.0 0.362066
Person 0.0 0 0.0 1390.136719 0.000000 1493.613281 140.866699 0.0 0.0 0.0 0.0 0.0 0.0 0.0 0.375706
Person 0.0 0 0.0 24.338379 21.027832 52.829590 96.240234 0.0 0.0 0.0 0.0 0.0 0.0 0.0 0.404507
Person 0.0 0 0.0 43.886719 35.200195 110.332031 188.129883 0.0 0.0 0.0 0.0 0.0 0.0 0.0 0.478529
Person 0.0 0 0.0 384.140625 971.037598 634.921875 1077.165527 0.0 0.0 0.0 0.0 0.0 0.0 0.0 0.484380
Person 0.0 0 0.0 498.295898 0.000000 547.954102 132.956543 0.0 0.0 0.0 0.0 0.0 0.0 0.0 0.485356
Person 0.0 0 0.0 1370.859375 0.000000 1456.640625 170.925293 0.0 0.0 0.0 0.0 0.0 0.0 0.0 0.558327
Person 0.0 0 0.0 254.824219 0.000000 304.863281 82.628174 0.0 0.0 0.0 0.0 0.0 0.0 0.0 0.627038
Person 0.0 0 0.0 1480.722656 0.131836 1564.277344 179.824219 0.0 0.0 0.0 0.0 0.0 0.0 0.0 0.720958
Person 0.0 0 0.0 1082.490234 0.065918 1163.759766 171.057129 0.0 0.0 0.0 0.0 0.0 0.0 0.0 0.722527
Person 0.0 0 0.0 172.587891 118.652344 279.755859 363.076172 0.0 0.0 0.0 0.0 0.0 0.0 0.0 0.793746
Person 0.0 0 0.0 260.917969 53.393555 361.582031 299.926758 0.0 0.0 0.0 0.0 0.0 0.0 0.0 0.827271
Person 0.0 0 0.0 206.308594 357.407227 416.191406 673.549805 0.0 0.0 0.0 0.0 0.0 0.0 0.0 0.851459
Person 0.0 0 0.0 435.937500 0.000000 518.437500 169.475098 0.0 0.0 0.0 0.0 0.0 0.0 0.0 0.864768
Person 0.0 0 0.0 36.386719 89.780273 127.089844 266.176758 0.0 0.0 0.0 0.0 0.0 0.0 0.0 0.900879
Person 0.0 0 0.0 337.968750 323.129883 501.093750 660.366211 0.0 0.0 0.0 0.0 0.0 0.0 0.0 0.933188
Person 0.0 0 0.0 389.882812 12.458496 490.898438 268.088379 0.0 0.0 0.0 0.0 0.0 0.0 0.0 0.938350
Person 0.0 0 0.0 908.232422 7.778320 1013.642578 301.245117 0.0 0.0 0.0 0.0 0.0 0.0 0.0 0.951323
Person 0.0 0 0.0 226.875000 130.385742 345.468750 413.833008 0.0 0.0 0.0 0.0 0.0 0.0 0.0 0.963092
Person 0.0 0 0.0 473.320312 364.130859 716.367188 778.095703 0.0 0.0 0.0 0.0 0.0 0.0 0.0 0.965381
