Person 0.0 0 0.0 1197.011719 0.000000 1330.488281 224.582520 0.0 0.0 0.0 0.0 0.0 0.0 0.0 0.321247
Person 0.0 0 0.0 1196.132812 1.054688 1305.117188 224.648438 0.0 0.0 0.0 0.0 0.0 0.0 0.0 0.334155
Person 0.0 0 0.0 1230.117188 0.065918 1333.007812 231.965332 0.0 0.0 0.0 0.0 0.0 0.0 0.0 0.368406
Person 0.0 0 0.0 251.704102 0.000000 291.108398 101.777344 0.0 0.0 0.0 0.0 0.0 0.0 0.0 0.369315
Person 0.0 0 0.0 192.539062 355.693359 345.117188 666.826172 0.0 0.0 0.0 0.0 0.0 0.0 0.0 0.381220
Person 0.0 0 0.0 282.421875 7.053223 385.546875 231.174316 0.0 0.0 0.0 0.0 0.0 0.0 0.0 0.491212
Person 0.0 0 0.0 72.656250 0.000000 116.367188 96.734619 0.0 0.0 0.0 0.0 0.0 0.0 0.0 0.524395
Person 0.0 0 0.0 436.289062 974.729004 692.460938 1077.692871 0.0 0.0 0.0 0.0 0.0 0.0 0.0 0.558327
Person 0.0 0 0.0 105.805664 0.000000 149.428711 70.960693 0.0 0.0 0.0 0.0 0.0 0.0 0.0 0.679179
Person 0.0 0 0.0 354.052734 0.000000 422.197266 131.308594 0.0 0.0 0.0 0.0 0.0 0.0 0.0 0.688468
Person 0.0 0 0.0 35.566406 38.693848 107.753906 216.540527 0.0 0.0 0.0 0.0 0.0 0.0 0.0 0.694303
Person 0.0 0 0.0 106.083984 49.504395 163.447266 162.355957 0.0 0.0 0.0 0.0 0.0 0.0 0.0 0.771843
Person 0.0 0 0.0 207.626953 78.574219 307.529297 334.599609 0.0 0.0 0.0 0.0 0.0 0.0 0.0 0.871037
Person 0.0 0 0.0 1303.300781 0.000000 1411.699219 286.743164 0.0 0.0 0.0 0.0 0.0 0.0 0.0 0.875361
Person 0.0 0 0.0 222.597656 420.820312 457.089844 726.679688 0.0 0.0 0.0 0.0 0.0 0.0 0.0 0.909586
Person 0.0 0 0.0 510.966797 11.733398 625.283203 285.424805 0.0 0.0 0.0 0.0 0.0 0.0 0.0 0.917598
Person 0.0 0 0.0 148.183594 148.051758 273.925781 396.694336 0.0 0.0 0.0 0.0 0.0 0.0 0.0 0.921922
Person 0.0 0 0.0 32.724609 118.718262 107.431641 300.783691 0.0 0.0 0.0 0.0 0.0 0.0 0.0 0.931960
Person 0.0 0 0.0 1187.753906 14.370117 1302.246094 301.508789 0.0 0.0 0.0 0.0 0.0 0.0 0.0 0.936052
Person 0.0 0 0.0 265.078125 93.999023 401.015625 377.182617 0.0 0.0 0.0 0.0 0.0 0.0 0.0 0.942295
