Person 0.0 0 0.0 314.589844 10.382080 363.222656 140.701904 0.0 0.0 0.0 0.0 0.0 0.0 0.0 0.330255
Person 0.0 0 0.0 224.531250 70.103760 307.500000 175.638428 0.0 0.0 0.0 0.0 0.0 0.0 0.0 0.399812
Person 0.0 0 0.0 16.508789 1.153564 57.319336 97.921143 0.0 0.0 0.0 0.0 0.0 0.0 0.0 0.514644
Person 0.0 0 0.0 230.522461 0.000000 288.852539 105.633545 0.0 0.0 0.0 0.0 0.0 0.0 0.0 0.576542
Person 0.0 0 0.0 370.781250 929.113770 641.718750 1076.901855 0.0 0.0 0.0 0.0 0.0 0.0 0.0 0.627951
Person 0.0 0 0.0 1438.125000 0.197754 1522.500000 170.925293 0.0 0.0 0.0 0.0 0.0 0.0 0.0 0.743913
Person 0.0 0 0.0 1802.285156 148.513184 1918.000000 377.775879 0.0 0.0 0.0 0.0 0.0 0.0 0.0 0.768386
Person 0.0 0 0.0 204.785156 351.738281 396.152344 662.871094 0.0 0.0 0.0 0.0 0.0 0.0 0.0 0.783988
Person 0.0 0 0.0 1260.966797 0.000000 1337.783203 235.195312 0.0 0.0 0.0 0.0 0.0 0.0 0.0 0.848471
Person 0.0 0 0.0 34.980469 45.615234 107.753906 218.979492 0.0 0.0 0.0 0.0 0.0 0.0 0.0 0.857291
Person 0.0 0 0.0 241.757812 100.195312 386.835938 373.623047 0.0 0.0 0.0 0.0 0.0 0.0 0.0 0.860604
Person 0.0 0 0.0 423.281250 1.911621 545.156250 233.020020 0.0 0.0 0.0 0.0 0.0 0.0 0.0 0.870157
Person 0.0 0 0.0 292.910156 366.503906 481.933594 692.402344 0.0 0.0 0.0 0.0 0.0 0.0 0.0 0.879561
Person 0.0 0 0.0 347.167969 9.689941 445.957031 179.758301 0.0 0.0 0.0 0.0 0.0 0.0 0.0 0.893309
Person 0.0 0 0.0 1301.074219 0.000000 1402.675781 289.511719 0.0 0.0 0.0 0.0 0.0 0.0 0.0 0.923039
Person 0.0 0 0.0 148.066406 5.471191 219.433594 152.336426 0.0 0.0 0.0 0.0 0.0 0.0 0.0 0.923592
Person 0.0 0 0.0 1169.355469 4.218750 1294.394531 291.884766 0.0 0.0 0.0 0.0 0.0 0.0 0.0 0.951863
Person 0.0 0 0.0 169.453125 126.562500 291.796875 365.449219 0.0 0.0 0.0 0.0 0.0 0.0 0.0 0.955981
