Person 0.0 0 0.0 1369.394531 0.000000 1493.730469 141.262207 0.0 0.0 0.0 0.0 0.0 0.0 0.0 0.376623
Person 0.0 0 0.0 255.761719 44.296875 323.144531 204.082031 0.0 0.0 0.0 0.0 0.0 0.0 0.0 0.379378
Person 0.0 0 0.0 256.728516 44.362793 341.865234 302.102051 0.0 0.0 0.0 0.0 0.0 0.0 0.0 0.407333
Person 0.0 0 0.0 142.573242 0.000000 197.270508 83.946533 0.0 0.0 0.0 0.0 0.0 0.0 0.0 0.455199
Person 0.0 0 0.0 79.394531 0.395508 126.386719 74.948730 0.0 0.0 0.0 0.0 0.0 0.0 0.0 0.475605
Person 0.0 0 0.0 382.558594 976.080322 614.003906 1076.341553 0.0 0.0 0.0 0.0 0.0 0.0 0.0 0.493164
Person 0.0 0 0.0 507.114258 0.000000 551.323242 137.900391 0.0 0.0 0.0 0.0 0.0 0.0 0.0 0.498047
Person 0.0 0 0.0 41.865234 41.660156 110.009766 188.393555 0.0 0.0 0.0 0.0 0.0 0.0 0.0 0.547706
Person 0.0 0 0.0 1361.396484 0.000000 1467.978516 173.232422 0.0 0.0 0.0 0.0 0.0 0.0 0.0 0.736401
Person 0.0 0 0.0 37.001953 75.871582 126.708984 265.847168 0.0 0.0 0.0 0.0 0.0 0.0 0.0 0.743168
Person 0.0 0 0.0 812.988281 0.131836 924.199219 220.429688 0.0 0.0 0.0 0.0 0.0 0.0 0.0 0.803174
Person 0.0 0 0.0 1480.312500 0.131836 1566.562500 179.824219 0.0 0.0 0.0 0.0 0.0 0.0 0.0 0.811078
Person 0.0 0 0.0 452.167969 0.000000 520.957031 162.619629 0.0 0.0 0.0 0.0 0.0 0.0 0.0 0.830044
Person 0.0 0 0.0 1029.755859 0.065918 1115.244141 220.891113 0.0 0.0 0.0 0.0 0.0 0.0 0.0 0.849472
Person 0.0 0 0.0 209.648438 352.529297 416.601562 670.517578 0.0 0.0 0.0 0.0 0.0 0.0 0.0 0.893681
Person 0.0 0 0.0 306.093750 109.753418 464.062500 379.357910 0.0 0.0 0.0 0.0 0.0 0.0 0.0 0.902266
Person 0.0 0 0.0 402.656250 0.395508 498.750000 235.327148 0.0 0.0 0.0 0.0 0.0 0.0 0.0 0.936518
Person 0.0 0 0.0 211.992188 136.582031 351.914062 419.238281 0.0 0.0 0.0 0.0 0.0 0.0 0.0 0.950041
Person 0.0 0 0.0 343.300781 315.351562 499.511719 659.179688 0.0 0.0 0.0 0.0 0.0 0.0 0.0 0.953275
Person 0.0 0 0.0 1096.933594 712.045898 1308.691406 1069.321289 0.0 0.0 0.0 0.0 0.0 0.0 0.0 0.960063
