Person 0.0 0 0.0 38.818359 13.414307 83.525391 106.951904 0.0 0.0 0.0 0.0 0.0 0.0 0.0 0.345105
Person 0.0 0 0.0 131.440430 59.853516 186.137695 218.056641 0.0 0.0 0.0 0.0 0.0 0.0 0.0 0.376623
Person 0.0 0 0.0 131.542969 59.952393 185.332031 168.914795 0.0 0.0 0.0 0.0 0.0 0.0 0.0 0.385837
Person 0.0 0 0.0 360.527344 989.296875 589.628906 1076.835938 0.0 0.0 0.0 0.0 0.0 0.0 0.0 0.418697
Person 0.0 0 0.0 42.832031 23.137207 111.972656 186.877441 0.0 0.0 0.0 0.0 0.0 0.0 0.0 0.431105
Person 0.0 0 0.0 194.648438 358.198242 358.007812 665.375977 0.0 0.0 0.0 0.0 0.0 0.0 0.0 0.435902
Person 0.0 0 0.0 101.000977 0.000000 142.749023 63.149414 0.0 0.0 0.0 0.0 0.0 0.0 0.0 0.491212
Person 0.0 0 0.0 61.831055 0.000000 105.043945 72.839355 0.0 0.0 0.0 0.0 0.0 0.0 0.0 0.576542
Person 0.0 0 0.0 232.910156 67.302246 306.621094 318.713379 0.0 0.0 0.0 0.0 0.0 0.0 0.0 0.661048
Person 0.0 0 0.0 1739.267578 0.000000 1806.357422 180.285645 0.0 0.0 0.0 0.0 0.0 0.0 0.0 0.720958
Person 0.0 0 0.0 414.814453 0.131836 526.435547 130.122070 0.0 0.0 0.0 0.0 0.0 0.0 0.0 0.735642
Person 0.0 0 0.0 1438.359375 0.065918 1522.265625 169.211426 0.0 0.0 0.0 0.0 0.0 0.0 0.0 0.753467
Person 0.0 0 0.0 1256.835938 0.000000 1330.664062 234.931641 0.0 0.0 0.0 0.0 0.0 0.0 0.0 0.874077
Person 0.0 0 0.0 34.511719 89.582520 115.957031 266.638184 0.0 0.0 0.0 0.0 0.0 0.0 0.0 0.904313
Person 0.0 0 0.0 161.982422 0.263672 226.845703 152.929688 0.0 0.0 0.0 0.0 0.0 0.0 0.0 0.908618
Person 0.0 0 0.0 1301.103516 0.000000 1397.021484 288.852539 0.0 0.0 0.0 0.0 0.0 0.0 0.0 0.925230
Person 0.0 0 0.0 235.195312 411.855469 458.554688 714.550781 0.0 0.0 0.0 0.0 0.0 0.0 0.0 0.928149
Person 0.0 0 0.0 1164.287109 0.395508 1280.712891 297.026367 0.0 0.0 0.0 0.0 0.0 0.0 0.0 0.940790
Person 0.0 0 0.0 268.593750 97.558594 390.000000 374.414062 0.0 0.0 0.0 0.0 0.0 0.0 0.0 0.948728
Person 0.0 0 0.0 168.046875 130.056152 290.390625 364.592285 0.0 0.0 0.0 0.0 0.0 0.0 0.0 0.955486
