Person 0.0 0 0.0 129.184570 0.000000 163.784180 67.615356 0.0 0.0 0.0 0.0 0.0 0.0 0.0 0.317426
Person 0.0 0 0.0 266.396484 52.042236 331.728516 151.776123 0.0 0.0 0.0 0.0 0.0 0.0 0.0 0.335024
Person 0.0 0 0.0 267.158203 52.075195 367.998047 266.704102 0.0 0.0 0.0 0.0 0.0 0.0 0.0 0.406391
Person 0.0 0 0.0 32.314453 7.547607 64.189453 85.264893 0.0 0.0 0.0 0.0 0.0 0.0 0.0 0.457137
Person 0.0 0 0.0 19.079590 3.065186 39.689941 81.771240 0.0 0.0 0.0 0.0 0.0 0.0 0.0 0.537041
Person 0.0 0 0.0 425.405273 0.000000 469.438477 128.704834 0.0 0.0 0.0 0.0 0.0 0.0 0.0 0.571767
Person 0.0 0 0.0 238.505859 0.000000 291.181641 66.461792 0.0 0.0 0.0 0.0 0.0 0.0 0.0 0.642432
Person 0.0 0 0.0 375.585938 924.235840 659.414062 1076.506348 0.0 0.0 0.0 0.0 0.0 0.0 0.0 0.691810
Person 0.0 0 0.0 1245.439453 0.000000 1319.560547 233.085938 0.0 0.0 0.0 0.0 0.0 0.0 0.0 0.802556
Person 0.0 0 0.0 244.746094 105.864258 385.253906 387.202148 0.0 0.0 0.0 0.0 0.0 0.0 0.0 0.850469
Person 0.0 0 0.0 200.332031 356.352539 408.105469 660.366211 0.0 0.0 0.0 0.0 0.0 0.0 0.0 0.854885
Person 0.0 0 0.0 33.691406 52.009277 102.832031 210.212402 0.0 0.0 0.0 0.0 0.0 0.0 0.0 0.872347
Person 0.0 0 0.0 1162.792969 0.000000 1270.957031 290.039062 0.0 0.0 0.0 0.0 0.0 0.0 0.0 0.896614
Person 0.0 0 0.0 385.634766 0.000000 453.896484 155.764160 0.0 0.0 0.0 0.0 0.0 0.0 0.0 0.898053
Person 0.0 0 0.0 530.507812 0.395508 665.742188 282.524414 0.0 0.0 0.0 0.0 0.0 0.0 0.0 0.902266
Person 0.0 0 0.0 1296.533203 0.000000 1388.466797 288.720703 0.0 0.0 0.0 0.0 0.0 0.0 0.0 0.905990
Person 0.0 0 0.0 318.457031 336.445312 497.636719 698.203125 0.0 0.0 0.0 0.0 0.0 0.0 0.0 0.923039
Person 0.0 0 0.0 174.169922 120.234375 290.595703 365.185547 0.0 0.0 0.0 0.0 0.0 0.0 0.0 0.949106
