Person 0.0 0 0.0 38.701172 93.010254 116.689453 258.464355 0.0 0.0 0.0 0.0 0.0 0.0 0.0 0.303216
Person 0.0 0 0.0 48.076172 103.095703 117.861328 258.398438 0.0 0.0 0.0 0.0 0.0 0.0 0.0 0.335895
Person 0.0 0 0.0 197.226562 354.506836 444.023438 676.450195 0.0 0.0 0.0 0.0 0.0 0.0 0.0 0.356223
Person 0.0 0 0.0 196.406250 353.583984 348.750000 671.572266 0.0 0.0 0.0 0.0 0.0 0.0 0.0 0.377541
Person 0.0 0 0.0 373.125000 988.736572 632.812500 1077.396240 0.0 0.0 0.0 0.0 0.0 0.0 0.0 0.445530
Person 0.0 0 0.0 37.675781 38.100586 112.207031 199.335938 0.0 0.0 0.0 0.0 0.0 0.0 0.0 0.489259
Person 0.0 0 0.0 84.975586 0.131836 127.836914 82.661133 0.0 0.0 0.0 0.0 0.0 0.0 0.0 0.513668
Person 0.0 0 0.0 104.516602 0.000000 148.374023 74.190674 0.0 0.0 0.0 0.0 0.0 0.0 0.0 0.629775
Person 0.0 0 0.0 232.207031 62.358398 308.730469 318.383789 0.0 0.0 0.0 0.0 0.0 0.0 0.0 0.755637
Person 0.0 0 0.0 1437.392578 0.000000 1517.607422 168.684082 0.0 0.0 0.0 0.0 0.0 0.0 0.0 0.787931
Person 0.0 0 0.0 1262.988281 0.000000 1339.511719 234.799805 0.0 0.0 0.0 0.0 0.0 0.0 0.0 0.861072
Person 0.0 0 0.0 193.681641 0.000000 243.896484 143.767090 0.0 0.0 0.0 0.0 0.0 0.0 0.0 0.871475
Person 0.0 0 0.0 1174.716797 4.746094 1285.283203 298.476562 0.0 0.0 0.0 0.0 0.0 0.0 0.0 0.903294
Person 0.0 0 0.0 239.531250 411.855469 457.968750 714.550781 0.0 0.0 0.0 0.0 0.0 0.0 0.0 0.913368
Person 0.0 0 0.0 32.373047 113.576660 110.947266 284.567871 0.0 0.0 0.0 0.0 0.0 0.0 0.0 0.913984
Person 0.0 0 0.0 1649.355469 52.800293 1744.394531 316.076660 0.0 0.0 0.0 0.0 0.0 0.0 0.0 0.923592
Person 0.0 0 0.0 1300.605469 0.000000 1399.394531 288.984375 0.0 0.0 0.0 0.0 0.0 0.0 0.0 0.927100
Person 0.0 0 0.0 163.652344 130.715332 291.035156 364.724121 0.0 0.0 0.0 0.0 0.0 0.0 0.0 0.943138
Person 0.0 0 0.0 273.105469 95.581055 393.925781 373.754883 0.0 0.0 0.0 0.0 0.0 0.0 0.0 0.946001
