Person 0.0 0 0.0 198.515625 354.902344 446.953125 669.726562 0.0 0.0 0.0 0.0 0.0 0.0 0.0 0.337640
Person 0.0 0 0.0 1863.251953 137.438965 1918.000000 361.691895 0.0 0.0 0.0 0.0 0.0 0.0 0.0 0.367497
Person 0.0 0 0.0 196.582031 354.506836 360.292969 662.211914 0.0 0.0 0.0 0.0 0.0 0.0 0.0 0.416797
Person 0.0 0 0.0 70.283203 0.000000 105.498047 68.554688 0.0 0.0 0.0 0.0 0.0 0.0 0.0 0.453262
Person 0.0 0 0.0 366.445312 993.087158 601.054688 1075.155029 0.0 0.0 0.0 0.0 0.0 0.0 0.0 0.566019
Person 0.0 0 0.0 38.906250 37.045898 110.156250 185.493164 0.0 0.0 0.0 0.0 0.0 0.0 0.0 0.646906
Person 0.0 0 0.0 233.613281 60.578613 307.324219 318.317871 0.0 0.0 0.0 0.0 0.0 0.0 0.0 0.692642
Person 0.0 0 0.0 98.393555 0.098877 145.825195 87.637939 0.0 0.0 0.0 0.0 0.0 0.0 0.0 0.739422
Person 0.0 0 0.0 1437.421875 0.065918 1523.203125 169.475098 0.0 0.0 0.0 0.0 0.0 0.0 0.0 0.764188
Person 0.0 0 0.0 1259.150391 0.000000 1335.849609 234.733887 0.0 0.0 0.0 0.0 0.0 0.0 0.0 0.794385
Person 0.0 0 0.0 185.903320 0.000000 242.065430 144.558105 0.0 0.0 0.0 0.0 0.0 0.0 0.0 0.843895
Person 0.0 0 0.0 1172.636719 2.636719 1285.488281 297.685547 0.0 0.0 0.0 0.0 0.0 0.0 0.0 0.902610
Person 0.0 0 0.0 1300.400391 0.000000 1399.599609 288.852539 0.0 0.0 0.0 0.0 0.0 0.0 0.0 0.918187
Person 0.0 0 0.0 28.740234 120.563965 135.322266 286.809082 0.0 0.0 0.0 0.0 0.0 0.0 0.0 0.921358
Person 0.0 0 0.0 241.992188 409.086914 457.851562 714.155273 0.0 0.0 0.0 0.0 0.0 0.0 0.0 0.942929
Person 0.0 0 0.0 269.941406 97.163086 394.277344 374.809570 0.0 0.0 0.0 0.0 0.0 0.0 0.0 0.944791
Person 0.0 0 0.0 164.824219 129.660645 291.269531 364.196777 0.0 0.0 0.0 0.0 0.0 0.0 0.0 0.956634
