Person 0.0 0 0.0 341.044922 0.000000 428.642578 123.134766 0.0 0.0 0.0 0.0 0.0 0.0 0.0 0.367497
Person 0.0 0 0.0 43.593750 89.978027 119.296875 257.277832 0.0 0.0 0.0 0.0 0.0 0.0 0.0 0.402627
Person 0.0 0 0.0 196.054688 349.760742 350.039062 661.684570 0.0 0.0 0.0 0.0 0.0 0.0 0.0 0.406391
Person 0.0 0 0.0 38.144531 38.100586 111.738281 187.602539 0.0 0.0 0.0 0.0 0.0 0.0 0.0 0.488283
Person 0.0 0 0.0 1236.972656 0.000000 1329.902344 233.481445 0.0 0.0 0.0 0.0 0.0 0.0 0.0 0.556400
Person 0.0 0 0.0 81.826172 0.098877 127.822266 84.407959 0.0 0.0 0.0 0.0 0.0 0.0 0.0 0.609524
Person 0.0 0 0.0 442.500000 969.060059 708.750000 1077.033691 0.0 0.0 0.0 0.0 0.0 0.0 0.0 0.639736
Person 0.0 0 0.0 104.238281 0.000000 148.183594 73.992920 0.0 0.0 0.0 0.0 0.0 0.0 0.0 0.714628
Person 0.0 0 0.0 227.343750 68.620605 309.375000 318.449707 0.0 0.0 0.0 0.0 0.0 0.0 0.0 0.782662
Person 0.0 0 0.0 1446.093750 0.395508 1523.906250 167.695312 0.0 0.0 0.0 0.0 0.0 0.0 0.0 0.788583
Person 0.0 0 0.0 1175.917969 12.656250 1302.832031 298.476562 0.0 0.0 0.0 0.0 0.0 0.0 0.0 0.878314
Person 0.0 0 0.0 1320.527344 0.000000 1450.722656 283.315430 0.0 0.0 0.0 0.0 0.0 0.0 0.0 0.891434
Person 0.0 0 0.0 225.468750 409.746094 445.781250 715.605469 0.0 0.0 0.0 0.0 0.0 0.0 0.0 0.902610
Person 0.0 0 0.0 264.492188 96.108398 403.476562 377.973633 0.0 0.0 0.0 0.0 0.0 0.0 0.0 0.938576
Person 0.0 0 0.0 338.994141 1.582031 433.505859 195.117188 0.0 0.0 0.0 0.0 0.0 0.0 0.0 0.944177
Person 0.0 0 0.0 33.457031 117.663574 111.738281 301.311035 0.0 0.0 0.0 0.0 0.0 0.0 0.0 0.947962
Person 0.0 0 0.0 157.558594 134.340820 284.003906 380.346680 0.0 0.0 0.0 0.0 0.0 0.0 0.0 0.960063
