Person 0.0 0 0.0 92.255859 0.032959 136.376953 74.586182 0.0 0.0 0.0 0.0 0.0 0.0 0.0 0.347759
Person 0.0 0 0.0 1371.328125 0.000000 1493.671875 141.328125 0.0 0.0 0.0 0.0 0.0 0.0 0.0 0.382141
Person 0.0 0 0.0 143.129883 0.000000 197.416992 84.111328 0.0 0.0 0.0 0.0 0.0 0.0 0.0 0.387690
Person 0.0 0 0.0 43.007812 45.615234 109.453125 188.920898 0.0 0.0 0.0 0.0 0.0 0.0 0.0 0.433981
Person 0.0 0 0.0 256.757812 45.878906 344.648438 300.585938 0.0 0.0 0.0 0.0 0.0 0.0 0.0 0.440710
Person 0.0 0 0.0 52.778320 0.000000 85.502930 87.143555 0.0 0.0 0.0 0.0 0.0 0.0 0.0 0.447460
Person 0.0 0 0.0 508.959961 0.000000 551.352539 138.032227 0.0 0.0 0.0 0.0 0.0 0.0 0.0 0.473657
Person 0.0 0 0.0 380.683594 975.520020 615.878906 1076.901855 0.0 0.0 0.0 0.0 0.0 0.0 0.0 0.490236
Person 0.0 0 0.0 1361.630859 0.000000 1462.119141 173.364258 0.0 0.0 0.0 0.0 0.0 0.0 0.0 0.676620
Person 0.0 0 0.0 454.394531 0.000000 520.605469 161.894531 0.0 0.0 0.0 0.0 0.0 0.0 0.0 0.772531
Person 0.0 0 0.0 810.908203 0.197754 922.529297 220.363770 0.0 0.0 0.0 0.0 0.0 0.0 0.0 0.791176
Person 0.0 0 0.0 1031.601562 0.000000 1119.023438 220.693359 0.0 0.0 0.0 0.0 0.0 0.0 0.0 0.795658
Person 0.0 0 0.0 1480.693359 0.197754 1566.181641 179.758301 0.0 0.0 0.0 0.0 0.0 0.0 0.0 0.819316
Person 0.0 0 0.0 37.265625 70.400391 126.796875 266.308594 0.0 0.0 0.0 0.0 0.0 0.0 0.0 0.839734
Person 0.0 0 0.0 206.953125 354.111328 416.484375 670.517578 0.0 0.0 0.0 0.0 0.0 0.0 0.0 0.871475
Person 0.0 0 0.0 306.972656 109.951172 461.308594 398.671875 0.0 0.0 0.0 0.0 0.0 0.0 0.0 0.874077
Person 0.0 0 0.0 402.158203 0.000000 504.873047 235.327148 0.0 0.0 0.0 0.0 0.0 0.0 0.0 0.933673
Person 0.0 0 0.0 340.371094 315.351562 499.160156 659.179688 0.0 0.0 0.0 0.0 0.0 0.0 0.0 0.949482
Person 0.0 0 0.0 212.636719 136.318359 350.332031 418.447266 0.0 0.0 0.0 0.0 0.0 0.0 0.0 0.949856
Person 0.0 0 0.0 1096.230469 717.714844 1311.269531 1068.925781 0.0 0.0 0.0 0.0 0.0 0.0 0.0 0.963916
