Person 0.0 0 0.0 197.285156 346.333008 345.058594 666.694336 0.0 0.0 0.0 0.0 0.0 0.0 0.0 0.357119
Person 0.0 0 0.0 32.988281 99.536133 117.832031 257.739258 0.0 0.0 0.0 0.0 0.0 0.0 0.0 0.368406
Person 0.0 0 0.0 274.306641 29.860840 381.474609 234.602051 0.0 0.0 0.0 0.0 0.0 0.0 0.0 0.395134
Person 0.0 0 0.0 296.689453 0.098877 361.435547 116.971436 0.0 0.0 0.0 0.0 0.0 0.0 0.0 0.441673
Person 0.0 0 0.0 37.910156 38.364258 109.277344 186.152344 0.0 0.0 0.0 0.0 0.0 0.0 0.0 0.528290
Person 0.0 0 0.0 219.902344 74.750977 312.128906 322.075195 0.0 0.0 0.0 0.0 0.0 0.0 0.0 0.554470
Person 0.0 0 0.0 433.242188 977.135010 681.445312 1077.396240 0.0 0.0 0.0 0.0 0.0 0.0 0.0 0.568895
Person 0.0 0 0.0 83.276367 0.000000 130.708008 83.386230 0.0 0.0 0.0 0.0 0.0 0.0 0.0 0.570810
Person 0.0 0 0.0 104.516602 0.000000 149.311523 74.058838 0.0 0.0 0.0 0.0 0.0 0.0 0.0 0.596433
Person 0.0 0 0.0 1445.390625 0.000000 1513.359375 165.388184 0.0 0.0 0.0 0.0 0.0 0.0 0.0 0.635222
Person 0.0 0 0.0 236.176758 16.644287 278.979492 104.183350 0.0 0.0 0.0 0.0 0.0 0.0 0.0 0.654011
Person 0.0 0 0.0 1824.697266 107.314453 1917.802734 330.380859 0.0 0.0 0.0 0.0 0.0 0.0 0.0 0.800068
Person 0.0 0 0.0 1231.757812 0.000000 1336.992188 232.097168 0.0 0.0 0.0 0.0 0.0 0.0 0.0 0.833325
Person 0.0 0 0.0 213.515625 420.688477 456.796875 727.866211 0.0 0.0 0.0 0.0 0.0 0.0 0.0 0.896614
Person 0.0 0 0.0 147.128906 145.942383 271.933594 385.356445 0.0 0.0 0.0 0.0 0.0 0.0 0.0 0.906322
Person 0.0 0 0.0 261.445312 99.536133 400.429688 379.555664 0.0 0.0 0.0 0.0 0.0 0.0 0.0 0.913677
Person 0.0 0 0.0 1306.494141 0.000000 1419.755859 286.743164 0.0 0.0 0.0 0.0 0.0 0.0 0.0 0.915205
Person 0.0 0 0.0 1571.601562 137.636719 1741.523438 408.691406 0.0 0.0 0.0 0.0 0.0 0.0 0.0 0.925230
Person 0.0 0 0.0 23.203125 122.541504 110.273438 291.159668 0.0 0.0 0.0 0.0 0.0 0.0 0.0 0.934872
Person 0.0 0 0.0 1167.714844 11.733398 1299.785156 299.663086 0.0 0.0 0.0 0.0 0.0 0.0 0.0 0.936052
