Person 0.0 0 0.0 1229.560547 0.000000 1331.689453 231.635742 0.0 0.0 0.0 0.0 0.0 0.0 0.0 0.311113
Person 0.0 0 0.0 1195.839844 0.856934 1305.410156 225.637207 0.0 0.0 0.0 0.0 0.0 0.0 0.0 0.353094
Person 0.0 0 0.0 281.601562 5.471191 357.304688 154.050293 0.0 0.0 0.0 0.0 0.0 0.0 0.0 0.364778
Person 0.0 0 0.0 192.539062 355.693359 344.648438 667.880859 0.0 0.0 0.0 0.0 0.0 0.0 0.0 0.374791
Person 0.0 0 0.0 282.568359 6.987305 384.931641 229.921875 0.0 0.0 0.0 0.0 0.0 0.0 0.0 0.412057
Person 0.0 0 0.0 250.385742 0.000000 290.551758 101.942139 0.0 0.0 0.0 0.0 0.0 0.0 0.0 0.469763
Person 0.0 0 0.0 72.612305 0.000000 115.004883 91.922607 0.0 0.0 0.0 0.0 0.0 0.0 0.0 0.554470
Person 0.0 0 0.0 436.054688 974.729004 692.695312 1077.692871 0.0 0.0 0.0 0.0 0.0 0.0 0.0 0.564098
Person 0.0 0 0.0 105.629883 0.000000 148.666992 70.103760 0.0 0.0 0.0 0.0 0.0 0.0 0.0 0.669745
Person 0.0 0 0.0 35.683594 39.089355 107.871094 216.145020 0.0 0.0 0.0 0.0 0.0 0.0 0.0 0.695958
Person 0.0 0 0.0 349.423828 0.000000 418.857422 131.308594 0.0 0.0 0.0 0.0 0.0 0.0 0.0 0.709824
Person 0.0 0 0.0 207.392578 79.101562 307.294922 334.599609 0.0 0.0 0.0 0.0 0.0 0.0 0.0 0.808672
Person 0.0 0 0.0 104.589844 48.021240 162.832031 162.652588 0.0 0.0 0.0 0.0 0.0 0.0 0.0 0.824462
Person 0.0 0 0.0 1304.443359 0.000000 1412.431641 286.611328 0.0 0.0 0.0 0.0 0.0 0.0 0.0 0.880797
Person 0.0 0 0.0 221.835938 420.688477 456.914062 726.811523 0.0 0.0 0.0 0.0 0.0 0.0 0.0 0.888759
Person 0.0 0 0.0 511.083984 11.997070 625.166016 285.688477 0.0 0.0 0.0 0.0 0.0 0.0 0.0 0.924688
Person 0.0 0 0.0 32.666016 118.652344 107.490234 300.849609 0.0 0.0 0.0 0.0 0.0 0.0 0.0 0.930711
Person 0.0 0 0.0 148.183594 148.051758 273.925781 396.166992 0.0 0.0 0.0 0.0 0.0 0.0 0.0 0.932207
Person 0.0 0 0.0 1187.958984 14.897461 1302.041016 301.245117 0.0 0.0 0.0 0.0 0.0 0.0 0.0 0.938801
Person 0.0 0 0.0 263.847656 93.735352 400.371094 377.446289 0.0 0.0 0.0 0.0 0.0 0.0 0.0 0.948537
