Person 0.0 0 0.0 426.562500 961.644287 695.625000 1077.066650 0.0 0.0 0.0 0.0 0.0 0.0 0.0 0.333720
Person 0.0 0 0.0 1228.476562 0.395508 1334.648438 230.844727 0.0 0.0 0.0 0.0 0.0 0.0 0.0 0.358465
Person 0.0 0 0.0 1482.202148 0.000000 1532.797852 156.687012 0.0 0.0 0.0 0.0 0.0 0.0 0.0 0.367497
Person 0.0 0 0.0 37.001953 89.516602 119.208984 257.211914 0.0 0.0 0.0 0.0 0.0 0.0 0.0 0.372049
Person 0.0 0 0.0 191.660156 358.593750 360.996094 664.980469 0.0 0.0 0.0 0.0 0.0 0.0 0.0 0.402627
Person 0.0 0 0.0 37.470703 40.671387 113.583984 215.881348 0.0 0.0 0.0 0.0 0.0 0.0 0.0 0.470737
Person 0.0 0 0.0 456.240234 0.000000 537.509766 117.070312 0.0 0.0 0.0 0.0 0.0 0.0 0.0 0.489259
Person 0.0 0 0.0 80.859375 0.131836 126.093750 82.199707 0.0 0.0 0.0 0.0 0.0 0.0 0.0 0.583203
Person 0.0 0 0.0 107.841797 0.000000 147.861328 74.586182 0.0 0.0 0.0 0.0 0.0 0.0 0.0 0.615088
Person 0.0 0 0.0 226.494141 69.609375 310.693359 320.361328 0.0 0.0 0.0 0.0 0.0 0.0 0.0 0.690142
Person 0.0 0 0.0 1412.695312 0.000000 1506.679688 199.533691 0.0 0.0 0.0 0.0 0.0 0.0 0.0 0.823328
Person 0.0 0 0.0 133.593750 0.000000 202.734375 148.645020 0.0 0.0 0.0 0.0 0.0 0.0 0.0 0.840259
Person 0.0 0 0.0 264.433594 95.844727 402.128906 377.446289 0.0 0.0 0.0 0.0 0.0 0.0 0.0 0.903294
Person 0.0 0 0.0 1169.179688 11.733398 1311.445312 299.399414 0.0 0.0 0.0 0.0 0.0 0.0 0.0 0.907312
Person 0.0 0 0.0 234.082031 411.064453 446.542969 716.396484 0.0 0.0 0.0 0.0 0.0 0.0 0.0 0.911810
Person 0.0 0 0.0 1301.542969 0.000000 1400.332031 288.588867 0.0 0.0 0.0 0.0 0.0 0.0 0.0 0.921640
Person 0.0 0 0.0 1725.996094 121.948242 1857.128906 368.745117 0.0 0.0 0.0 0.0 0.0 0.0 0.0 0.946597
Person 0.0 0 0.0 31.376953 119.509277 113.583984 301.311035 0.0 0.0 0.0 0.0 0.0 0.0 0.0 0.948728
Person 0.0 0 0.0 158.847656 135.263672 284.121094 381.269531 0.0 0.0 0.0 0.0 0.0 0.0 0.0 0.956472
