Person 0.0 0 0.0 196.875000 350.683594 442.031250 662.871094 0.0 0.0 0.0 0.0 0.0 0.0 0.0 0.332419
Person 0.0 0 0.0 1196.308594 0.000000 1321.816406 224.055176 0.0 0.0 0.0 0.0 0.0 0.0 0.0 0.345105
Person 0.0 0 0.0 196.289062 349.892578 345.117188 666.298828 0.0 0.0 0.0 0.0 0.0 0.0 0.0 0.373876
Person 0.0 0 0.0 1231.142578 0.065918 1333.857422 175.012207 0.0 0.0 0.0 0.0 0.0 0.0 0.0 0.375706
Person 0.0 0 0.0 431.132812 974.531250 691.054688 1077.890625 0.0 0.0 0.0 0.0 0.0 0.0 0.0 0.566978
Person 0.0 0 0.0 104.985352 0.000000 155.405273 97.624512 0.0 0.0 0.0 0.0 0.0 0.0 0.0 0.570810
Person 0.0 0 0.0 71.601562 0.000000 125.273438 85.561523 0.0 0.0 0.0 0.0 0.0 0.0 0.0 0.572723
Person 0.0 0 0.0 218.715820 0.000000 271.596680 105.633545 0.0 0.0 0.0 0.0 0.0 0.0 0.0 0.646906
Person 0.0 0 0.0 35.537109 39.089355 110.244141 218.386230 0.0 0.0 0.0 0.0 0.0 0.0 0.0 0.731059
Person 0.0 0 0.0 372.802734 0.000000 462.509766 167.102051 0.0 0.0 0.0 0.0 0.0 0.0 0.0 0.741674
Person 0.0 0 0.0 274.042969 89.121094 400.488281 377.050781 0.0 0.0 0.0 0.0 0.0 0.0 0.0 0.902266
Person 0.0 0 0.0 1308.398438 0.000000 1408.476562 300.190430 0.0 0.0 0.0 0.0 0.0 0.0 0.0 0.903294
Person 0.0 0 0.0 221.718750 418.974609 456.562500 726.416016 0.0 0.0 0.0 0.0 0.0 0.0 0.0 0.907967
Person 0.0 0 0.0 513.222656 10.151367 625.839844 285.952148 0.0 0.0 0.0 0.0 0.0 0.0 0.0 0.926835
Person 0.0 0 0.0 214.716797 73.696289 314.970703 333.940430 0.0 0.0 0.0 0.0 0.0 0.0 0.0 0.929696
Person 0.0 0 0.0 32.841797 118.850098 107.548828 300.651855 0.0 0.0 0.0 0.0 0.0 0.0 0.0 0.932207
Person 0.0 0 0.0 149.765625 147.722168 271.406250 389.113770 0.0 0.0 0.0 0.0 0.0 0.0 0.0 0.936285
Person 0.0 0 0.0 134.414062 17.863770 211.523438 181.340332 0.0 0.0 0.0 0.0 0.0 0.0 0.0 0.942507
Person 0.0 0 0.0 312.919922 0.593262 423.486328 219.968262 0.0 0.0 0.0 0.0 0.0 0.0 0.0 0.949856
Person 0.0 0 0.0 1186.347656 13.842773 1303.652344 301.245117 0.0 0.0 0.0 0.0 0.0 0.0 0.0 0.960212
