Person 0.0 0 0.0 257.695312 45.483398 325.429688 191.425781 0.0 0.0 0.0 0.0 0.0 0.0 0.0 0.371137
Person 0.0 0 0.0 257.343750 46.208496 343.593750 302.365723 0.0 0.0 0.0 0.0 0.0 0.0 0.0 0.407333
Person 0.0 0 0.0 1374.609375 0.131836 1496.015625 141.064453 0.0 0.0 0.0 0.0 0.0 0.0 0.0 0.423458
Person 0.0 0 0.0 39.609375 42.912598 106.992188 189.118652 0.0 0.0 0.0 0.0 0.0 0.0 0.0 0.468791
Person 0.0 0 0.0 382.617188 977.991943 634.570312 1077.593994 0.0 0.0 0.0 0.0 0.0 0.0 0.0 0.492188
Person 0.0 0 0.0 143.408203 0.000000 197.607422 83.551025 0.0 0.0 0.0 0.0 0.0 0.0 0.0 0.504883
Person 0.0 0 0.0 503.906250 0.000000 550.781250 138.493652 0.0 0.0 0.0 0.0 0.0 0.0 0.0 0.530236
Person 0.0 0 0.0 36.914062 2.785034 67.207031 68.406372 0.0 0.0 0.0 0.0 0.0 0.0 0.0 0.617859
Person 0.0 0 0.0 1361.572266 0.000000 1454.677734 173.759766 0.0 0.0 0.0 0.0 0.0 0.0 0.0 0.632503
Person 0.0 0 0.0 303.339844 110.214844 460.722656 390.761719 0.0 0.0 0.0 0.0 0.0 0.0 0.0 0.750553
Person 0.0 0 0.0 1047.333984 0.527344 1140.791016 235.590820 0.0 0.0 0.0 0.0 0.0 0.0 0.0 0.805632
Person 0.0 0 0.0 1480.634766 0.065918 1564.365234 179.494629 0.0 0.0 0.0 0.0 0.0 0.0 0.0 0.813461
Person 0.0 0 0.0 449.648438 0.000000 520.664062 161.499023 0.0 0.0 0.0 0.0 0.0 0.0 0.0 0.819316
Person 0.0 0 0.0 785.009766 0.000000 892.177734 253.256836 0.0 0.0 0.0 0.0 0.0 0.0 0.0 0.834407
Person 0.0 0 0.0 38.613281 79.497070 126.972656 265.649414 0.0 0.0 0.0 0.0 0.0 0.0 0.0 0.834946
Person 0.0 0 0.0 203.847656 354.506836 416.308594 670.649414 0.0 0.0 0.0 0.0 0.0 0.0 0.0 0.893309
Person 0.0 0 0.0 970.957031 619.628906 1190.917969 1020.410156 0.0 0.0 0.0 0.0 0.0 0.0 0.0 0.933673
Person 0.0 0 0.0 402.919922 0.527344 503.173828 235.590820 0.0 0.0 0.0 0.0 0.0 0.0 0.0 0.939025
Person 0.0 0 0.0 211.406250 133.154297 350.625000 420.029297 0.0 0.0 0.0 0.0 0.0 0.0 0.0 0.944382
Person 0.0 0 0.0 340.078125 311.660156 499.453125 659.707031 0.0 0.0 0.0 0.0 0.0 0.0 0.0 0.952220
