Person 0.0 0 0.0 387.304688 0.000000 445.195312 127.880859 0.0 0.0 0.0 0.0 0.0 0.0 0.0 0.307358
Person 0.0 0 0.0 360.761719 0.000000 442.207031 128.441162 0.0 0.0 0.0 0.0 0.0 0.0 0.0 0.376623
Person 0.0 0 0.0 48.076172 93.801270 118.798828 257.409668 0.0 0.0 0.0 0.0 0.0 0.0 0.0 0.383064
Person 0.0 0 0.0 201.914062 347.783203 352.148438 663.662109 0.0 0.0 0.0 0.0 0.0 0.0 0.0 0.549641
Person 0.0 0 0.0 36.767578 38.232422 112.880859 208.432617 0.0 0.0 0.0 0.0 0.0 0.0 0.0 0.559290
Person 0.0 0 0.0 446.484375 966.851807 686.953125 1077.132568 0.0 0.0 0.0 0.0 0.0 0.0 0.0 0.606731
Person 0.0 0 0.0 1228.623047 0.000000 1336.376953 233.217773 0.0 0.0 0.0 0.0 0.0 0.0 0.0 0.611382
Person 0.0 0 0.0 79.218750 0.000000 127.382812 83.254395 0.0 0.0 0.0 0.0 0.0 0.0 0.0 0.614163
Person 0.0 0 0.0 104.165039 0.000000 147.788086 76.069336 0.0 0.0 0.0 0.0 0.0 0.0 0.0 0.679179
Person 0.0 0 0.0 1445.126953 0.000000 1524.873047 168.090820 0.0 0.0 0.0 0.0 0.0 0.0 0.0 0.720958
Person 0.0 0 0.0 226.494141 67.829590 309.287109 319.240723 0.0 0.0 0.0 0.0 0.0 0.0 0.0 0.771155
Person 0.0 0 0.0 1175.449219 9.096680 1303.300781 298.872070 0.0 0.0 0.0 0.0 0.0 0.0 0.0 0.868381
Person 0.0 0 0.0 1321.113281 0.000000 1450.136719 283.710938 0.0 0.0 0.0 0.0 0.0 0.0 0.0 0.906653
Person 0.0 0 0.0 264.199219 95.976562 402.363281 377.841797 0.0 0.0 0.0 0.0 0.0 0.0 0.0 0.920218
Person 0.0 0 0.0 34.218750 116.279297 116.250000 301.640625 0.0 0.0 0.0 0.0 0.0 0.0 0.0 0.940790
Person 0.0 0 0.0 230.917969 413.305664 446.425781 714.155273 0.0 0.0 0.0 0.0 0.0 0.0 0.0 0.949669
Person 0.0 0 0.0 320.332031 2.636719 434.824219 196.831055 0.0 0.0 0.0 0.0 0.0 0.0 0.0 0.950041
Person 0.0 0 0.0 158.144531 136.318359 283.417969 383.115234 0.0 0.0 0.0 0.0 0.0 0.0 0.0 0.957118
