Person 0.0 0 0.0 1374.433594 0.000000 1494.316406 141.723633 0.0 0.0 0.0 0.0 0.0 0.0 0.0 0.403567
Person 0.0 0 0.0 1370.859375 0.000000 1452.890625 172.507324 0.0 0.0 0.0 0.0 0.0 0.0 0.0 0.444565
Person 0.0 0 0.0 383.789062 978.354492 635.273438 1077.231445 0.0 0.0 0.0 0.0 0.0 0.0 0.0 0.452294
Person 0.0 0 0.0 141.298828 0.000000 197.373047 84.012451 0.0 0.0 0.0 0.0 0.0 0.0 0.0 0.485356
Person 0.0 0 0.0 24.235840 19.544678 53.400879 95.350342 0.0 0.0 0.0 0.0 0.0 0.0 0.0 0.530236
Person 0.0 0 0.0 47.578125 37.639160 109.218750 188.459473 0.0 0.0 0.0 0.0 0.0 0.0 0.0 0.541894
Person 0.0 0 0.0 493.784180 0.000000 547.778320 136.977539 0.0 0.0 0.0 0.0 0.0 0.0 0.0 0.546738
Person 0.0 0 0.0 360.996094 0.000000 422.285156 107.644043 0.0 0.0 0.0 0.0 0.0 0.0 0.0 0.638835
Person 0.0 0 0.0 433.681641 0.000000 519.287109 160.378418 0.0 0.0 0.0 0.0 0.0 0.0 0.0 0.639736
Person 0.0 0 0.0 1480.488281 0.000000 1564.511719 179.296875 0.0 0.0 0.0 0.0 0.0 0.0 0.0 0.690142
Person 0.0 0 0.0 176.191406 117.070312 276.855469 366.240234 0.0 0.0 0.0 0.0 0.0 0.0 0.0 0.767690
Person 0.0 0 0.0 1063.593750 0.659180 1147.031250 236.250000 0.0 0.0 0.0 0.0 0.0 0.0 0.0 0.853913
Person 0.0 0 0.0 261.210938 53.854980 367.382812 290.500488 0.0 0.0 0.0 0.0 0.0 0.0 0.0 0.861072
Person 0.0 0 0.0 204.082031 360.043945 416.542969 672.495117 0.0 0.0 0.0 0.0 0.0 0.0 0.0 0.894052
Person 0.0 0 0.0 39.111328 89.846191 126.826172 266.374512 0.0 0.0 0.0 0.0 0.0 0.0 0.0 0.910545
Person 0.0 0 0.0 221.103516 131.440430 339.052734 408.032227 0.0 0.0 0.0 0.0 0.0 0.0 0.0 0.933431
Person 0.0 0 0.0 327.949219 336.445312 500.332031 657.070312 0.0 0.0 0.0 0.0 0.0 0.0 0.0 0.951504
Person 0.0 0 0.0 814.570312 1.054688 911.367188 292.148438 0.0 0.0 0.0 0.0 0.0 0.0 0.0 0.957278
Person 0.0 0 0.0 418.388672 37.836914 534.580078 313.110352 0.0 0.0 0.0 0.0 0.0 0.0 0.0 0.958070
Person 0.0 0 0.0 563.085938 493.857422 846.914062 859.306641 0.0 0.0 0.0 0.0 0.0 0.0 0.0 0.967899
