Person 0.0 0 0.0 101.469727 0.000000 147.202148 55.914917 0.0 0.0 0.0 0.0 0.0 0.0 0.0 0.323808
Person 0.0 0 0.0 274.042969 49.570312 373.769531 268.417969 0.0 0.0 0.0 0.0 0.0 0.0 0.0 0.339828
Person 0.0 0 0.0 273.046875 49.405518 333.046875 158.763428 0.0 0.0 0.0 0.0 0.0 0.0 0.0 0.383988
Person 0.0 0 0.0 33.691406 16.710205 66.914062 82.562256 0.0 0.0 0.0 0.0 0.0 0.0 0.0 0.385837
Person 0.0 0 0.0 17.687988 0.000000 43.366699 69.510498 0.0 0.0 0.0 0.0 0.0 0.0 0.0 0.434941
Person 0.0 0 0.0 241.230469 0.000000 291.738281 93.339844 0.0 0.0 0.0 0.0 0.0 0.0 0.0 0.466846
Person 0.0 0 0.0 425.698242 0.000000 469.145508 127.749023 0.0 0.0 0.0 0.0 0.0 0.0 0.0 0.567937
Person 0.0 0 0.0 361.523438 930.827637 635.039062 1077.297363 0.0 0.0 0.0 0.0 0.0 0.0 0.0 0.610453
Person 0.0 0 0.0 1243.857422 0.000000 1319.267578 214.958496 0.0 0.0 0.0 0.0 0.0 0.0 0.0 0.744656
Person 0.0 0 0.0 1438.447266 0.131836 1516.552734 169.145508 0.0 0.0 0.0 0.0 0.0 0.0 0.0 0.761361
Person 0.0 0 0.0 201.035156 353.715820 405.527344 658.784180 0.0 0.0 0.0 0.0 0.0 0.0 0.0 0.823896
Person 0.0 0 0.0 245.332031 105.336914 385.605469 383.774414 0.0 0.0 0.0 0.0 0.0 0.0 0.0 0.837620
Person 0.0 0 0.0 32.285156 46.933594 103.417969 210.146484 0.0 0.0 0.0 0.0 0.0 0.0 0.0 0.860604
Person 0.0 0 0.0 1162.998047 0.000000 1270.751953 278.701172 0.0 0.0 0.0 0.0 0.0 0.0 0.0 0.874507
Person 0.0 0 0.0 1297.675781 0.000000 1394.824219 288.852539 0.0 0.0 0.0 0.0 0.0 0.0 0.0 0.885632
Person 0.0 0 0.0 145.253906 2.340088 214.511719 135.823975 0.0 0.0 0.0 0.0 0.0 0.0 0.0 0.887595
Person 0.0 0 0.0 316.523438 337.368164 497.695312 700.971680 0.0 0.0 0.0 0.0 0.0 0.0 0.0 0.897336
Person 0.0 0 0.0 384.990234 0.000000 453.603516 156.027832 0.0 0.0 0.0 0.0 0.0 0.0 0.0 0.903294
Person 0.0 0 0.0 563.496094 0.000000 711.503906 282.524414 0.0 0.0 0.0 0.0 0.0 0.0 0.0 0.912436
Person 0.0 0 0.0 177.832031 118.190918 290.683594 364.592285 0.0 0.0 0.0 0.0 0.0 0.0 0.0 0.943556
