Person 0.0 0 0.0 1482.495117 0.000000 1526.879883 156.027832 0.0 0.0 0.0 0.0 0.0 0.0 0.0 0.309441
Person 0.0 0 0.0 36.826172 89.780273 119.150391 256.948242 0.0 0.0 0.0 0.0 0.0 0.0 0.0 0.353986
Person 0.0 0 0.0 192.656250 358.066406 413.437500 663.925781 0.0 0.0 0.0 0.0 0.0 0.0 0.0 0.390476
Person 0.0 0 0.0 191.601562 356.748047 361.523438 663.662109 0.0 0.0 0.0 0.0 0.0 0.0 0.0 0.417746
Person 0.0 0 0.0 488.964844 0.000000 559.160156 116.081543 0.0 0.0 0.0 0.0 0.0 0.0 0.0 0.469763
Person 0.0 0 0.0 37.412109 39.748535 114.228516 213.376465 0.0 0.0 0.0 0.0 0.0 0.0 0.0 0.474631
Person 0.0 0 0.0 1226.894531 0.197754 1338.105469 236.711426 0.0 0.0 0.0 0.0 0.0 0.0 0.0 0.485356
Person 0.0 0 0.0 81.123047 0.032959 125.830078 82.562256 0.0 0.0 0.0 0.0 0.0 0.0 0.0 0.558327
Person 0.0 0 0.0 427.500000 973.740234 684.375000 1077.626953 0.0 0.0 0.0 0.0 0.0 0.0 0.0 0.570810
Person 0.0 0 0.0 107.065430 0.000000 148.637695 74.915771 0.0 0.0 0.0 0.0 0.0 0.0 0.0 0.601125
Person 0.0 0 0.0 226.875000 70.334473 310.781250 320.163574 0.0 0.0 0.0 0.0 0.0 0.0 0.0 0.696784
Person 0.0 0 0.0 1412.519531 0.000000 1506.855469 199.599609 0.0 0.0 0.0 0.0 0.0 0.0 0.0 0.818156
Person 0.0 0 0.0 135.615234 0.527344 203.759766 145.942383 0.0 0.0 0.0 0.0 0.0 0.0 0.0 0.874935
Person 0.0 0 0.0 230.742188 399.331055 446.601562 714.418945 0.0 0.0 0.0 0.0 0.0 0.0 0.0 0.901227
Person 0.0 0 0.0 264.316406 96.108398 402.246094 377.709961 0.0 0.0 0.0 0.0 0.0 0.0 0.0 0.905322
Person 0.0 0 0.0 1300.810547 0.000000 1401.064453 289.511719 0.0 0.0 0.0 0.0 0.0 0.0 0.0 0.928668
Person 0.0 0 0.0 1170.351562 10.283203 1310.273438 299.003906 0.0 0.0 0.0 0.0 0.0 0.0 0.0 0.932699
Person 0.0 0 0.0 1745.332031 123.332520 1871.542969 372.106934 0.0 0.0 0.0 0.0 0.0 0.0 0.0 0.946794
Person 0.0 0 0.0 31.669922 119.377441 113.876953 301.442871 0.0 0.0 0.0 0.0 0.0 0.0 0.0 0.948346
Person 0.0 0 0.0 159.433594 134.011230 284.238281 382.258301 0.0 0.0 0.0 0.0 0.0 0.0 0.0 0.950227
