Person 0.0 0 0.0 41.748047 92.614746 119.853516 257.277832 0.0 0.0 0.0 0.0 0.0 0.0 0.0 0.382141
Person 0.0 0 0.0 381.503906 0.000000 445.371094 114.565430 0.0 0.0 0.0 0.0 0.0 0.0 0.0 0.433022
Person 0.0 0 0.0 199.746094 348.574219 343.535156 659.707031 0.0 0.0 0.0 0.0 0.0 0.0 0.0 0.503906
Person 0.0 0 0.0 36.855469 38.166504 112.558594 205.466309 0.0 0.0 0.0 0.0 0.0 0.0 0.0 0.524395
Person 0.0 0 0.0 78.955078 0.032959 126.474609 82.100830 0.0 0.0 0.0 0.0 0.0 0.0 0.0 0.559290
Person 0.0 0 0.0 435.937500 965.830078 693.750000 1077.099609 0.0 0.0 0.0 0.0 0.0 0.0 0.0 0.566978
Person 0.0 0 0.0 101.396484 0.000000 147.744141 75.212402 0.0 0.0 0.0 0.0 0.0 0.0 0.0 0.651355
Person 0.0 0 0.0 1445.537109 0.065918 1526.337891 168.024902 0.0 0.0 0.0 0.0 0.0 0.0 0.0 0.721743
Person 0.0 0 0.0 225.468750 68.093262 309.375000 318.977051 0.0 0.0 0.0 0.0 0.0 0.0 0.0 0.753467
Person 0.0 0 0.0 1262.812500 0.000000 1330.312500 232.229004 0.0 0.0 0.0 0.0 0.0 0.0 0.0 0.789234
Person 0.0 0 0.0 1321.230469 0.000000 1450.019531 283.710938 0.0 0.0 0.0 0.0 0.0 0.0 0.0 0.894789
Person 0.0 0 0.0 264.199219 95.976562 402.363281 377.841797 0.0 0.0 0.0 0.0 0.0 0.0 0.0 0.918772
Person 0.0 0 0.0 232.324219 407.636719 445.957031 714.550781 0.0 0.0 0.0 0.0 0.0 0.0 0.0 0.934634
Person 0.0 0 0.0 1175.625000 8.833008 1297.500000 303.090820 0.0 0.0 0.0 0.0 0.0 0.0 0.0 0.940790
Person 0.0 0 0.0 34.394531 114.104004 117.011719 301.442871 0.0 0.0 0.0 0.0 0.0 0.0 0.0 0.941439
Person 0.0 0 0.0 328.212891 1.252441 438.193359 195.446777 0.0 0.0 0.0 0.0 0.0 0.0 0.0 0.950411
Person 0.0 0 0.0 156.621094 136.845703 284.941406 379.423828 0.0 0.0 0.0 0.0 0.0 0.0 0.0 0.960361
