Person 0.0 0 0.0 195.703125 355.561523 450.703125 665.903320 0.0 0.0 0.0 0.0 0.0 0.0 0.0 0.308607
Person 0.0 0 0.0 37.001953 89.219971 105.498047 219.276123 0.0 0.0 0.0 0.0 0.0 0.0 0.0 0.311113
Person 0.0 0 0.0 36.503906 93.142090 132.246094 263.605957 0.0 0.0 0.0 0.0 0.0 0.0 0.0 0.325950
Person 0.0 0 0.0 194.589844 355.825195 361.816406 665.112305 0.0 0.0 0.0 0.0 0.0 0.0 0.0 0.394201
Person 0.0 0 0.0 77.944336 0.164795 118.579102 73.927002 0.0 0.0 0.0 0.0 0.0 0.0 0.0 0.423458
Person 0.0 0 0.0 111.225586 0.032959 153.852539 75.443115 0.0 0.0 0.0 0.0 0.0 0.0 0.0 0.539954
Person 0.0 0 0.0 393.515625 995.625000 581.484375 1076.835938 0.0 0.0 0.0 0.0 0.0 0.0 0.0 0.557364
Person 0.0 0 0.0 39.023438 37.111816 110.390625 186.613770 0.0 0.0 0.0 0.0 0.0 0.0 0.0 0.629775
Person 0.0 0 0.0 228.984375 61.831055 307.265625 317.329102 0.0 0.0 0.0 0.0 0.0 0.0 0.0 0.642432
Person 0.0 0 0.0 1811.601562 73.366699 1899.023438 282.590332 0.0 0.0 0.0 0.0 0.0 0.0 0.0 0.772531
Person 0.0 0 0.0 1261.376953 0.000000 1329.873047 235.656738 0.0 0.0 0.0 0.0 0.0 0.0 0.0 0.791821
Person 0.0 0 0.0 188.144531 0.000000 241.933594 143.569336 0.0 0.0 0.0 0.0 0.0 0.0 0.0 0.844922
Person 0.0 0 0.0 1437.187500 0.065918 1521.562500 169.475098 0.0 0.0 0.0 0.0 0.0 0.0 0.0 0.848972
Person 0.0 0 0.0 27.099609 122.739258 134.853516 286.743164 0.0 0.0 0.0 0.0 0.0 0.0 0.0 0.918480
Person 0.0 0 0.0 239.121094 407.900391 458.378906 714.287109 0.0 0.0 0.0 0.0 0.0 0.0 0.0 0.922482
Person 0.0 0 0.0 1171.992188 1.186523 1288.007812 301.508789 0.0 0.0 0.0 0.0 0.0 0.0 0.0 0.922761
Person 0.0 0 0.0 1300.429688 0.000000 1401.445312 288.720703 0.0 0.0 0.0 0.0 0.0 0.0 0.0 0.930962
Person 0.0 0 0.0 269.589844 97.426758 393.222656 374.809570 0.0 0.0 0.0 0.0 0.0 0.0 0.0 0.937440
Person 0.0 0 0.0 164.121094 130.253906 291.972656 364.921875 0.0 0.0 0.0 0.0 0.0 0.0 0.0 0.955486
