Person 0.0 0 0.0 40.019531 37.375488 109.042969 186.350098 0.0 0.0 0.0 0.0 0.0 0.0 0.0 0.353094
Person 0.0 0 0.0 243.164062 8.009033 281.835938 116.378174 0.0 0.0 0.0 0.0 0.0 0.0 0.0 0.360264
Person 0.0 0 0.0 198.632812 347.651367 345.585938 664.848633 0.0 0.0 0.0 0.0 0.0 0.0 0.0 0.401688
Person 0.0 0 0.0 279.111328 3.691406 352.294922 145.151367 0.0 0.0 0.0 0.0 0.0 0.0 0.0 0.474631
Person 0.0 0 0.0 38.144531 84.177246 119.238281 256.223145 0.0 0.0 0.0 0.0 0.0 0.0 0.0 0.480479
Person 0.0 0 0.0 80.478516 0.065918 127.998047 83.649902 0.0 0.0 0.0 0.0 0.0 0.0 0.0 0.526343
Person 0.0 0 0.0 430.429688 970.872803 683.320312 1077.330322 0.0 0.0 0.0 0.0 0.0 0.0 0.0 0.580352
Person 0.0 0 0.0 103.315430 0.000000 148.637695 75.706787 0.0 0.0 0.0 0.0 0.0 0.0 0.0 0.583203
Person 0.0 0 0.0 1250.537109 0.000000 1336.962891 235.195312 0.0 0.0 0.0 0.0 0.0 0.0 0.0 0.880797
Person 0.0 0 0.0 196.523438 85.034180 304.101562 334.467773 0.0 0.0 0.0 0.0 0.0 0.0 0.0 0.891811
Person 0.0 0 0.0 1306.025391 0.000000 1414.599609 286.611328 0.0 0.0 0.0 0.0 0.0 0.0 0.0 0.897336
Person 0.0 0 0.0 1174.511719 10.283203 1276.113281 306.123047 0.0 0.0 0.0 0.0 0.0 0.0 0.0 0.906322
Person 0.0 0 0.0 711.621094 47.988281 844.628906 360.175781 0.0 0.0 0.0 0.0 0.0 0.0 0.0 0.912436
Person 0.0 0 0.0 216.093750 418.315430 457.500000 727.075195 0.0 0.0 0.0 0.0 0.0 0.0 0.0 0.922482
Person 0.0 0 0.0 32.431641 119.047852 107.958984 301.245117 0.0 0.0 0.0 0.0 0.0 0.0 0.0 0.932453
Person 0.0 0 0.0 262.792969 94.526367 400.019531 377.446289 0.0 0.0 0.0 0.0 0.0 0.0 0.0 0.939248
Person 0.0 0 0.0 148.417969 148.117676 273.691406 386.872559 0.0 0.0 0.0 0.0 0.0 0.0 0.0 0.955319
