Person 0.0 0 0.0 196.582031 353.847656 416.542969 668.671875 0.0 0.0 0.0 0.0 0.0 0.0 0.0 0.312370
Person 0.0 0 0.0 219.902344 0.000000 257.988281 53.096924 0.0 0.0 0.0 0.0 0.0 0.0 0.0 0.314051
Person 0.0 0 0.0 1230.117188 0.000000 1325.507812 95.712891 0.0 0.0 0.0 0.0 0.0 0.0 0.0 0.318697
Person 0.0 0 0.0 1404.389648 0.000000 1453.110352 82.034912 0.0 0.0 0.0 0.0 0.0 0.0 0.0 0.372049
Person 0.0 0 0.0 38.759766 89.648438 119.560547 257.080078 0.0 0.0 0.0 0.0 0.0 0.0 0.0 0.387690
Person 0.0 0 0.0 1230.468750 0.197754 1325.156250 195.842285 0.0 0.0 0.0 0.0 0.0 0.0 0.0 0.389547
Person 0.0 0 0.0 196.113281 353.715820 357.480469 671.440430 0.0 0.0 0.0 0.0 0.0 0.0 0.0 0.438785
Person 0.0 0 0.0 39.375000 37.441406 112.265625 208.696289 0.0 0.0 0.0 0.0 0.0 0.0 0.0 0.509764
Person 0.0 0 0.0 380.273438 978.189697 632.226562 1076.341553 0.0 0.0 0.0 0.0 0.0 0.0 0.0 0.590779
Person 0.0 0 0.0 81.284180 0.065918 126.840820 83.188477 0.0 0.0 0.0 0.0 0.0 0.0 0.0 0.606731
Person 0.0 0 0.0 106.787109 0.000000 147.978516 76.201172 0.0 0.0 0.0 0.0 0.0 0.0 0.0 0.692642
Person 0.0 0 0.0 220.078125 69.675293 309.609375 319.240723 0.0 0.0 0.0 0.0 0.0 0.0 0.0 0.793106
Person 0.0 0 0.0 171.826172 0.000000 230.830078 115.488281 0.0 0.0 0.0 0.0 0.0 0.0 0.0 0.852935
Person 0.0 0 0.0 1412.900391 0.065918 1512.099609 199.401855 0.0 0.0 0.0 0.0 0.0 0.0 0.0 0.862004
Person 0.0 0 0.0 266.015625 95.185547 401.484375 377.841797 0.0 0.0 0.0 0.0 0.0 0.0 0.0 0.927888
Person 0.0 0 0.0 235.722656 406.582031 457.558594 715.605469 0.0 0.0 0.0 0.0 0.0 0.0 0.0 0.936749
Person 0.0 0 0.0 31.054688 119.311523 112.500000 301.508789 0.0 0.0 0.0 0.0 0.0 0.0 0.0 0.950041
Person 0.0 0 0.0 158.496094 133.747559 284.472656 381.994629 0.0 0.0 0.0 0.0 0.0 0.0 0.0 0.955152
Person 0.0 0 0.0 1169.765625 9.755859 1308.984375 299.531250 0.0 0.0 0.0 0.0 0.0 0.0 0.0 0.958382
