Person 0.0 0 0.0 201.269531 349.365234 427.792969 687.919922 0.0 0.0 0.0 0.0 0.0 0.0 0.0 0.372049
Person 0.0 0 0.0 198.691406 349.365234 357.714844 664.716797 0.0 0.0 0.0 0.0 0.0 0.0 0.0 0.385837
Person 0.0 0 0.0 38.085938 89.516602 119.648438 257.475586 0.0 0.0 0.0 0.0 0.0 0.0 0.0 0.386763
Person 0.0 0 0.0 1470.952148 0.000000 1519.672852 163.015137 0.0 0.0 0.0 0.0 0.0 0.0 0.0 0.496094
Person 0.0 0 0.0 360.468750 980.101318 629.531250 1077.593994 0.0 0.0 0.0 0.0 0.0 0.0 0.0 0.501953
Person 0.0 0 0.0 36.972656 39.550781 112.910156 216.210938 0.0 0.0 0.0 0.0 0.0 0.0 0.0 0.529263
Person 0.0 0 0.0 237.685547 59.721680 311.689453 319.702148 0.0 0.0 0.0 0.0 0.0 0.0 0.0 0.607663
Person 0.0 0 0.0 81.679688 0.000000 125.625000 81.968994 0.0 0.0 0.0 0.0 0.0 0.0 0.0 0.611382
Person 0.0 0 0.0 1134.316406 0.000000 1209.433594 129.693604 0.0 0.0 0.0 0.0 0.0 0.0 0.0 0.615088
Person 0.0 0 0.0 104.355469 0.000000 148.066406 75.937500 0.0 0.0 0.0 0.0 0.0 0.0 0.0 0.661048
Person 0.0 0 0.0 1263.398438 0.000000 1337.226562 235.129395 0.0 0.0 0.0 0.0 0.0 0.0 0.0 0.810479
Person 0.0 0 0.0 1401.445312 0.000000 1493.554688 199.533691 0.0 0.0 0.0 0.0 0.0 0.0 0.0 0.844409
Person 0.0 0 0.0 194.238281 0.000000 256.464844 143.767090 0.0 0.0 0.0 0.0 0.0 0.0 0.0 0.906322
Person 0.0 0 0.0 241.582031 407.241211 457.792969 714.946289 0.0 0.0 0.0 0.0 0.0 0.0 0.0 0.920790
Person 0.0 0 0.0 1300.019531 0.000000 1398.105469 288.720703 0.0 0.0 0.0 0.0 0.0 0.0 0.0 0.933188
Person 0.0 0 0.0 265.312500 96.240234 400.781250 377.578125 0.0 0.0 0.0 0.0 0.0 0.0 0.0 0.948917
Person 0.0 0 0.0 1168.125000 4.218750 1286.250000 301.376953 0.0 0.0 0.0 0.0 0.0 0.0 0.0 0.950778
Person 0.0 0 0.0 166.113281 131.044922 290.917969 364.130859 0.0 0.0 0.0 0.0 0.0 0.0 0.0 0.962813
