Person 0.0 0 0.0 248.349609 23.170166 312.744141 141.624756 0.0 0.0 0.0 0.0 0.0 0.0 0.0 0.355327
Person 0.0 0 0.0 238.300781 0.560303 289.980469 105.567627 0.0 0.0 0.0 0.0 0.0 0.0 0.0 0.372962
Person 0.0 0 0.0 231.152344 70.828857 306.972656 174.913330 0.0 0.0 0.0 0.0 0.0 0.0 0.0 0.400749
Person 0.0 0 0.0 35.529785 16.116943 64.138184 84.276123 0.0 0.0 0.0 0.0 0.0 0.0 0.0 0.456167
Person 0.0 0 0.0 1824.843750 149.040527 1918.000000 376.457520 0.0 0.0 0.0 0.0 0.0 0.0 0.0 0.561215
Person 0.0 0 0.0 376.757812 938.012695 643.242188 1076.440430 0.0 0.0 0.0 0.0 0.0 0.0 0.0 0.583203
Person 0.0 0 0.0 15.944824 1.384277 43.059082 88.330078 0.0 0.0 0.0 0.0 0.0 0.0 0.0 0.619701
Person 0.0 0 0.0 1438.212891 0.131836 1522.412109 170.595703 0.0 0.0 0.0 0.0 0.0 0.0 0.0 0.722527
Person 0.0 0 0.0 409.716797 0.000000 474.814453 129.825439 0.0 0.0 0.0 0.0 0.0 0.0 0.0 0.747616
Person 0.0 0 0.0 209.707031 350.024414 392.167969 662.475586 0.0 0.0 0.0 0.0 0.0 0.0 0.0 0.790530
Person 0.0 0 0.0 463.359375 0.395508 546.328125 200.917969 0.0 0.0 0.0 0.0 0.0 0.0 0.0 0.828939
Person 0.0 0 0.0 1260.351562 0.000000 1334.648438 235.920410 0.0 0.0 0.0 0.0 0.0 0.0 0.0 0.872782
Person 0.0 0 0.0 244.335938 102.963867 386.601562 378.500977 0.0 0.0 0.0 0.0 0.0 0.0 0.0 0.889912
Person 0.0 0 0.0 34.482422 44.890137 106.962891 221.286621 0.0 0.0 0.0 0.0 0.0 0.0 0.0 0.899121
Person 0.0 0 0.0 148.710938 5.471191 219.960938 154.313965 0.0 0.0 0.0 0.0 0.0 0.0 0.0 0.928926
Person 0.0 0 0.0 296.191406 377.446289 482.871094 696.225586 0.0 0.0 0.0 0.0 0.0 0.0 0.0 0.929184
Person 0.0 0 0.0 338.261719 4.614258 431.894531 179.824219 0.0 0.0 0.0 0.0 0.0 0.0 0.0 0.931213
Person 0.0 0 0.0 1300.400391 0.000000 1399.599609 288.852539 0.0 0.0 0.0 0.0 0.0 0.0 0.0 0.935582
Person 0.0 0 0.0 168.632812 127.419434 290.742188 367.756348 0.0 0.0 0.0 0.0 0.0 0.0 0.0 0.960952
Person 0.0 0 0.0 1169.003906 6.723633 1289.121094 290.698242 0.0 0.0 0.0 0.0 0.0 0.0 0.0 0.964987
