Person 0.0 0 0.0 457.939453 0.000000 526.435547 71.883545 0.0 0.0 0.0 0.0 0.0 0.0 0.0 0.309441
Person 0.0 0 0.0 107.080078 0.000000 143.935547 27.603149 0.0 0.0 0.0 0.0 0.0 0.0 0.0 0.320396
Person 0.0 0 0.0 40.195312 89.516602 119.648438 256.420898 0.0 0.0 0.0 0.0 0.0 0.0 0.0 0.416797
Person 0.0 0 0.0 185.097656 362.680664 362.402344 681.459961 0.0 0.0 0.0 0.0 0.0 0.0 0.0 0.504883
Person 0.0 0 0.0 37.617188 38.298340 112.031250 187.800293 0.0 0.0 0.0 0.0 0.0 0.0 0.0 0.523420
Person 0.0 0 0.0 429.843750 961.314697 691.406250 1076.341553 0.0 0.0 0.0 0.0 0.0 0.0 0.0 0.548674
Person 0.0 0 0.0 226.640625 72.048340 309.140625 319.240723 0.0 0.0 0.0 0.0 0.0 0.0 0.0 0.646906
Person 0.0 0 0.0 1438.447266 0.000000 1520.302734 152.797852 0.0 0.0 0.0 0.0 0.0 0.0 0.0 0.709019
Person 0.0 0 0.0 82.382812 0.065918 126.093750 83.781738 0.0 0.0 0.0 0.0 0.0 0.0 0.0 0.716219
Person 0.0 0 0.0 1255.986328 0.000000 1327.763672 233.876953 0.0 0.0 0.0 0.0 0.0 0.0 0.0 0.830594
Person 0.0 0 0.0 241.171875 406.450195 446.015625 714.682617 0.0 0.0 0.0 0.0 0.0 0.0 0.0 0.890675
Person 0.0 0 0.0 264.433594 97.690430 401.660156 377.182617 0.0 0.0 0.0 0.0 0.0 0.0 0.0 0.916708
Person 0.0 0 0.0 1482.011719 17.797852 1602.363281 283.842773 0.0 0.0 0.0 0.0 0.0 0.0 0.0 0.931711
Person 0.0 0 0.0 1171.289062 4.482422 1277.460938 297.949219 0.0 0.0 0.0 0.0 0.0 0.0 0.0 0.933188
Person 0.0 0 0.0 32.812500 118.454590 110.507812 301.311035 0.0 0.0 0.0 0.0 0.0 0.0 0.0 0.934155
Person 0.0 0 0.0 1297.763672 0.000000 1402.236328 289.907227 0.0 0.0 0.0 0.0 0.0 0.0 0.0 0.942507
Person 0.0 0 0.0 158.613281 136.120605 283.652344 381.994629 0.0 0.0 0.0 0.0 0.0 0.0 0.0 0.944587
