Person 0.0 0 0.0 1371.210938 0.000000 1445.039062 146.733398 0.0 0.0 0.0 0.0 0.0 0.0 0.0 0.314471
Person 0.0 0 0.0 150.029297 0.098877 192.158203 74.256592 0.0 0.0 0.0 0.0 0.0 0.0 0.0 0.354433
Person 0.0 0 0.0 271.318359 0.000000 336.650391 94.064941 0.0 0.0 0.0 0.0 0.0 0.0 0.0 0.363873
Person 0.0 0 0.0 270.439453 0.000000 319.248047 58.386841 0.0 0.0 0.0 0.0 0.0 0.0 0.0 0.381220
Person 0.0 0 0.0 25.590820 20.137939 57.084961 94.559326 0.0 0.0 0.0 0.0 0.0 0.0 0.0 0.409221
Person 0.0 0 0.0 254.589844 57.974854 318.691406 148.743896 0.0 0.0 0.0 0.0 0.0 0.0 0.0 0.479504
Person 0.0 0 0.0 25.693359 0.560303 65.244141 65.819092 0.0 0.0 0.0 0.0 0.0 0.0 0.0 0.510741
Person 0.0 0 0.0 401.953125 958.018799 680.859375 1076.473389 0.0 0.0 0.0 0.0 0.0 0.0 0.0 0.560253
Person 0.0 0 0.0 430.532227 0.000000 490.092773 125.244141 0.0 0.0 0.0 0.0 0.0 0.0 0.0 0.645120
Person 0.0 0 0.0 1479.785156 0.131836 1563.339844 179.824219 0.0 0.0 0.0 0.0 0.0 0.0 0.0 0.684264
Person 0.0 0 0.0 199.511719 352.529297 404.707031 663.662109 0.0 0.0 0.0 0.0 0.0 0.0 0.0 0.771155
Person 0.0 0 0.0 1418.906250 0.000000 1507.968750 196.699219 0.0 0.0 0.0 0.0 0.0 0.0 0.0 0.865679
Person 0.0 0 0.0 684.404297 0.131836 784.658203 290.170898 0.0 0.0 0.0 0.0 0.0 0.0 0.0 0.899121
Person 0.0 0 0.0 244.980469 104.809570 375.644531 387.729492 0.0 0.0 0.0 0.0 0.0 0.0 0.0 0.902610
Person 0.0 0 0.0 378.369141 0.000000 455.068359 156.818848 0.0 0.0 0.0 0.0 0.0 0.0 0.0 0.915205
Person 0.0 0 0.0 1009.716797 26.630859 1110.908203 329.589844 0.0 0.0 0.0 0.0 0.0 0.0 0.0 0.927100
Person 0.0 0 0.0 43.681641 90.966797 150.263672 267.363281 0.0 0.0 0.0 0.0 0.0 0.0 0.0 0.927888
Person 0.0 0 0.0 336.796875 331.567383 503.671875 706.245117 0.0 0.0 0.0 0.0 0.0 0.0 0.0 0.943764
Person 0.0 0 0.0 171.503906 120.432129 295.371094 364.987793 0.0 0.0 0.0 0.0 0.0 0.0 0.0 0.951684
