Person 0.0 0 0.0 1440.498047 0.000000 1520.126953 157.741699 0.0 0.0 0.0 0.0 0.0 0.0 0.0 0.309858
Person 0.0 0 0.0 41.660156 88.395996 119.355469 257.014160 0.0 0.0 0.0 0.0 0.0 0.0 0.0 0.377541
Person 0.0 0 0.0 1468.286133 0.000000 1520.463867 156.950684 0.0 0.0 0.0 0.0 0.0 0.0 0.0 0.399812
Person 0.0 0 0.0 180.996094 366.635742 359.941406 680.141602 0.0 0.0 0.0 0.0 0.0 0.0 0.0 0.506836
Person 0.0 0 0.0 38.906250 37.770996 113.320312 191.096191 0.0 0.0 0.0 0.0 0.0 0.0 0.0 0.531209
Person 0.0 0 0.0 223.769531 0.131836 284.824219 99.865723 0.0 0.0 0.0 0.0 0.0 0.0 0.0 0.537041
Person 0.0 0 0.0 81.738281 0.000000 127.910156 84.407959 0.0 0.0 0.0 0.0 0.0 0.0 0.0 0.712232
Person 0.0 0 0.0 227.431641 67.368164 309.287109 318.647461 0.0 0.0 0.0 0.0 0.0 0.0 0.0 0.713831
Person 0.0 0 0.0 1254.316406 0.000000 1336.933594 234.338379 0.0 0.0 0.0 0.0 0.0 0.0 0.0 0.881207
Person 0.0 0 0.0 239.648438 406.186523 446.601562 714.946289 0.0 0.0 0.0 0.0 0.0 0.0 0.0 0.906983
Person 0.0 0 0.0 1388.349609 0.329590 1491.650391 230.910645 0.0 0.0 0.0 0.0 0.0 0.0 0.0 0.909907
Person 0.0 0 0.0 32.666016 117.465820 114.990234 300.981445 0.0 0.0 0.0 0.0 0.0 0.0 0.0 0.931711
Person 0.0 0 0.0 157.324219 138.955078 284.238281 381.796875 0.0 0.0 0.0 0.0 0.0 0.0 0.0 0.936285
Person 0.0 0 0.0 1173.017578 0.791016 1275.732422 293.203125 0.0 0.0 0.0 0.0 0.0 0.0 0.0 0.947186
Person 0.0 0 0.0 263.730469 96.240234 400.488281 377.841797 0.0 0.0 0.0 0.0 0.0 0.0 0.0 0.948537
Person 0.0 0 0.0 119.370117 11.667480 177.817383 149.831543 0.0 0.0 0.0 0.0 0.0 0.0 0.0 0.954816
Person 0.0 0 0.0 1297.998047 0.000000 1398.251953 289.775391 0.0 0.0 0.0 0.0 0.0 0.0 0.0 0.962813
