Person 0.0 0 0.0 37.792969 91.691895 116.660156 257.937012 0.0 0.0 0.0 0.0 0.0 0.0 0.0 0.307774
Person 0.0 0 0.0 197.109375 353.979492 452.578125 685.942383 0.0 0.0 0.0 0.0 0.0 0.0 0.0 0.316581
Person 0.0 0 0.0 45.087891 100.063477 116.865234 258.793945 0.0 0.0 0.0 0.0 0.0 0.0 0.0 0.372049
Person 0.0 0 0.0 196.347656 353.320312 353.964844 671.308594 0.0 0.0 0.0 0.0 0.0 0.0 0.0 0.390476
Person 0.0 0 0.0 37.353516 37.705078 112.294922 209.355469 0.0 0.0 0.0 0.0 0.0 0.0 0.0 0.488283
Person 0.0 0 0.0 83.437500 0.000000 127.734375 83.254395 0.0 0.0 0.0 0.0 0.0 0.0 0.0 0.526343
Person 0.0 0 0.0 365.507812 976.047363 642.304688 1077.429199 0.0 0.0 0.0 0.0 0.0 0.0 0.0 0.628863
Person 0.0 0 0.0 104.487305 0.000000 147.934570 74.388428 0.0 0.0 0.0 0.0 0.0 0.0 0.0 0.637031
Person 0.0 0 0.0 232.265625 62.358398 308.671875 318.383789 0.0 0.0 0.0 0.0 0.0 0.0 0.0 0.769773
Person 0.0 0 0.0 1437.392578 0.131836 1517.607422 169.145508 0.0 0.0 0.0 0.0 0.0 0.0 0.0 0.809878
Person 0.0 0 0.0 1263.486328 0.000000 1335.263672 234.536133 0.0 0.0 0.0 0.0 0.0 0.0 0.0 0.857768
Person 0.0 0 0.0 192.832031 0.000000 243.339844 143.898926 0.0 0.0 0.0 0.0 0.0 0.0 0.0 0.865224
Person 0.0 0 0.0 1650.439453 56.689453 1763.935547 315.615234 0.0 0.0 0.0 0.0 0.0 0.0 0.0 0.888372
Person 0.0 0 0.0 1173.896484 5.668945 1286.103516 298.081055 0.0 0.0 0.0 0.0 0.0 0.0 0.0 0.903635
Person 0.0 0 0.0 238.125000 411.591797 458.437500 714.814453 0.0 0.0 0.0 0.0 0.0 0.0 0.0 0.924959
Person 0.0 0 0.0 1300.781250 0.000000 1399.218750 289.116211 0.0 0.0 0.0 0.0 0.0 0.0 0.0 0.926304
Person 0.0 0 0.0 32.255859 111.928711 110.830078 284.633789 0.0 0.0 0.0 0.0 0.0 0.0 0.0 0.926835
Person 0.0 0 0.0 164.355469 130.913086 291.035156 364.262695 0.0 0.0 0.0 0.0 0.0 0.0 0.0 0.949856
Person 0.0 0 0.0 272.988281 95.976562 393.105469 373.886719 0.0 0.0 0.0 0.0 0.0 0.0 0.0 0.952220
