Person 0.0 0 0.0 45.234375 93.076172 119.765625 257.343750 0.0 0.0 0.0 0.0 0.0 0.0 0.0 0.341583
Person 0.0 0 0.0 303.193359 0.000000 347.900391 81.507568 0.0 0.0 0.0 0.0 0.0 0.0 0.0 0.384912
Person 0.0 0 0.0 198.369141 0.000000 283.974609 99.766846 0.0 0.0 0.0 0.0 0.0 0.0 0.0 0.488283
Person 0.0 0 0.0 427.968750 965.830078 693.281250 1077.099609 0.0 0.0 0.0 0.0 0.0 0.0 0.0 0.508788
Person 0.0 0 0.0 37.558594 37.770996 111.269531 184.768066 0.0 0.0 0.0 0.0 0.0 0.0 0.0 0.517571
Person 0.0 0 0.0 178.476562 366.372070 359.648438 679.877930 0.0 0.0 0.0 0.0 0.0 0.0 0.0 0.593609
Person 0.0 0 0.0 81.254883 0.000000 126.049805 83.649902 0.0 0.0 0.0 0.0 0.0 0.0 0.0 0.614163
Person 0.0 0 0.0 232.763672 65.390625 309.580078 318.779297 0.0 0.0 0.0 0.0 0.0 0.0 0.0 0.627038
Person 0.0 0 0.0 1438.007812 0.000000 1516.992188 155.566406 0.0 0.0 0.0 0.0 0.0 0.0 0.0 0.707405
Person 0.0 0 0.0 1263.808594 0.000000 1334.941406 234.602051 0.0 0.0 0.0 0.0 0.0 0.0 0.0 0.868827
Person 0.0 0 0.0 231.152344 411.064453 446.660156 714.287109 0.0 0.0 0.0 0.0 0.0 0.0 0.0 0.878731
Person 0.0 0 0.0 264.433594 96.899414 402.128906 377.973633 0.0 0.0 0.0 0.0 0.0 0.0 0.0 0.890294
Person 0.0 0 0.0 157.207031 137.570801 283.417969 381.335449 0.0 0.0 0.0 0.0 0.0 0.0 0.0 0.913058
Person 0.0 0 0.0 33.398438 113.642578 116.835938 301.376953 0.0 0.0 0.0 0.0 0.0 0.0 0.0 0.935346
Person 0.0 0 0.0 116.074219 10.546875 176.894531 149.765625 0.0 0.0 0.0 0.0 0.0 0.0 0.0 0.939025
Person 0.0 0 0.0 1299.345703 0.000000 1404.404297 290.039062 0.0 0.0 0.0 0.0 0.0 0.0 0.0 0.939471
Person 0.0 0 0.0 1173.779297 5.537109 1286.220703 294.785156 0.0 0.0 0.0 0.0 0.0 0.0 0.0 0.952397
