Person 0.0 0 0.0 333.984375 0.000000 402.890625 123.826904 0.0 0.0 0.0 0.0 0.0 0.0 0.0 0.322099
Person 0.0 0 0.0 316.640625 0.000000 402.421875 124.486084 0.0 0.0 0.0 0.0 0.0 0.0 0.0 0.398875
Person 0.0 0 0.0 1237.177734 0.000000 1333.447266 233.085938 0.0 0.0 0.0 0.0 0.0 0.0 0.0 0.450359
Person 0.0 0 0.0 39.667969 92.021484 119.003906 255.234375 0.0 0.0 0.0 0.0 0.0 0.0 0.0 0.472683
Person 0.0 0 0.0 1231.875000 0.131836 1335.000000 231.108398 0.0 0.0 0.0 0.0 0.0 0.0 0.0 0.485356
Person 0.0 0 0.0 196.640625 346.860352 347.578125 658.256836 0.0 0.0 0.0 0.0 0.0 0.0 0.0 0.529263
Person 0.0 0 0.0 193.154297 85.231934 312.158203 321.613770 0.0 0.0 0.0 0.0 0.0 0.0 0.0 0.534127
Person 0.0 0 0.0 37.851562 37.902832 112.382812 188.591309 0.0 0.0 0.0 0.0 0.0 0.0 0.0 0.557364
Person 0.0 0 0.0 435.585938 968.038330 681.914062 1077.000732 0.0 0.0 0.0 0.0 0.0 0.0 0.0 0.560253
Person 0.0 0 0.0 80.053711 0.098877 129.243164 84.407959 0.0 0.0 0.0 0.0 0.0 0.0 0.0 0.564098
Person 0.0 0 0.0 103.154297 0.000000 148.798828 75.014648 0.0 0.0 0.0 0.0 0.0 0.0 0.0 0.597373
Person 0.0 0 0.0 1445.332031 0.065918 1524.667969 168.288574 0.0 0.0 0.0 0.0 0.0 0.0 0.0 0.731059
Person 0.0 0 0.0 404.091797 0.000000 476.689453 133.483887 0.0 0.0 0.0 0.0 0.0 0.0 0.0 0.800068
Person 0.0 0 0.0 1783.681641 69.741211 1872.568359 268.022461 0.0 0.0 0.0 0.0 0.0 0.0 0.0 0.849472
Person 0.0 0 0.0 1178.613281 11.074219 1307.636719 300.585938 0.0 0.0 0.0 0.0 0.0 0.0 0.0 0.870597
Person 0.0 0 0.0 233.144531 413.569336 445.605469 716.000977 0.0 0.0 0.0 0.0 0.0 0.0 0.0 0.899121
Person 0.0 0 0.0 1307.373047 0.000000 1407.626953 286.743164 0.0 0.0 0.0 0.0 0.0 0.0 0.0 0.906653
Person 0.0 0 0.0 159.433594 137.373047 282.832031 379.951172 0.0 0.0 0.0 0.0 0.0 0.0 0.0 0.917893
Person 0.0 0 0.0 306.210938 8.635254 427.382812 206.257324 0.0 0.0 0.0 0.0 0.0 0.0 0.0 0.937211
Person 0.0 0 0.0 18.193359 127.089844 114.462891 290.830078 0.0 0.0 0.0 0.0 0.0 0.0 0.0 0.944995
