Person 0.0 0 0.0 266.103516 51.481934 331.083984 149.831543 0.0 0.0 0.0 0.0 0.0 0.0 0.0 0.314471
Person 0.0 0 0.0 109.731445 0.032959 152.534180 66.741943 0.0 0.0 0.0 0.0 0.0 0.0 0.0 0.316158
Person 0.0 0 0.0 267.392578 52.207031 367.294922 270.000000 0.0 0.0 0.0 0.0 0.0 0.0 0.0 0.404507
Person 0.0 0 0.0 38.393555 13.875732 66.137695 66.741943 0.0 0.0 0.0 0.0 0.0 0.0 0.0 0.426322
Person 0.0 0 0.0 217.075195 0.000000 269.956055 66.362915 0.0 0.0 0.0 0.0 0.0 0.0 0.0 0.508788
Person 0.0 0 0.0 424.848633 0.000000 469.995117 129.100342 0.0 0.0 0.0 0.0 0.0 0.0 0.0 0.522446
Person 0.0 0 0.0 15.739746 13.974609 43.264160 91.164551 0.0 0.0 0.0 0.0 0.0 0.0 0.0 0.602062
Person 0.0 0 0.0 393.515625 923.774414 652.734375 1075.913086 0.0 0.0 0.0 0.0 0.0 0.0 0.0 0.694303
Person 0.0 0 0.0 1438.212891 0.065918 1522.412109 169.738770 0.0 0.0 0.0 0.0 0.0 0.0 0.0 0.696784
Person 0.0 0 0.0 1245.380859 0.000000 1330.869141 235.261230 0.0 0.0 0.0 0.0 0.0 0.0 0.0 0.857768
Person 0.0 0 0.0 201.269531 358.593750 407.167969 662.343750 0.0 0.0 0.0 0.0 0.0 0.0 0.0 0.871475
Person 0.0 0 0.0 244.863281 105.205078 386.074219 382.060547 0.0 0.0 0.0 0.0 0.0 0.0 0.0 0.888372
Person 0.0 0 0.0 384.521484 0.000000 454.072266 156.159668 0.0 0.0 0.0 0.0 0.0 0.0 0.0 0.894421
Person 0.0 0 0.0 486.855469 3.229980 620.332031 269.934082 0.0 0.0 0.0 0.0 0.0 0.0 0.0 0.898411
Person 0.0 0 0.0 147.656250 4.746094 216.562500 149.633789 0.0 0.0 0.0 0.0 0.0 0.0 0.0 0.911180
Person 0.0 0 0.0 1296.650391 0.000000 1395.849609 288.852539 0.0 0.0 0.0 0.0 0.0 0.0 0.0 0.913984
Person 0.0 0 0.0 1160.332031 0.000000 1271.542969 281.469727 0.0 0.0 0.0 0.0 0.0 0.0 0.0 0.923039
Person 0.0 0 0.0 314.179688 335.390625 496.289062 697.675781 0.0 0.0 0.0 0.0 0.0 0.0 0.0 0.932944
Person 0.0 0 0.0 173.173828 120.102539 290.888672 365.053711 0.0 0.0 0.0 0.0 0.0 0.0 0.0 0.950960
