Person 0.0 0 0.0 1197.172852 0.000000 1238.452148 74.388428 0.0 0.0 0.0 0.0 0.0 0.0 0.0 0.306527
Person 0.0 0 0.0 1272.744141 0.000000 1331.630859 232.888184 0.0 0.0 0.0 0.0 0.0 0.0 0.0 0.325092
Person 0.0 0 0.0 38.085938 90.703125 119.648438 257.343750 0.0 0.0 0.0 0.0 0.0 0.0 0.0 0.390476
Person 0.0 0 0.0 201.855469 353.320312 357.832031 669.726562 0.0 0.0 0.0 0.0 0.0 0.0 0.0 0.471710
Person 0.0 0 0.0 37.031250 41.857910 112.851562 214.299316 0.0 0.0 0.0 0.0 0.0 0.0 0.0 0.474631
Person 0.0 0 0.0 363.046875 974.366455 627.890625 1077.000732 0.0 0.0 0.0 0.0 0.0 0.0 0.0 0.494141
Person 0.0 0 0.0 81.489258 0.065918 126.635742 82.265625 0.0 0.0 0.0 0.0 0.0 0.0 0.0 0.610453
Person 0.0 0 0.0 105.043945 0.000000 147.846680 75.904541 0.0 0.0 0.0 0.0 0.0 0.0 0.0 0.716219
Person 0.0 0 0.0 1412.373047 0.000000 1512.626953 199.599609 0.0 0.0 0.0 0.0 0.0 0.0 0.0 0.820469
Person 0.0 0 0.0 182.680664 0.131836 237.788086 127.089844 0.0 0.0 0.0 0.0 0.0 0.0 0.0 0.865224
Person 0.0 0 0.0 1300.400391 0.000000 1397.724609 288.984375 0.0 0.0 0.0 0.0 0.0 0.0 0.0 0.925500
Person 0.0 0 0.0 1169.414062 8.569336 1303.710938 298.081055 0.0 0.0 0.0 0.0 0.0 0.0 0.0 0.935346
Person 0.0 0 0.0 265.898438 95.053711 400.664062 377.973633 0.0 0.0 0.0 0.0 0.0 0.0 0.0 0.936285
Person 0.0 0 0.0 239.062500 403.945312 457.500000 715.078125 0.0 0.0 0.0 0.0 0.0 0.0 0.0 0.941868
Person 0.0 0 0.0 30.820312 120.366211 111.914062 301.245117 0.0 0.0 0.0 0.0 0.0 0.0 0.0 0.950960
Person 0.0 0 0.0 161.015625 129.726562 284.296875 381.533203 0.0 0.0 0.0 0.0 0.0 0.0 0.0 0.963916
