Person 0.0 0 0.0 38.789062 89.318848 119.882812 257.673340 0.0 0.0 0.0 0.0 0.0 0.0 0.0 0.372049
Person 0.0 0 0.0 416.806641 0.000000 512.724609 89.945068 0.0 0.0 0.0 0.0 0.0 0.0 0.0 0.430147
Person 0.0 0 0.0 39.638672 39.814453 112.001953 205.136719 0.0 0.0 0.0 0.0 0.0 0.0 0.0 0.463930
Person 0.0 0 0.0 443.203125 913.557129 696.796875 1076.638184 0.0 0.0 0.0 0.0 0.0 0.0 0.0 0.502930
Person 0.0 0 0.0 190.781250 352.397461 351.562500 666.430664 0.0 0.0 0.0 0.0 0.0 0.0 0.0 0.512693
Person 0.0 0 0.0 81.108398 0.000000 126.665039 83.089600 0.0 0.0 0.0 0.0 0.0 0.0 0.0 0.606731
Person 0.0 0 0.0 104.765625 0.000000 149.062500 76.135254 0.0 0.0 0.0 0.0 0.0 0.0 0.0 0.656658
Person 0.0 0 0.0 1446.708984 0.065918 1528.916016 167.629395 0.0 0.0 0.0 0.0 0.0 0.0 0.0 0.722527
Person 0.0 0 0.0 223.593750 69.807129 309.843750 319.636230 0.0 0.0 0.0 0.0 0.0 0.0 0.0 0.852935
Person 0.0 0 0.0 1322.753906 0.000000 1450.371094 282.392578 0.0 0.0 0.0 0.0 0.0 0.0 0.0 0.899475
Person 0.0 0 0.0 236.074219 406.054688 445.957031 715.078125 0.0 0.0 0.0 0.0 0.0 0.0 0.0 0.916409
Person 0.0 0 0.0 1235.859375 0.000000 1327.265625 233.349609 0.0 0.0 0.0 0.0 0.0 0.0 0.0 0.918187
Person 0.0 0 0.0 265.488281 95.844727 402.011719 377.973633 0.0 0.0 0.0 0.0 0.0 0.0 0.0 0.930711
Person 0.0 0 0.0 334.218750 1.845703 438.281250 194.853516 0.0 0.0 0.0 0.0 0.0 0.0 0.0 0.941223
Person 0.0 0 0.0 33.544922 117.927246 115.869141 301.047363 0.0 0.0 0.0 0.0 0.0 0.0 0.0 0.948346
Person 0.0 0 0.0 1153.535156 0.659180 1246.464844 295.971680 0.0 0.0 0.0 0.0 0.0 0.0 0.0 0.950778
Person 0.0 0 0.0 156.152344 136.582031 284.472656 380.742188 0.0 0.0 0.0 0.0 0.0 0.0 0.0 0.951863
