Person 0.0 0 0.0 32.431641 86.088867 115.224609 258.002930 0.0 0.0 0.0 0.0 0.0 0.0 0.0 0.316158
Person 0.0 0 0.0 16.875000 110.676270 87.480469 298.278809 0.0 0.0 0.0 0.0 0.0 0.0 0.0 0.333286
Person 0.0 0 0.0 241.347656 10.843506 283.652344 114.927979 0.0 0.0 0.0 0.0 0.0 0.0 0.0 0.412057
Person 0.0 0 0.0 199.218750 346.069336 341.718750 661.157227 0.0 0.0 0.0 0.0 0.0 0.0 0.0 0.478529
Person 0.0 0 0.0 40.400391 37.968750 107.607422 189.711914 0.0 0.0 0.0 0.0 0.0 0.0 0.0 0.526343
Person 0.0 0 0.0 82.016602 0.164795 128.452148 83.880615 0.0 0.0 0.0 0.0 0.0 0.0 0.0 0.552540
Person 0.0 0 0.0 428.085938 971.400146 681.914062 1077.857666 0.0 0.0 0.0 0.0 0.0 0.0 0.0 0.560253
Person 0.0 0 0.0 280.195312 17.435303 353.085938 145.513916 0.0 0.0 0.0 0.0 0.0 0.0 0.0 0.566019
Person 0.0 0 0.0 102.890625 0.000000 148.125000 75.212402 0.0 0.0 0.0 0.0 0.0 0.0 0.0 0.639736
Person 0.0 0 0.0 208.652344 75.541992 310.253906 334.467773 0.0 0.0 0.0 0.0 0.0 0.0 0.0 0.862930
Person 0.0 0 0.0 230.742188 413.701172 456.914062 726.416016 0.0 0.0 0.0 0.0 0.0 0.0 0.0 0.870597
Person 0.0 0 0.0 1248.632812 0.000000 1336.992188 234.404297 0.0 0.0 0.0 0.0 0.0 0.0 0.0 0.902266
Person 0.0 0 0.0 1306.113281 0.000000 1414.511719 286.611328 0.0 0.0 0.0 0.0 0.0 0.0 0.0 0.917303
Person 0.0 0 0.0 147.949219 147.326660 271.816406 389.245605 0.0 0.0 0.0 0.0 0.0 0.0 0.0 0.935582
Person 0.0 0 0.0 1167.363281 11.074219 1272.011719 302.167969 0.0 0.0 0.0 0.0 0.0 0.0 0.0 0.936052
Person 0.0 0 0.0 646.787109 30.454102 748.212891 350.024414 0.0 0.0 0.0 0.0 0.0 0.0 0.0 0.936518
Person 0.0 0 0.0 27.158203 112.126465 114.052734 300.783691 0.0 0.0 0.0 0.0 0.0 0.0 0.0 0.942295
Person 0.0 0 0.0 262.207031 94.262695 400.136719 377.446289 0.0 0.0 0.0 0.0 0.0 0.0 0.0 0.944587
