Person 0.0 0 0.0 1385.273438 0.000000 1492.851562 140.603027 0.0 0.0 0.0 0.0 0.0 0.0 0.0 0.371137
Person 0.0 0 0.0 249.389648 0.000000 305.141602 69.180908 0.0 0.0 0.0 0.0 0.0 0.0 0.0 0.437824
Person 0.0 0 0.0 378.632812 970.345459 643.242188 1076.802979 0.0 0.0 0.0 0.0 0.0 0.0 0.0 0.439747
Person 0.0 0 0.0 142.382812 0.131836 196.992188 85.495605 0.0 0.0 0.0 0.0 0.0 0.0 0.0 0.481454
Person 0.0 0 0.0 45.117188 37.243652 108.281250 188.854980 0.0 0.0 0.0 0.0 0.0 0.0 0.0 0.488283
Person 0.0 0 0.0 351.269531 0.000000 435.292969 137.966309 0.0 0.0 0.0 0.0 0.0 0.0 0.0 0.498047
Person 0.0 0 0.0 24.792480 19.841309 52.961426 97.031250 0.0 0.0 0.0 0.0 0.0 0.0 0.0 0.588889
Person 0.0 0 0.0 1371.533203 0.000000 1461.591797 170.925293 0.0 0.0 0.0 0.0 0.0 0.0 0.0 0.617859
Person 0.0 0 0.0 172.968750 120.102539 281.718750 362.680664 0.0 0.0 0.0 0.0 0.0 0.0 0.0 0.670608
Person 0.0 0 0.0 490.078125 0.000000 546.796875 132.593994 0.0 0.0 0.0 0.0 0.0 0.0 0.0 0.712232
Person 0.0 0 0.0 259.189453 57.084961 362.841797 298.344727 0.0 0.0 0.0 0.0 0.0 0.0 0.0 0.732592
Person 0.0 0 0.0 1480.722656 0.197754 1564.277344 180.417480 0.0 0.0 0.0 0.0 0.0 0.0 0.0 0.765593
Person 0.0 0 0.0 212.753906 129.858398 378.808594 408.559570 0.0 0.0 0.0 0.0 0.0 0.0 0.0 0.853913
Person 0.0 0 0.0 35.273438 88.132324 126.679688 265.979004 0.0 0.0 0.0 0.0 0.0 0.0 0.0 0.897695
Person 0.0 0 0.0 204.199219 358.461914 415.957031 672.495117 0.0 0.0 0.0 0.0 0.0 0.0 0.0 0.902952
Person 0.0 0 0.0 423.867188 0.000000 519.257812 164.860840 0.0 0.0 0.0 0.0 0.0 0.0 0.0 0.906983
Person 0.0 0 0.0 311.601562 343.168945 500.273438 663.002930 0.0 0.0 0.0 0.0 0.0 0.0 0.0 0.912124
Person 0.0 0 0.0 944.882812 17.666016 1050.117188 322.734375 0.0 0.0 0.0 0.0 0.0 0.0 0.0 0.947575
