Person 0.0 0 0.0 236.616211 10.975342 283.227539 113.214111 0.0 0.0 0.0 0.0 0.0 0.0 0.0 0.310276
Person 0.0 0 0.0 36.533203 37.012939 74.326172 141.624756 0.0 0.0 0.0 0.0 0.0 0.0 0.0 0.312790
Person 0.0 0 0.0 37.382812 39.946289 104.882812 223.857422 0.0 0.0 0.0 0.0 0.0 0.0 0.0 0.406391
Person 0.0 0 0.0 195.996094 347.255859 341.660156 669.462891 0.0 0.0 0.0 0.0 0.0 0.0 0.0 0.441673
Person 0.0 0 0.0 235.693359 11.140137 283.681641 142.448730 0.0 0.0 0.0 0.0 0.0 0.0 0.0 0.475605
Person 0.0 0 0.0 442.968750 971.861572 693.281250 1077.396240 0.0 0.0 0.0 0.0 0.0 0.0 0.0 0.520496
Person 0.0 0 0.0 276.679688 23.170166 352.382812 141.229248 0.0 0.0 0.0 0.0 0.0 0.0 0.0 0.563138
Person 0.0 0 0.0 102.919922 0.000000 147.626953 76.398926 0.0 0.0 0.0 0.0 0.0 0.0 0.0 0.660172
Person 0.0 0 0.0 72.714844 0.000000 123.808594 85.726318 0.0 0.0 0.0 0.0 0.0 0.0 0.0 0.675765
Person 0.0 0 0.0 208.505859 77.980957 308.994141 333.610840 0.0 0.0 0.0 0.0 0.0 0.0 0.0 0.845942
Person 0.0 0 0.0 1232.695312 0.000000 1337.929688 234.602051 0.0 0.0 0.0 0.0 0.0 0.0 0.0 0.862004
Person 0.0 0 0.0 509.707031 12.128906 626.542969 285.820312 0.0 0.0 0.0 0.0 0.0 0.0 0.0 0.906322
Person 0.0 0 0.0 1308.369141 0.000000 1421.630859 286.611328 0.0 0.0 0.0 0.0 0.0 0.0 0.0 0.906983
Person 0.0 0 0.0 229.921875 413.569336 457.265625 727.602539 0.0 0.0 0.0 0.0 0.0 0.0 0.0 0.913058
Person 0.0 0 0.0 31.816406 119.377441 108.339844 300.388184 0.0 0.0 0.0 0.0 0.0 0.0 0.0 0.921640
Person 0.0 0 0.0 261.914062 94.790039 400.429688 377.182617 0.0 0.0 0.0 0.0 0.0 0.0 0.0 0.932699
Person 0.0 0 0.0 149.765625 146.865234 270.703125 388.125000 0.0 0.0 0.0 0.0 0.0 0.0 0.0 0.946990
Person 0.0 0 0.0 67.968750 70.202637 145.195312 246.730957 0.0 0.0 0.0 0.0 0.0 0.0 0.0 0.956796
Person 0.0 0 0.0 1185.673828 8.833008 1293.076172 300.454102 0.0 0.0 0.0 0.0 0.0 0.0 0.0 0.962813
