Person 0.0 0 0.0 231.679688 72.509766 303.632812 174.550781 0.0 0.0 0.0 0.0 0.0 0.0 0.0 0.373876
Person 0.0 0 0.0 250.488281 33.552246 313.417969 140.998535 0.0 0.0 0.0 0.0 0.0 0.0 0.0 0.387690
Person 0.0 0 0.0 206.015625 351.738281 368.203125 662.871094 0.0 0.0 0.0 0.0 0.0 0.0 0.0 0.407333
Person 0.0 0 0.0 255.659180 0.000000 306.372070 63.792114 0.0 0.0 0.0 0.0 0.0 0.0 0.0 0.483405
Person 0.0 0 0.0 529.394531 0.000000 613.417969 163.212891 0.0 0.0 0.0 0.0 0.0 0.0 0.0 0.560253
Person 0.0 0 0.0 41.506348 11.469727 69.353027 70.861816 0.0 0.0 0.0 0.0 0.0 0.0 0.0 0.612310
Person 0.0 0 0.0 409.804688 0.000000 475.664062 128.770752 0.0 0.0 0.0 0.0 0.0 0.0 0.0 0.650467
Person 0.0 0 0.0 375.351562 940.682373 639.023438 1074.825439 0.0 0.0 0.0 0.0 0.0 0.0 0.0 0.695958
Person 0.0 0 0.0 1437.802734 0.000000 1522.822266 170.463867 0.0 0.0 0.0 0.0 0.0 0.0 0.0 0.740925
Person 0.0 0 0.0 16.245117 2.241211 47.739258 96.108398 0.0 0.0 0.0 0.0 0.0 0.0 0.0 0.820469
Person 0.0 0 0.0 242.050781 100.722656 385.605469 387.597656 0.0 0.0 0.0 0.0 0.0 0.0 0.0 0.878314
Person 0.0 0 0.0 1260.234375 0.000000 1338.515625 234.404297 0.0 0.0 0.0 0.0 0.0 0.0 0.0 0.905657
Person 0.0 0 0.0 34.482422 44.560547 106.142578 218.320312 0.0 0.0 0.0 0.0 0.0 0.0 0.0 0.909907
Person 0.0 0 0.0 148.769531 7.382812 219.902344 154.116211 0.0 0.0 0.0 0.0 0.0 0.0 0.0 0.921922
Person 0.0 0 0.0 251.074219 389.047852 482.519531 698.334961 0.0 0.0 0.0 0.0 0.0 0.0 0.0 0.934395
Person 0.0 0 0.0 309.990234 19.313965 413.291016 211.135254 0.0 0.0 0.0 0.0 0.0 0.0 0.0 0.940572
Person 0.0 0 0.0 1301.777344 0.000000 1398.222656 288.984375 0.0 0.0 0.0 0.0 0.0 0.0 0.0 0.950778
Person 0.0 0 0.0 169.101562 127.155762 290.976562 368.020020 0.0 0.0 0.0 0.0 0.0 0.0 0.0 0.958538
Person 0.0 0 0.0 1168.828125 9.228516 1287.421875 290.039062 0.0 0.0 0.0 0.0 0.0 0.0 0.0 0.962813
