Person 0.0 0 0.0 199.570312 354.375000 444.023438 672.890625 0.0 0.0 0.0 0.0 0.0 0.0 0.0 0.314471
Person 0.0 0 0.0 196.933594 353.715820 361.816406 669.331055 0.0 0.0 0.0 0.0 0.0 0.0 0.0 0.332419
Person 0.0 0 0.0 1513.271484 0.000000 1550.478516 105.040283 0.0 0.0 0.0 0.0 0.0 0.0 0.0 0.342022
Person 0.0 0 0.0 38.144531 90.834961 118.066406 258.530273 0.0 0.0 0.0 0.0 0.0 0.0 0.0 0.378459
Person 0.0 0 0.0 87.290039 0.000000 126.694336 79.958496 0.0 0.0 0.0 0.0 0.0 0.0 0.0 0.470737
Person 0.0 0 0.0 37.500000 37.309570 111.914062 210.541992 0.0 0.0 0.0 0.0 0.0 0.0 0.0 0.480479
Person 0.0 0 0.0 365.156250 970.048828 619.218750 1077.099609 0.0 0.0 0.0 0.0 0.0 0.0 0.0 0.534127
Person 0.0 0 0.0 103.945312 0.000000 149.414062 75.179443 0.0 0.0 0.0 0.0 0.0 0.0 0.0 0.619701
Person 0.0 0 0.0 238.066406 408.164062 458.027344 715.078125 0.0 0.0 0.0 0.0 0.0 0.0 0.0 0.740174
Person 0.0 0 0.0 232.353516 62.819824 308.583984 317.922363 0.0 0.0 0.0 0.0 0.0 0.0 0.0 0.816991
Person 0.0 0 0.0 195.263672 0.000000 243.251953 143.964844 0.0 0.0 0.0 0.0 0.0 0.0 0.0 0.860134
Person 0.0 0 0.0 1437.802734 0.000000 1519.072266 169.738770 0.0 0.0 0.0 0.0 0.0 0.0 0.0 0.861538
Person 0.0 0 0.0 1262.138672 0.000000 1334.736328 234.997559 0.0 0.0 0.0 0.0 0.0 0.0 0.0 0.879974
Person 0.0 0 0.0 1171.669922 4.482422 1288.330078 298.740234 0.0 0.0 0.0 0.0 0.0 0.0 0.0 0.888759
Person 0.0 0 0.0 1483.945312 1.450195 1602.304688 268.286133 0.0 0.0 0.0 0.0 0.0 0.0 0.0 0.904313
Person 0.0 0 0.0 33.457031 105.402832 111.269531 284.567871 0.0 0.0 0.0 0.0 0.0 0.0 0.0 0.919931
Person 0.0 0 0.0 1300.810547 0.000000 1401.064453 288.984375 0.0 0.0 0.0 0.0 0.0 0.0 0.0 0.942082
Person 0.0 0 0.0 163.417969 130.847168 291.269531 364.328613 0.0 0.0 0.0 0.0 0.0 0.0 0.0 0.954478
Person 0.0 0 0.0 272.167969 95.844727 395.800781 374.282227 0.0 0.0 0.0 0.0 0.0 0.0 0.0 0.958538
