Person 0.0 0 0.0 138.691406 58.007812 196.933594 207.509766 0.0 0.0 0.0 0.0 0.0 0.0 0.0 0.360264
Person 0.0 0 0.0 40.751953 28.608398 112.294922 186.943359 0.0 0.0 0.0 0.0 0.0 0.0 0.0 0.393268
Person 0.0 0 0.0 194.296875 360.307617 352.265625 663.266602 0.0 0.0 0.0 0.0 0.0 0.0 0.0 0.394201
Person 0.0 0 0.0 38.701172 13.842773 112.705078 184.965820 0.0 0.0 0.0 0.0 0.0 0.0 0.0 0.398875
Person 0.0 0 0.0 138.793945 58.040771 194.956055 160.279541 0.0 0.0 0.0 0.0 0.0 0.0 0.0 0.401688
Person 0.0 0 0.0 98.291016 0.000000 143.349609 69.444580 0.0 0.0 0.0 0.0 0.0 0.0 0.0 0.510741
Person 0.0 0 0.0 362.402344 968.895264 593.847656 1076.143799 0.0 0.0 0.0 0.0 0.0 0.0 0.0 0.523420
Person 0.0 0 0.0 61.582031 0.000000 104.941406 72.839355 0.0 0.0 0.0 0.0 0.0 0.0 0.0 0.573678
Person 0.0 0 0.0 232.910156 66.972656 306.621094 319.042969 0.0 0.0 0.0 0.0 0.0 0.0 0.0 0.654895
Person 0.0 0 0.0 1739.208984 5.932617 1819.541016 203.686523 0.0 0.0 0.0 0.0 0.0 0.0 0.0 0.782662
Person 0.0 0 0.0 1438.535156 0.065918 1522.089844 169.475098 0.0 0.0 0.0 0.0 0.0 0.0 0.0 0.812867
Person 0.0 0 0.0 408.164062 0.263672 511.054688 129.528809 0.0 0.0 0.0 0.0 0.0 0.0 0.0 0.822189
Person 0.0 0 0.0 1256.601562 0.000000 1330.898438 234.733887 0.0 0.0 0.0 0.0 0.0 0.0 0.0 0.882428
Person 0.0 0 0.0 33.632812 84.243164 116.601562 263.803711 0.0 0.0 0.0 0.0 0.0 0.0 0.0 0.886027
Person 0.0 0 0.0 1300.253906 0.000000 1395.996094 288.852539 0.0 0.0 0.0 0.0 0.0 0.0 0.0 0.922482
Person 0.0 0 0.0 235.722656 411.987305 458.027344 714.418945 0.0 0.0 0.0 0.0 0.0 0.0 0.0 0.923316
Person 0.0 0 0.0 161.865234 0.065918 226.259766 152.600098 0.0 0.0 0.0 0.0 0.0 0.0 0.0 0.924415
Person 0.0 0 0.0 1161.591797 1.054688 1277.783203 295.576172 0.0 0.0 0.0 0.0 0.0 0.0 0.0 0.935346
Person 0.0 0 0.0 268.828125 97.558594 392.109375 374.414062 0.0 0.0 0.0 0.0 0.0 0.0 0.0 0.941654
Person 0.0 0 0.0 169.335938 132.495117 290.742188 364.526367 0.0 0.0 0.0 0.0 0.0 0.0 0.0 0.943138
