Person 0.0 0 0.0 237.919922 44.956055 308.642578 317.329102 0.0 0.0 0.0 0.0 0.0 0.0 0.0 0.318697
Person 0.0 0 0.0 104.560547 0.000000 145.048828 63.808594 0.0 0.0 0.0 0.0 0.0 0.0 0.0 0.358465
Person 0.0 0 0.0 36.210938 46.933594 114.023438 184.702148 0.0 0.0 0.0 0.0 0.0 0.0 0.0 0.387690
Person 0.0 0 0.0 34.570312 84.638672 83.203125 225.966797 0.0 0.0 0.0 0.0 0.0 0.0 0.0 0.451327
Person 0.0 0 0.0 191.542969 362.680664 359.707031 665.639648 0.0 0.0 0.0 0.0 0.0 0.0 0.0 0.471710
Person 0.0 0 0.0 366.503906 966.126709 578.964844 1076.802979 0.0 0.0 0.0 0.0 0.0 0.0 0.0 0.492188
Person 0.0 0 0.0 29.501953 16.809082 63.369141 88.330078 0.0 0.0 0.0 0.0 0.0 0.0 0.0 0.557364
Person 0.0 0 0.0 63.339844 0.000000 105.410156 72.147217 0.0 0.0 0.0 0.0 0.0 0.0 0.0 0.586996
Person 0.0 0 0.0 161.250000 0.181274 210.703125 64.352417 0.0 0.0 0.0 0.0 0.0 0.0 0.0 0.592667
Person 0.0 0 0.0 173.173828 41.791992 255.498047 215.683594 0.0 0.0 0.0 0.0 0.0 0.0 0.0 0.622459
Person 0.0 0 0.0 1835.859375 81.342773 1914.140625 290.961914 0.0 0.0 0.0 0.0 0.0 0.0 0.0 0.741674
Person 0.0 0 0.0 1438.212891 0.263672 1522.412109 170.463867 0.0 0.0 0.0 0.0 0.0 0.0 0.0 0.783988
Person 0.0 0 0.0 386.835938 0.000000 460.664062 114.565430 0.0 0.0 0.0 0.0 0.0 0.0 0.0 0.795658
Person 0.0 0 0.0 270.761719 97.558594 396.269531 375.468750 0.0 0.0 0.0 0.0 0.0 0.0 0.0 0.851459
Person 0.0 0 0.0 1248.515625 0.000000 1329.609375 235.195312 0.0 0.0 0.0 0.0 0.0 0.0 0.0 0.909265
Person 0.0 0 0.0 41.308594 87.143555 137.402344 266.704102 0.0 0.0 0.0 0.0 0.0 0.0 0.0 0.923868
Person 0.0 0 0.0 1300.576172 0.000000 1397.548828 288.852539 0.0 0.0 0.0 0.0 0.0 0.0 0.0 0.930711
Person 0.0 0 0.0 243.515625 407.109375 458.203125 714.023438 0.0 0.0 0.0 0.0 0.0 0.0 0.0 0.943138
Person 0.0 0 0.0 1162.734375 8.305664 1274.765625 295.971680 0.0 0.0 0.0 0.0 0.0 0.0 0.0 0.957118
Person 0.0 0 0.0 168.164062 128.012695 291.210938 365.053711 0.0 0.0 0.0 0.0 0.0 0.0 0.0 0.963506
