Person 0.0 0 0.0 1376.630859 0.000000 1477.119141 141.196289 0.0 0.0 0.0 0.0 0.0 0.0 0.0 0.360264
Person 0.0 0 0.0 182.226562 114.532471 244.101562 217.166748 0.0 0.0 0.0 0.0 0.0 0.0 0.0 0.361165
Person 0.0 0 0.0 377.578125 979.672852 628.359375 1078.014648 0.0 0.0 0.0 0.0 0.0 0.0 0.0 0.422505
Person 0.0 0 0.0 146.308594 0.000000 197.285156 84.177246 0.0 0.0 0.0 0.0 0.0 0.0 0.0 0.450359
Person 0.0 0 0.0 46.757812 37.770996 109.453125 187.932129 0.0 0.0 0.0 0.0 0.0 0.0 0.0 0.554470
Person 0.0 0 0.0 493.945312 0.131836 547.617188 137.241211 0.0 0.0 0.0 0.0 0.0 0.0 0.0 0.564098
Person 0.0 0 0.0 1370.156250 0.197754 1492.968750 172.111816 0.0 0.0 0.0 0.0 0.0 0.0 0.0 0.625209
Person 0.0 0 0.0 23.796387 19.874268 52.961426 94.822998 0.0 0.0 0.0 0.0 0.0 0.0 0.0 0.654895
Person 0.0 0 0.0 1480.634766 0.197754 1564.365234 179.758301 0.0 0.0 0.0 0.0 0.0 0.0 0.0 0.748352
Person 0.0 0 0.0 379.453125 0.000000 464.765625 133.319092 0.0 0.0 0.0 0.0 0.0 0.0 0.0 0.812867
Person 0.0 0 0.0 1064.853516 0.725098 1147.646484 236.184082 0.0 0.0 0.0 0.0 0.0 0.0 0.0 0.842345
Person 0.0 0 0.0 434.384766 0.000000 518.583984 168.750000 0.0 0.0 0.0 0.0 0.0 0.0 0.0 0.894052
Person 0.0 0 0.0 206.191406 359.780273 416.777344 671.704102 0.0 0.0 0.0 0.0 0.0 0.0 0.0 0.907640
Person 0.0 0 0.0 367.294922 75.541992 476.455078 369.008789 0.0 0.0 0.0 0.0 0.0 0.0 0.0 0.916409
Person 0.0 0 0.0 38.613281 91.032715 126.972656 266.242676 0.0 0.0 0.0 0.0 0.0 0.0 0.0 0.919353
Person 0.0 0 0.0 774.316406 0.000000 891.621094 283.579102 0.0 0.0 0.0 0.0 0.0 0.0 0.0 0.923592
Person 0.0 0 0.0 258.398438 49.768066 367.382812 302.761230 0.0 0.0 0.0 0.0 0.0 0.0 0.0 0.925769
Person 0.0 0 0.0 201.972656 133.022461 330.058594 425.961914 0.0 0.0 0.0 0.0 0.0 0.0 0.0 0.947186
Person 0.0 0 0.0 327.363281 338.554688 500.917969 656.015625 0.0 0.0 0.0 0.0 0.0 0.0 0.0 0.950411
Person 0.0 0 0.0 628.828125 462.480469 887.109375 862.207031 0.0 0.0 0.0 0.0 0.0 0.0 0.0 0.953966
