Person 0.0 0 0.0 194.296875 361.757812 400.546875 668.144531 0.0 0.0 0.0 0.0 0.0 0.0 0.0 0.353094
Person 0.0 0 0.0 112.119141 0.000000 146.396484 57.513428 0.0 0.0 0.0 0.0 0.0 0.0 0.0 0.362969
Person 0.0 0 0.0 184.731445 32.827148 240.893555 191.293945 0.0 0.0 0.0 0.0 0.0 0.0 0.0 0.370225
Person 0.0 0 0.0 185.625000 33.354492 270.468750 213.706055 0.0 0.0 0.0 0.0 0.0 0.0 0.0 0.372962
Person 0.0 0 0.0 193.300781 361.362305 357.011719 665.903320 0.0 0.0 0.0 0.0 0.0 0.0 0.0 0.472683
Person 0.0 0 0.0 368.730469 971.136475 594.082031 1077.066650 0.0 0.0 0.0 0.0 0.0 0.0 0.0 0.493164
Person 0.0 0 0.0 62.783203 0.000000 104.677734 66.280518 0.0 0.0 0.0 0.0 0.0 0.0 0.0 0.597373
Person 0.0 0 0.0 271.171875 97.031250 392.109375 375.205078 0.0 0.0 0.0 0.0 0.0 0.0 0.0 0.624294
Person 0.0 0 0.0 35.141602 13.579102 67.983398 68.752441 0.0 0.0 0.0 0.0 0.0 0.0 0.0 0.634317
Person 0.0 0 0.0 162.714844 0.659180 208.535156 74.289551 0.0 0.0 0.0 0.0 0.0 0.0 0.0 0.724870
Person 0.0 0 0.0 366.943359 0.000000 461.806641 108.929443 0.0 0.0 0.0 0.0 0.0 0.0 0.0 0.771155
Person 0.0 0 0.0 1438.212891 0.329590 1522.412109 170.134277 0.0 0.0 0.0 0.0 0.0 0.0 0.0 0.786623
Person 0.0 0 0.0 1255.605469 0.000000 1330.019531 234.602051 0.0 0.0 0.0 0.0 0.0 0.0 0.0 0.877477
Person 0.0 0 0.0 248.320312 409.218750 458.554688 715.078125 0.0 0.0 0.0 0.0 0.0 0.0 0.0 0.901227
Person 0.0 0 0.0 33.076172 46.867676 100.166016 224.978027 0.0 0.0 0.0 0.0 0.0 0.0 0.0 0.924142
Person 0.0 0 0.0 83.027344 66.972656 167.519531 255.761719 0.0 0.0 0.0 0.0 0.0 0.0 0.0 0.928668
Person 0.0 0 0.0 1169.501953 3.559570 1281.123047 294.125977 0.0 0.0 0.0 0.0 0.0 0.0 0.0 0.929440
Person 0.0 0 0.0 1300.400391 0.000000 1397.724609 288.984375 0.0 0.0 0.0 0.0 0.0 0.0 0.0 0.935817
Person 0.0 0 0.0 170.039062 128.342285 291.679688 364.460449 0.0 0.0 0.0 0.0 0.0 0.0 0.0 0.950411
