Person 0.0 0 0.0 198.515625 348.310547 345.703125 664.189453 0.0 0.0 0.0 0.0 0.0 0.0 0.0 0.369315
Person 0.0 0 0.0 248.129883 63.413086 292.338867 182.329102 0.0 0.0 0.0 0.0 0.0 0.0 0.0 0.370225
Person 0.0 0 0.0 33.281250 98.217773 118.125000 257.475586 0.0 0.0 0.0 0.0 0.0 0.0 0.0 0.451327
Person 0.0 0 0.0 235.136719 8.305664 277.207031 113.642578 0.0 0.0 0.0 0.0 0.0 0.0 0.0 0.474631
Person 0.0 0 0.0 428.671875 981.320801 676.640625 1077.429199 0.0 0.0 0.0 0.0 0.0 0.0 0.0 0.511717
Person 0.0 0 0.0 79.497070 0.000000 129.799805 83.155518 0.0 0.0 0.0 0.0 0.0 0.0 0.0 0.571767
Person 0.0 0 0.0 104.560547 0.000000 149.267578 74.981689 0.0 0.0 0.0 0.0 0.0 0.0 0.0 0.616012
Person 0.0 0 0.0 37.412109 39.814453 111.416016 187.075195 0.0 0.0 0.0 0.0 0.0 0.0 0.0 0.683419
Person 0.0 0 0.0 277.060547 6.262207 396.533203 227.087402 0.0 0.0 0.0 0.0 0.0 0.0 0.0 0.706596
Person 0.0 0 0.0 1186.933594 0.000000 1336.816406 233.811035 0.0 0.0 0.0 0.0 0.0 0.0 0.0 0.751283
Person 0.0 0 0.0 1446.005859 0.263672 1523.994141 167.431641 0.0 0.0 0.0 0.0 0.0 0.0 0.0 0.757077
Person 0.0 0 0.0 1306.025391 0.263672 1414.599609 286.083984 0.0 0.0 0.0 0.0 0.0 0.0 0.0 0.915507
Person 0.0 0 0.0 156.035156 143.173828 284.589844 379.687500 0.0 0.0 0.0 0.0 0.0 0.0 0.0 0.917598
Person 0.0 0 0.0 259.101562 97.031250 401.367188 378.632812 0.0 0.0 0.0 0.0 0.0 0.0 0.0 0.928926
Person 0.0 0 0.0 212.226562 408.295898 456.210938 727.602539 0.0 0.0 0.0 0.0 0.0 0.0 0.0 0.933915
Person 0.0 0 0.0 18.398438 125.837402 109.804688 289.709473 0.0 0.0 0.0 0.0 0.0 0.0 0.0 0.939913
Person 0.0 0 0.0 1700.566406 163.146973 1830.058594 429.060059 0.0 0.0 0.0 0.0 0.0 0.0 0.0 0.945197
Person 0.0 0 0.0 1166.132812 8.833008 1288.242188 300.454102 0.0 0.0 0.0 0.0 0.0 0.0 0.0 0.968381
