Person 0.0 0 0.0 1370.683594 0.000000 1494.316406 141.262207 0.0 0.0 0.0 0.0 0.0 0.0 0.0 0.363873
Person 0.0 0 0.0 255.644531 43.571777 323.261719 197.951660 0.0 0.0 0.0 0.0 0.0 0.0 0.0 0.389547
Person 0.0 0 0.0 256.640625 44.362793 341.953125 302.893066 0.0 0.0 0.0 0.0 0.0 0.0 0.0 0.404507
Person 0.0 0 0.0 143.027344 0.000000 197.519531 84.012451 0.0 0.0 0.0 0.0 0.0 0.0 0.0 0.460046
Person 0.0 0 0.0 82.192383 0.395508 129.799805 74.553223 0.0 0.0 0.0 0.0 0.0 0.0 0.0 0.470737
Person 0.0 0 0.0 382.089844 976.409912 614.472656 1077.066650 0.0 0.0 0.0 0.0 0.0 0.0 0.0 0.496094
Person 0.0 0 0.0 508.271484 0.000000 552.041016 137.834473 0.0 0.0 0.0 0.0 0.0 0.0 0.0 0.502930
Person 0.0 0 0.0 42.509766 42.055664 109.716797 188.789062 0.0 0.0 0.0 0.0 0.0 0.0 0.0 0.554470
Person 0.0 0 0.0 1361.396484 0.000000 1467.978516 173.298340 0.0 0.0 0.0 0.0 0.0 0.0 0.0 0.749087
Person 0.0 0 0.0 814.394531 0.197754 925.605469 220.759277 0.0 0.0 0.0 0.0 0.0 0.0 0.0 0.757077
Person 0.0 0 0.0 37.353516 81.738281 126.708984 266.044922 0.0 0.0 0.0 0.0 0.0 0.0 0.0 0.783988
Person 0.0 0 0.0 1480.634766 0.131836 1566.240234 179.824219 0.0 0.0 0.0 0.0 0.0 0.0 0.0 0.795022
Person 0.0 0 0.0 452.578125 0.000000 520.546875 162.092285 0.0 0.0 0.0 0.0 0.0 0.0 0.0 0.828939
Person 0.0 0 0.0 1029.755859 0.065918 1115.244141 220.891113 0.0 0.0 0.0 0.0 0.0 0.0 0.0 0.842345
Person 0.0 0 0.0 209.648438 352.529297 416.601562 670.517578 0.0 0.0 0.0 0.0 0.0 0.0 0.0 0.891055
Person 0.0 0 0.0 306.386719 109.819336 463.769531 373.491211 0.0 0.0 0.0 0.0 0.0 0.0 0.0 0.906983
Person 0.0 0 0.0 402.626953 0.329590 500.185547 235.393066 0.0 0.0 0.0 0.0 0.0 0.0 0.0 0.939248
Person 0.0 0 0.0 211.816406 135.131836 352.089844 419.106445 0.0 0.0 0.0 0.0 0.0 0.0 0.0 0.949669
Person 0.0 0 0.0 342.890625 315.219727 499.453125 659.311523 0.0 0.0 0.0 0.0 0.0 0.0 0.0 0.955152
Person 0.0 0 0.0 1097.519531 713.100586 1309.980469 1069.321289 0.0 0.0 0.0 0.0 0.0 0.0 0.0 0.963506
