Person 0.0 0 0.0 305.302734 0.758057 361.259766 108.731689 0.0 0.0 0.0 0.0 0.0 0.0 0.0 0.333720
Person 0.0 0 0.0 198.046875 347.124023 345.234375 665.375977 0.0 0.0 0.0 0.0 0.0 0.0 0.0 0.390476
Person 0.0 0 0.0 38.525391 89.516602 118.271484 256.948242 0.0 0.0 0.0 0.0 0.0 0.0 0.0 0.402627
Person 0.0 0 0.0 244.379883 7.844238 281.088867 117.004395 0.0 0.0 0.0 0.0 0.0 0.0 0.0 0.501953
Person 0.0 0 0.0 272.900391 4.680176 349.599609 143.635254 0.0 0.0 0.0 0.0 0.0 0.0 0.0 0.509764
Person 0.0 0 0.0 425.039062 970.576172 682.148438 1077.626953 0.0 0.0 0.0 0.0 0.0 0.0 0.0 0.515620
Person 0.0 0 0.0 81.328125 0.131836 129.843750 84.177246 0.0 0.0 0.0 0.0 0.0 0.0 0.0 0.517571
Person 0.0 0 0.0 38.730469 37.770996 108.925781 187.932129 0.0 0.0 0.0 0.0 0.0 0.0 0.0 0.540924
Person 0.0 0 0.0 1241.982422 0.000000 1336.142578 233.876953 0.0 0.0 0.0 0.0 0.0 0.0 0.0 0.560253
Person 0.0 0 0.0 104.531250 0.000000 149.765625 75.706787 0.0 0.0 0.0 0.0 0.0 0.0 0.0 0.574633
Person 0.0 0 0.0 196.611328 87.868652 302.607422 333.215332 0.0 0.0 0.0 0.0 0.0 0.0 0.0 0.837088
Person 0.0 0 0.0 1307.783203 0.000000 1412.841797 286.875000 0.0 0.0 0.0 0.0 0.0 0.0 0.0 0.898411
Person 0.0 0 0.0 214.101562 419.238281 456.679688 726.152344 0.0 0.0 0.0 0.0 0.0 0.0 0.0 0.927626
Person 0.0 0 0.0 30.000000 118.981934 113.085938 301.311035 0.0 0.0 0.0 0.0 0.0 0.0 0.0 0.940790
Person 0.0 0 0.0 1168.007812 11.074219 1290.117188 301.376953 0.0 0.0 0.0 0.0 0.0 0.0 0.0 0.943348
Person 0.0 0 0.0 262.558594 93.867188 400.253906 378.105469 0.0 0.0 0.0 0.0 0.0 0.0 0.0 0.951684
Person 0.0 0 0.0 149.355469 146.140137 274.160156 389.641113 0.0 0.0 0.0 0.0 0.0 0.0 0.0 0.952042
Person 0.0 0 0.0 858.984375 60.512695 948.515625 387.729492 0.0 0.0 0.0 0.0 0.0 0.0 0.0 0.954816
