Person 0.0 0 0.0 251.132812 31.673584 312.304688 141.954346 0.0 0.0 0.0 0.0 0.0 0.0 0.0 0.382141
Person 0.0 0 0.0 1849.277344 193.864746 1918.000000 401.506348 0.0 0.0 0.0 0.0 0.0 0.0 0.0 0.384912
Person 0.0 0 0.0 246.005859 0.000000 301.025391 61.995850 0.0 0.0 0.0 0.0 0.0 0.0 0.0 0.392337
Person 0.0 0 0.0 232.675781 71.685791 304.042969 172.869873 0.0 0.0 0.0 0.0 0.0 0.0 0.0 0.452294
Person 0.0 0 0.0 206.835938 351.474609 367.851562 662.607422 0.0 0.0 0.0 0.0 0.0 0.0 0.0 0.506836
Person 0.0 0 0.0 40.693359 12.030029 66.474609 81.112061 0.0 0.0 0.0 0.0 0.0 0.0 0.0 0.627951
Person 0.0 0 0.0 374.531250 937.089844 637.968750 1076.308594 0.0 0.0 0.0 0.0 0.0 0.0 0.0 0.645120
Person 0.0 0 0.0 409.511719 0.000000 475.957031 130.089111 0.0 0.0 0.0 0.0 0.0 0.0 0.0 0.717012
Person 0.0 0 0.0 503.583984 0.000000 589.541016 173.166504 0.0 0.0 0.0 0.0 0.0 0.0 0.0 0.720958
Person 0.0 0 0.0 1437.802734 0.131836 1522.822266 170.595703 0.0 0.0 0.0 0.0 0.0 0.0 0.0 0.748352
Person 0.0 0 0.0 15.432129 2.010498 44.479980 91.658936 0.0 0.0 0.0 0.0 0.0 0.0 0.0 0.844409
Person 0.0 0 0.0 243.750000 101.777344 385.781250 387.333984 0.0 0.0 0.0 0.0 0.0 0.0 0.0 0.861072
Person 0.0 0 0.0 1262.343750 0.000000 1340.156250 233.876953 0.0 0.0 0.0 0.0 0.0 0.0 0.0 0.879974
Person 0.0 0 0.0 34.394531 49.174805 105.761719 220.297852 0.0 0.0 0.0 0.0 0.0 0.0 0.0 0.902266
Person 0.0 0 0.0 150.410156 7.910156 220.371094 154.116211 0.0 0.0 0.0 0.0 0.0 0.0 0.0 0.939248
Person 0.0 0 0.0 1301.689453 0.000000 1398.310547 288.984375 0.0 0.0 0.0 0.0 0.0 0.0 0.0 0.942718
Person 0.0 0 0.0 332.548828 12.326660 429.169922 209.025879 0.0 0.0 0.0 0.0 0.0 0.0 0.0 0.943138
Person 0.0 0 0.0 260.214844 383.510742 483.222656 697.543945 0.0 0.0 0.0 0.0 0.0 0.0 0.0 0.952042
Person 0.0 0 0.0 168.867188 127.023926 290.507812 368.151855 0.0 0.0 0.0 0.0 0.0 0.0 0.0 0.961098
Person 0.0 0 0.0 1169.238281 9.887695 1294.511719 292.807617 0.0 0.0 0.0 0.0 0.0 0.0 0.0 0.967039
