Person 0.0 0 0.0 247.763672 30.289307 312.392578 141.361084 0.0 0.0 0.0 0.0 0.0 0.0 0.0 0.353986
Person 0.0 0 0.0 231.914062 71.784668 307.148438 172.770996 0.0 0.0 0.0 0.0 0.0 0.0 0.0 0.439747
Person 0.0 0 0.0 242.138672 0.000000 301.142578 59.260254 0.0 0.0 0.0 0.0 0.0 0.0 0.0 0.466846
Person 0.0 0 0.0 1848.955078 192.612305 1918.000000 400.122070 0.0 0.0 0.0 0.0 0.0 0.0 0.0 0.477554
Person 0.0 0 0.0 39.367676 14.057007 65.749512 80.864868 0.0 0.0 0.0 0.0 0.0 0.0 0.0 0.627038
Person 0.0 0 0.0 208.359375 351.342773 375.234375 662.739258 0.0 0.0 0.0 0.0 0.0 0.0 0.0 0.651355
Person 0.0 0 0.0 372.421875 936.232910 640.078125 1076.110840 0.0 0.0 0.0 0.0 0.0 0.0 0.0 0.657538
Person 0.0 0 0.0 411.298828 0.000000 476.044922 130.286865 0.0 0.0 0.0 0.0 0.0 0.0 0.0 0.734881
Person 0.0 0 0.0 1437.802734 0.000000 1522.822266 170.727539 0.0 0.0 0.0 0.0 0.0 0.0 0.0 0.748352
Person 0.0 0 0.0 490.957031 0.000000 588.105469 189.580078 0.0 0.0 0.0 0.0 0.0 0.0 0.0 0.800068
Person 0.0 0 0.0 15.395508 2.043457 43.139648 92.351074 0.0 0.0 0.0 0.0 0.0 0.0 0.0 0.831143
Person 0.0 0 0.0 1262.314453 0.000000 1342.060547 234.602051 0.0 0.0 0.0 0.0 0.0 0.0 0.0 0.831691
Person 0.0 0 0.0 243.867188 102.963867 386.132812 387.202148 0.0 0.0 0.0 0.0 0.0 0.0 0.0 0.859664
Person 0.0 0 0.0 34.277344 49.504395 105.292969 219.704590 0.0 0.0 0.0 0.0 0.0 0.0 0.0 0.902952
Person 0.0 0 0.0 149.941406 7.119141 220.136719 153.852539 0.0 0.0 0.0 0.0 0.0 0.0 0.0 0.932453
Person 0.0 0 0.0 1301.601562 0.131836 1398.398438 289.379883 0.0 0.0 0.0 0.0 0.0 0.0 0.0 0.934872
Person 0.0 0 0.0 338.642578 6.130371 429.169922 201.643066 0.0 0.0 0.0 0.0 0.0 0.0 0.0 0.940353
Person 0.0 0 0.0 267.480469 382.719727 482.988281 696.752930 0.0 0.0 0.0 0.0 0.0 0.0 0.0 0.951684
Person 0.0 0 0.0 168.867188 126.826172 290.507812 367.031250 0.0 0.0 0.0 0.0 0.0 0.0 0.0 0.961965
Person 0.0 0 0.0 1168.593750 6.591797 1302.656250 293.994141 0.0 0.0 0.0 0.0 0.0 0.0 0.0 0.963916
