Person 0.0 0 0.0 34.658203 89.219971 103.154297 221.121826 0.0 0.0 0.0 0.0 0.0 0.0 0.0 0.309024
Person 0.0 0 0.0 253.300781 64.863281 322.324219 322.207031 0.0 0.0 0.0 0.0 0.0 0.0 0.0 0.383988
Person 0.0 0 0.0 35.039062 91.691895 118.593750 255.036621 0.0 0.0 0.0 0.0 0.0 0.0 0.0 0.412057
Person 0.0 0 0.0 171.445312 41.528320 249.726562 248.774414 0.0 0.0 0.0 0.0 0.0 0.0 0.0 0.503906
Person 0.0 0 0.0 196.699219 344.750977 344.238281 661.420898 0.0 0.0 0.0 0.0 0.0 0.0 0.0 0.518546
Person 0.0 0 0.0 81.108398 0.000000 129.360352 84.045410 0.0 0.0 0.0 0.0 0.0 0.0 0.0 0.593609
Person 0.0 0 0.0 433.007812 971.334229 681.679688 1076.868896 0.0 0.0 0.0 0.0 0.0 0.0 0.0 0.602062
Person 0.0 0 0.0 285.996094 0.131836 361.816406 137.768555 0.0 0.0 0.0 0.0 0.0 0.0 0.0 0.607663
Person 0.0 0 0.0 104.458008 0.000000 148.901367 74.586182 0.0 0.0 0.0 0.0 0.0 0.0 0.0 0.617859
Person 0.0 0 0.0 38.613281 36.452637 111.621094 187.272949 0.0 0.0 0.0 0.0 0.0 0.0 0.0 0.677474
Person 0.0 0 0.0 1445.947266 0.065918 1524.052734 167.629395 0.0 0.0 0.0 0.0 0.0 0.0 0.0 0.715424
Person 0.0 0 0.0 1716.855469 172.375488 1855.019531 429.851074 0.0 0.0 0.0 0.0 0.0 0.0 0.0 0.877477
Person 0.0 0 0.0 1260.234375 0.000000 1336.640625 235.195312 0.0 0.0 0.0 0.0 0.0 0.0 0.0 0.891434
Person 0.0 0 0.0 1168.183594 9.624023 1291.816406 299.135742 0.0 0.0 0.0 0.0 0.0 0.0 0.0 0.901575
Person 0.0 0 0.0 1306.523438 0.000000 1408.476562 286.875000 0.0 0.0 0.0 0.0 0.0 0.0 0.0 0.918187
Person 0.0 0 0.0 231.796875 408.295898 446.484375 716.000977 0.0 0.0 0.0 0.0 0.0 0.0 0.0 0.921358
Person 0.0 0 0.0 18.632812 125.112305 111.562500 287.797852 0.0 0.0 0.0 0.0 0.0 0.0 0.0 0.930205
Person 0.0 0 0.0 162.714844 140.800781 283.300781 379.160156 0.0 0.0 0.0 0.0 0.0 0.0 0.0 0.949295
Person 0.0 0 0.0 267.246094 90.307617 399.785156 376.655273 0.0 0.0 0.0 0.0 0.0 0.0 0.0 0.949669
