Person 0.0 0 0.0 237.363281 64.467773 308.730469 164.399414 0.0 0.0 0.0 0.0 0.0 0.0 0.0 0.359364
Person 0.0 0 0.0 1860.439453 214.760742 1918.000000 402.758789 0.0 0.0 0.0 0.0 0.0 0.0 0.0 0.361165
Person 0.0 0 0.0 296.088867 0.000000 345.161133 75.640869 0.0 0.0 0.0 0.0 0.0 0.0 0.0 0.473657
Person 0.0 0 0.0 158.144531 79.859619 237.480469 171.419678 0.0 0.0 0.0 0.0 0.0 0.0 0.0 0.507812
Person 0.0 0 0.0 33.142090 18.292236 62.072754 85.858154 0.0 0.0 0.0 0.0 0.0 0.0 0.0 0.567937
Person 0.0 0 0.0 377.929688 937.551270 642.070312 1075.847168 0.0 0.0 0.0 0.0 0.0 0.0 0.0 0.617859
Person 0.0 0 0.0 14.772949 2.010498 40.070801 99.635010 0.0 0.0 0.0 0.0 0.0 0.0 0.0 0.676620
Person 0.0 0 0.0 1438.212891 0.000000 1522.412109 170.727539 0.0 0.0 0.0 0.0 0.0 0.0 0.0 0.742422
Person 0.0 0 0.0 243.867188 101.513672 386.132812 387.597656 0.0 0.0 0.0 0.0 0.0 0.0 0.0 0.821617
Person 0.0 0 0.0 1263.720703 0.000000 1333.154297 233.942871 0.0 0.0 0.0 0.0 0.0 0.0 0.0 0.841826
Person 0.0 0 0.0 34.482422 50.822754 107.783203 213.112793 0.0 0.0 0.0 0.0 0.0 0.0 0.0 0.851953
Person 0.0 0 0.0 238.125000 389.311523 486.093750 698.071289 0.0 0.0 0.0 0.0 0.0 0.0 0.0 0.910863
Person 0.0 0 0.0 153.354492 7.712402 204.536133 108.896484 0.0 0.0 0.0 0.0 0.0 0.0 0.0 0.922761
Person 0.0 0 0.0 1301.337891 0.000000 1398.662109 288.852539 0.0 0.0 0.0 0.0 0.0 0.0 0.0 0.928409
Person 0.0 0 0.0 164.707031 125.244141 291.386719 365.449219 0.0 0.0 0.0 0.0 0.0 0.0 0.0 0.933188
Person 0.0 0 0.0 1171.464844 7.119141 1297.910156 290.830078 0.0 0.0 0.0 0.0 0.0 0.0 0.0 0.950595
