Person 0.0 0 0.0 240.732422 0.000000 305.361328 61.072998 0.0 0.0 0.0 0.0 0.0 0.0 0.0 0.392337
Person 0.0 0 0.0 15.900879 1.285400 40.231934 89.945068 0.0 0.0 0.0 0.0 0.0 0.0 0.0 0.395134
Person 0.0 0 0.0 148.315430 0.000000 193.872070 64.830322 0.0 0.0 0.0 0.0 0.0 0.0 0.0 0.396068
Person 0.0 0 0.0 398.144531 997.635498 618.105469 1076.934814 0.0 0.0 0.0 0.0 0.0 0.0 0.0 0.445530
Person 0.0 0 0.0 267.333984 52.338867 370.634766 265.913086 0.0 0.0 0.0 0.0 0.0 0.0 0.0 0.490236
Person 0.0 0 0.0 26.030273 19.610596 57.758789 94.031982 0.0 0.0 0.0 0.0 0.0 0.0 0.0 0.563138
Person 0.0 0 0.0 1265.976562 0.000000 1379.648438 175.078125 0.0 0.0 0.0 0.0 0.0 0.0 0.0 0.571767
Person 0.0 0 0.0 66.386719 0.164795 108.457031 88.231201 0.0 0.0 0.0 0.0 0.0 0.0 0.0 0.611382
Person 0.0 0 0.0 1362.656250 0.000000 1466.718750 250.092773 0.0 0.0 0.0 0.0 0.0 0.0 0.0 0.750553
Person 0.0 0 0.0 433.535156 0.000000 488.964844 126.166992 0.0 0.0 0.0 0.0 0.0 0.0 0.0 0.754192
Person 0.0 0 0.0 1480.546875 0.000000 1555.078125 176.791992 0.0 0.0 0.0 0.0 0.0 0.0 0.0 0.787278
Person 0.0 0 0.0 200.800781 352.661133 406.699219 657.729492 0.0 0.0 0.0 0.0 0.0 0.0 0.0 0.814053
Person 0.0 0 0.0 32.314453 52.866211 102.919922 208.432617 0.0 0.0 0.0 0.0 0.0 0.0 0.0 0.880386
Person 0.0 0 0.0 1068.369141 0.000000 1166.630859 289.248047 0.0 0.0 0.0 0.0 0.0 0.0 0.0 0.892187
Person 0.0 0 0.0 630.292969 0.000000 760.957031 295.839844 0.0 0.0 0.0 0.0 0.0 0.0 0.0 0.902266
Person 0.0 0 0.0 384.521484 0.000000 456.884766 156.489258 0.0 0.0 0.0 0.0 0.0 0.0 0.0 0.907640
Person 0.0 0 0.0 121.230469 26.960449 179.238281 201.906738 0.0 0.0 0.0 0.0 0.0 0.0 0.0 0.917303
Person 0.0 0 0.0 309.199219 336.445312 497.519531 677.109375 0.0 0.0 0.0 0.0 0.0 0.0 0.0 0.919643
Person 0.0 0 0.0 244.804688 105.864258 386.601562 374.809570 0.0 0.0 0.0 0.0 0.0 0.0 0.0 0.922482
Person 0.0 0 0.0 173.144531 120.366211 290.214844 363.999023 0.0 0.0 0.0 0.0 0.0 0.0 0.0 0.944382
