Person 0.0 0 0.0 197.929688 356.220703 450.820312 674.208984 0.0 0.0 0.0 0.0 0.0 0.0 0.0 0.335895
Person 0.0 0 0.0 1425.732422 0.000000 1465.517578 86.616211 0.0 0.0 0.0 0.0 0.0 0.0 0.0 0.362066
Person 0.0 0 0.0 197.343750 356.088867 362.812500 666.958008 0.0 0.0 0.0 0.0 0.0 0.0 0.0 0.364778
Person 0.0 0 0.0 37.031250 91.428223 116.015625 259.782715 0.0 0.0 0.0 0.0 0.0 0.0 0.0 0.397938
Person 0.0 0 0.0 36.269531 39.155273 111.386719 188.920898 0.0 0.0 0.0 0.0 0.0 0.0 0.0 0.459076
Person 0.0 0 0.0 82.587891 0.131836 128.232422 82.924805 0.0 0.0 0.0 0.0 0.0 0.0 0.0 0.519521
Person 0.0 0 0.0 357.890625 971.499023 602.109375 1076.704102 0.0 0.0 0.0 0.0 0.0 0.0 0.0 0.577495
Person 0.0 0 0.0 104.604492 0.000000 147.817383 74.915771 0.0 0.0 0.0 0.0 0.0 0.0 0.0 0.611382
Person 0.0 0 0.0 232.763672 61.237793 306.767578 315.285645 0.0 0.0 0.0 0.0 0.0 0.0 0.0 0.734120
Person 0.0 0 0.0 1439.238281 0.131836 1523.261719 170.068359 0.0 0.0 0.0 0.0 0.0 0.0 0.0 0.816406
Person 0.0 0 0.0 1265.625000 0.000000 1333.125000 235.854492 0.0 0.0 0.0 0.0 0.0 0.0 0.0 0.847463
Person 0.0 0 0.0 192.392578 0.000000 243.779297 143.701172 0.0 0.0 0.0 0.0 0.0 0.0 0.0 0.857768
Person 0.0 0 0.0 1171.699219 2.373047 1292.050781 297.949219 0.0 0.0 0.0 0.0 0.0 0.0 0.0 0.911810
Person 0.0 0 0.0 1733.583984 54.118652 1815.791016 283.117676 0.0 0.0 0.0 0.0 0.0 0.0 0.0 0.917598
Person 0.0 0 0.0 236.425781 409.218750 458.730469 715.078125 0.0 0.0 0.0 0.0 0.0 0.0 0.0 0.918187
Person 0.0 0 0.0 1300.195312 0.000000 1397.929688 288.852539 0.0 0.0 0.0 0.0 0.0 0.0 0.0 0.924688
Person 0.0 0 0.0 29.824219 118.454590 110.800781 284.172363 0.0 0.0 0.0 0.0 0.0 0.0 0.0 0.933915
Person 0.0 0 0.0 271.875000 96.240234 394.687500 374.677734 0.0 0.0 0.0 0.0 0.0 0.0 0.0 0.946794
Person 0.0 0 0.0 163.300781 130.253906 291.386719 364.921875 0.0 0.0 0.0 0.0 0.0 0.0 0.0 0.951323
