Person 0.0 0 0.0 35.141602 14.996338 66.635742 73.531494 0.0 0.0 0.0 0.0 0.0 0.0 0.0 0.352202
Person 0.0 0 0.0 30.468750 3.493652 60.996094 73.432617 0.0 0.0 0.0 0.0 0.0 0.0 0.0 0.354880
Person 0.0 0 0.0 273.164062 50.295410 373.242188 266.901855 0.0 0.0 0.0 0.0 0.0 0.0 0.0 0.373876
Person 0.0 0 0.0 240.878906 0.000000 292.558594 94.097900 0.0 0.0 0.0 0.0 0.0 0.0 0.0 0.399812
Person 0.0 0 0.0 19.079590 0.889893 40.832520 70.301514 0.0 0.0 0.0 0.0 0.0 0.0 0.0 0.411111
Person 0.0 0 0.0 149.238281 0.000000 192.949219 63.759155 0.0 0.0 0.0 0.0 0.0 0.0 0.0 0.439747
Person 0.0 0 0.0 373.359375 954.129639 634.453125 1076.143799 0.0 0.0 0.0 0.0 0.0 0.0 0.0 0.534127
Person 0.0 0 0.0 428.554688 0.000000 486.445312 126.397705 0.0 0.0 0.0 0.0 0.0 0.0 0.0 0.541894
Person 0.0 0 0.0 64.423828 0.000000 105.849609 74.454346 0.0 0.0 0.0 0.0 0.0 0.0 0.0 0.587943
Person 0.0 0 0.0 1442.021484 0.000000 1524.228516 169.804688 0.0 0.0 0.0 0.0 0.0 0.0 0.0 0.716219
Person 0.0 0 0.0 201.269531 352.924805 402.949219 657.465820 0.0 0.0 0.0 0.0 0.0 0.0 0.0 0.727975
Person 0.0 0 0.0 132.099609 15.754395 189.462891 151.413574 0.0 0.0 0.0 0.0 0.0 0.0 0.0 0.829492
Person 0.0 0 0.0 629.355469 0.000000 729.082031 286.611328 0.0 0.0 0.0 0.0 0.0 0.0 0.0 0.894789
Person 0.0 0 0.0 381.708984 0.000000 454.072266 156.752930 0.0 0.0 0.0 0.0 0.0 0.0 0.0 0.899121
Person 0.0 0 0.0 33.076172 45.812988 102.626953 208.103027 0.0 0.0 0.0 0.0 0.0 0.0 0.0 0.901575
Person 0.0 0 0.0 1305.878906 0.000000 1442.871094 260.375977 0.0 0.0 0.0 0.0 0.0 0.0 0.0 0.904651
Person 0.0 0 0.0 244.980469 106.062012 386.425781 374.348145 0.0 0.0 0.0 0.0 0.0 0.0 0.0 0.912748
Person 0.0 0 0.0 295.488281 345.673828 495.761719 675.263672 0.0 0.0 0.0 0.0 0.0 0.0 0.0 0.921358
Person 0.0 0 0.0 1116.093750 0.000000 1263.281250 283.315430 0.0 0.0 0.0 0.0 0.0 0.0 0.0 0.944995
Person 0.0 0 0.0 179.208984 119.707031 290.009766 364.658203 0.0 0.0 0.0 0.0 0.0 0.0 0.0 0.946001
