Person 0.0 0 0.0 41.337891 88.791504 119.326172 256.882324 0.0 0.0 0.0 0.0 0.0 0.0 0.0 0.360264
Person 0.0 0 0.0 223.183594 0.000000 285.878906 101.151123 0.0 0.0 0.0 0.0 0.0 0.0 0.0 0.484380
Person 0.0 0 0.0 429.960938 964.511719 691.289062 1077.363281 0.0 0.0 0.0 0.0 0.0 0.0 0.0 0.491212
Person 0.0 0 0.0 180.117188 368.481445 360.351562 679.877930 0.0 0.0 0.0 0.0 0.0 0.0 0.0 0.536070
Person 0.0 0 0.0 38.496094 37.770996 112.910156 191.096191 0.0 0.0 0.0 0.0 0.0 0.0 0.0 0.547706
Person 0.0 0 0.0 81.606445 0.000000 128.041992 84.869385 0.0 0.0 0.0 0.0 0.0 0.0 0.0 0.671471
Person 0.0 0 0.0 227.197266 67.895508 309.521484 318.383789 0.0 0.0 0.0 0.0 0.0 0.0 0.0 0.732592
Person 0.0 0 0.0 1437.714844 0.000000 1519.160156 156.687012 0.0 0.0 0.0 0.0 0.0 0.0 0.0 0.770465
Person 0.0 0 0.0 237.128906 407.241211 446.308594 714.946289 0.0 0.0 0.0 0.0 0.0 0.0 0.0 0.870597
Person 0.0 0 0.0 1256.777344 0.000000 1334.472656 234.799805 0.0 0.0 0.0 0.0 0.0 0.0 0.0 0.878314
Person 0.0 0 0.0 1373.291016 0.000000 1469.208984 204.675293 0.0 0.0 0.0 0.0 0.0 0.0 0.0 0.884838
Person 0.0 0 0.0 32.812500 117.202148 116.250000 301.245117 0.0 0.0 0.0 0.0 0.0 0.0 0.0 0.929951
Person 0.0 0 0.0 157.207031 138.427734 284.355469 381.533203 0.0 0.0 0.0 0.0 0.0 0.0 0.0 0.934395
Person 0.0 0 0.0 264.199219 96.635742 401.894531 377.973633 0.0 0.0 0.0 0.0 0.0 0.0 0.0 0.950041
Person 0.0 0 0.0 119.252930 11.074219 177.934570 149.501953 0.0 0.0 0.0 0.0 0.0 0.0 0.0 0.956796
Person 0.0 0 0.0 1297.382812 0.000000 1395.117188 289.907227 0.0 0.0 0.0 0.0 0.0 0.0 0.0 0.964321
Person 0.0 0 0.0 1173.193359 2.109375 1277.431641 295.312500 0.0 0.0 0.0 0.0 0.0 0.0 0.0 0.966663
