Person 0.0 0 0.0 168.706055 0.000000 199.965820 88.132324 0.0 0.0 0.0 0.0 0.0 0.0 0.0 0.372962
Person 0.0 0 0.0 1465.253906 66.247559 1577.871094 270.988770 0.0 0.0 0.0 0.0 0.0 0.0 0.0 0.380299
Person 0.0 0 0.0 430.546875 36.386719 514.921875 175.869141 0.0 0.0 0.0 0.0 0.0 0.0 0.0 0.428233
Person 0.0 0 0.0 1110.908203 0.000000 1146.591797 86.912842 0.0 0.0 0.0 0.0 0.0 0.0 0.0 0.450359
Person 0.0 0 0.0 277.690430 0.000000 316.215820 108.435059 0.0 0.0 0.0 0.0 0.0 0.0 0.0 0.511717
Person 0.0 0 0.0 565.839844 825.820312 802.910156 1072.617188 0.0 0.0 0.0 0.0 0.0 0.0 0.0 0.572723
Person 0.0 0 0.0 357.348633 0.000000 402.495117 80.815430 0.0 0.0 0.0 0.0 0.0 0.0 0.0 0.578448
Person 0.0 0 0.0 985.546875 300.849609 1150.078125 673.681641 0.0 0.0 0.0 0.0 0.0 0.0 0.0 0.604866
Person 0.0 0 0.0 393.164062 0.000000 449.648438 112.423096 0.0 0.0 0.0 0.0 0.0 0.0 0.0 0.618780
Person 0.0 0 0.0 1674.902344 297.487793 1784.472656 545.207520 0.0 0.0 0.0 0.0 0.0 0.0 0.0 0.649579
Person 0.0 0 0.0 191.425781 0.000000 239.589844 130.352783 0.0 0.0 0.0 0.0 0.0 0.0 0.0 0.651355
Person 0.0 0 0.0 452.080078 0.000000 538.857422 162.290039 0.0 0.0 0.0 0.0 0.0 0.0 0.0 0.845942
Person 0.0 0 0.0 1524.316406 183.779297 1631.308594 405.263672 0.0 0.0 0.0 0.0 0.0 0.0 0.0 0.918772
Person 0.0 0 0.0 1397.402344 75.080566 1467.597656 241.325684 0.0 0.0 0.0 0.0 0.0 0.0 0.0 0.927100
Person 0.0 0 0.0 1294.189453 119.970703 1381.435547 375.732422 0.0 0.0 0.0 0.0 0.0 0.0 0.0 0.942929
Person 0.0 0 0.0 972.890625 416.733398 1125.234375 816.196289 0.0 0.0 0.0 0.0 0.0 0.0 0.0 0.943556
Person 0.0 0 0.0 358.242188 69.345703 448.476562 394.716797 0.0 0.0 0.0 0.0 0.0 0.0 0.0 0.947962
Person 0.0 0 0.0 441.123047 105.600586 543.251953 428.862305 0.0 0.0 0.0 0.0 0.0 0.0 0.0 0.958382
Person 0.0 0 0.0 1136.191406 14.765625 1203.808594 231.372070 0.0 0.0 0.0 0.0 0.0 0.0 0.0 0.958538
Person 0.0 0 0.0 1163.613281 63.215332 1268.261719 310.144043 0.0 0.0 0.0 0.0 0.0 0.0 0.0 0.967778
