Person 0.0 0 0.0 234.631348 0.000000 264.587402 63.742676 0.0 0.0 0.0 0.0 0.0 0.0 0.0 0.380299
Person 0.0 0 0.0 1111.318359 0.032959 1146.181641 86.846924 0.0 0.0 0.0 0.0 0.0 0.0 0.0 0.473657
Person 0.0 0 0.0 156.489258 0.000000 188.979492 87.011719 0.0 0.0 0.0 0.0 0.0 0.0 0.0 0.525369
Person 0.0 0 0.0 1463.085938 63.808594 1542.539062 255.498047 0.0 0.0 0.0 0.0 0.0 0.0 0.0 0.577495
Person 0.0 0 0.0 252.905273 0.000000 303.032227 109.127197 0.0 0.0 0.0 0.0 0.0 0.0 0.0 0.656658
Person 0.0 0 0.0 66.665039 0.000000 112.749023 102.238770 0.0 0.0 0.0 0.0 0.0 0.0 0.0 0.705785
Person 0.0 0 0.0 974.941406 146.601562 1081.933594 478.300781 0.0 0.0 0.0 0.0 0.0 0.0 0.0 0.738669
Person 0.0 0 0.0 1053.940430 5.932617 1098.559570 189.316406 0.0 0.0 0.0 0.0 0.0 0.0 0.0 0.886420
Person 0.0 0 0.0 1067.988281 277.382812 1219.511719 660.234375 0.0 0.0 0.0 0.0 0.0 0.0 0.0 0.889912
Person 0.0 0 0.0 1194.609375 494.121094 1391.015625 861.152344 0.0 0.0 0.0 0.0 0.0 0.0 0.0 0.890294
Person 0.0 0 0.0 1073.144531 466.171875 1266.855469 814.218750 0.0 0.0 0.0 0.0 0.0 0.0 0.0 0.911810
Person 0.0 0 0.0 922.441406 234.272461 1100.683594 582.055664 0.0 0.0 0.0 0.0 0.0 0.0 0.0 0.927100
Person 0.0 0 0.0 182.241211 0.230713 234.008789 131.209717 0.0 0.0 0.0 0.0 0.0 0.0 0.0 0.929440
Person 0.0 0 0.0 1397.753906 74.355469 1465.371094 242.050781 0.0 0.0 0.0 0.0 0.0 0.0 0.0 0.946001
Person 0.0 0 0.0 328.125000 76.728516 422.812500 410.273438 0.0 0.0 0.0 0.0 0.0 0.0 0.0 0.950778
Person 0.0 0 0.0 769.101562 177.583008 892.148438 521.674805 0.0 0.0 0.0 0.0 0.0 0.0 0.0 0.956472
Person 0.0 0 0.0 422.666016 99.536133 505.927734 419.370117 0.0 0.0 0.0 0.0 0.0 0.0 0.0 0.961244
Person 0.0 0 0.0 851.396484 110.610352 960.791016 422.270508 0.0 0.0 0.0 0.0 0.0 0.0 0.0 0.961822
Person 0.0 0 0.0 1155.058594 0.000000 1224.316406 198.610840 0.0 0.0 0.0 0.0 0.0 0.0 0.0 0.964187
Person 0.0 0 0.0 1175.390625 32.431641 1248.984375 246.796875 0.0 0.0 0.0 0.0 0.0 0.0 0.0 0.970688
