Person 0.0 0 0.0 1463.554688 67.565918 1527.070312 237.766113 0.0 0.0 0.0 0.0 0.0 0.0 0.0 0.383064
Person 0.0 0 0.0 1491.005859 100.524902 1589.619141 274.416504 0.0 0.0 0.0 0.0 0.0 0.0 0.0 0.406391
Person 0.0 0 0.0 1134.667969 305.002441 1267.207031 548.239746 0.0 0.0 0.0 0.0 0.0 0.0 0.0 0.473657
Person 0.0 0 0.0 0.556641 230.449219 86.982422 533.144531 0.0 0.0 0.0 0.0 0.0 0.0 0.0 0.588889
Person 0.0 0 0.0 1084.379883 0.000000 1133.745117 129.924316 0.0 0.0 0.0 0.0 0.0 0.0 0.0 0.693473
Person 0.0 0 0.0 230.961914 0.000000 290.756836 111.697998 0.0 0.0 0.0 0.0 0.0 0.0 0.0 0.764188
Person 0.0 0 0.0 1211.455078 253.916016 1329.169922 571.904297 0.0 0.0 0.0 0.0 0.0 0.0 0.0 0.865679
Person 0.0 0 0.0 35.156250 62.556152 91.640625 233.547363 0.0 0.0 0.0 0.0 0.0 0.0 0.0 0.866585
Person 0.0 0 0.0 165.673828 0.461426 218.935547 137.438965 0.0 0.0 0.0 0.0 0.0 0.0 0.0 0.900179
Person 0.0 0 0.0 1220.302734 0.000000 1305.322266 177.648926 0.0 0.0 0.0 0.0 0.0 0.0 0.0 0.920218
Person 0.0 0 0.0 491.411133 17.995605 551.088867 283.645020 0.0 0.0 0.0 0.0 0.0 0.0 0.0 0.927363
Person 0.0 0 0.0 1073.789062 425.830078 1256.835938 814.482422 0.0 0.0 0.0 0.0 0.0 0.0 0.0 0.940572
Person 0.0 0 0.0 1378.974609 143.635254 1489.775391 374.216309 0.0 0.0 0.0 0.0 0.0 0.0 0.0 0.947575
Person 0.0 0 0.0 1045.605469 142.514648 1172.519531 453.911133 0.0 0.0 0.0 0.0 0.0 0.0 0.0 0.949295
Person 0.0 0 0.0 1329.228516 62.160645 1398.896484 287.204590 0.0 0.0 0.0 0.0 0.0 0.0 0.0 0.954816
Person 0.0 0 0.0 1119.169922 0.000000 1194.580078 158.532715 0.0 0.0 0.0 0.0 0.0 0.0 0.0 0.960952
Person 0.0 0 0.0 982.675781 91.362305 1119.199219 377.973633 0.0 0.0 0.0 0.0 0.0 0.0 0.0 0.965250
Person 0.0 0 0.0 1269.199219 17.929688 1350.175781 208.168945 0.0 0.0 0.0 0.0 0.0 0.0 0.0 0.970465
