Person 0.0 0 0.0 1095.578613 0.000000 1120.671387 71.356201 0.0 0.0 0.0 0.0 0.0 0.0 0.0 0.360264
Person 0.0 0 0.0 1596.708984 236.942139 1677.041016 351.573486 0.0 0.0 0.0 0.0 0.0 0.0 0.0 0.383064
Person 0.0 0 0.0 1491.386719 84.506836 1581.738281 274.877930 0.0 0.0 0.0 0.0 0.0 0.0 0.0 0.393268
Person 0.0 0 0.0 1111.113281 0.000000 1148.261719 87.539062 0.0 0.0 0.0 0.0 0.0 0.0 0.0 0.468791
Person 0.0 0 0.0 1534.453125 62.819824 1587.421875 202.961426 0.0 0.0 0.0 0.0 0.0 0.0 0.0 0.523420
Person 0.0 0 0.0 888.222656 104.018555 949.277344 395.112305 0.0 0.0 0.0 0.0 0.0 0.0 0.0 0.561215
Person 0.0 0 0.0 1074.726562 328.535156 1244.648438 696.093750 0.0 0.0 0.0 0.0 0.0 0.0 0.0 0.699254
Person 0.0 0 0.0 1668.867188 181.142578 1732.382812 377.841797 0.0 0.0 0.0 0.0 0.0 0.0 0.0 0.778649
Person 0.0 0 0.0 1435.078125 62.556152 1488.046875 219.309082 0.0 0.0 0.0 0.0 0.0 0.0 0.0 0.804406
Person 0.0 0 0.0 124.233398 0.000000 170.141602 91.658936 0.0 0.0 0.0 0.0 0.0 0.0 0.0 0.832237
Person 0.0 0 0.0 179.604492 0.065918 235.239258 135.856934 0.0 0.0 0.0 0.0 0.0 0.0 0.0 0.892937
Person 0.0 0 0.0 123.867188 134.868164 262.851562 475.268555 0.0 0.0 0.0 0.0 0.0 0.0 0.0 0.904313
Person 0.0 0 0.0 1073.789062 426.093750 1262.460938 814.218750 0.0 0.0 0.0 0.0 0.0 0.0 0.0 0.916409
Person 0.0 0 0.0 324.931641 121.948242 422.255859 437.563477 0.0 0.0 0.0 0.0 0.0 0.0 0.0 0.923868
Person 0.0 0 0.0 965.566406 161.894531 1072.558594 493.066406 0.0 0.0 0.0 0.0 0.0 0.0 0.0 0.926835
Person 0.0 0 0.0 48.984375 19.511719 109.687500 167.563477 0.0 0.0 0.0 0.0 0.0 0.0 0.0 0.935582
Person 0.0 0 0.0 1273.857422 76.860352 1371.767578 303.618164 0.0 0.0 0.0 0.0 0.0 0.0 0.0 0.944587
Person 0.0 0 0.0 1265.156250 38.166504 1342.968750 259.519043 0.0 0.0 0.0 0.0 0.0 0.0 0.0 0.945801
Person 0.0 0 0.0 827.548828 153.061523 931.201172 498.735352 0.0 0.0 0.0 0.0 0.0 0.0 0.0 0.946001
Person 0.0 0 0.0 1143.808594 35.134277 1273.066406 280.217285 0.0 0.0 0.0 0.0 0.0 0.0 0.0 0.961534
