Person 0.0 0 0.0 1516.787109 62.523193 1569.462891 192.711182 0.0 0.0 0.0 0.0 0.0 0.0 0.0 0.341583
Person 0.0 0 0.0 128.159180 0.725098 169.497070 107.380371 0.0 0.0 0.0 0.0 0.0 0.0 0.0 0.370225
Person 0.0 0 0.0 1489.951172 100.854492 1586.923828 275.141602 0.0 0.0 0.0 0.0 0.0 0.0 0.0 0.454230
Person 0.0 0 0.0 1115.815430 0.000000 1147.309570 84.638672 0.0 0.0 0.0 0.0 0.0 0.0 0.0 0.457137
Person 0.0 0 0.0 128.803711 1.977539 177.055664 158.071289 0.0 0.0 0.0 0.0 0.0 0.0 0.0 0.500000
Person 0.0 0 0.0 1377.363281 52.009277 1438.886719 241.457520 0.0 0.0 0.0 0.0 0.0 0.0 0.0 0.575588
Person 0.0 0 0.0 0.498047 231.503906 87.392578 537.363281 0.0 0.0 0.0 0.0 0.0 0.0 0.0 0.588889
Person 0.0 0 0.0 242.446289 0.000000 288.178711 109.687500 0.0 0.0 0.0 0.0 0.0 0.0 0.0 0.752013
Person 0.0 0 0.0 1436.953125 65.192871 1493.671875 220.100098 0.0 0.0 0.0 0.0 0.0 0.0 0.0 0.775945
Person 0.0 0 0.0 1073.613281 343.696289 1242.011719 697.807617 0.0 0.0 0.0 0.0 0.0 0.0 0.0 0.825027
Person 0.0 0 0.0 1677.773438 230.515137 1768.476562 392.805176 0.0 0.0 0.0 0.0 0.0 0.0 0.0 0.825590
Person 0.0 0 0.0 1059.375000 0.131836 1121.250000 161.367188 0.0 0.0 0.0 0.0 0.0 0.0 0.0 0.846958
Person 0.0 0 0.0 171.181641 0.065918 223.740234 135.988770 0.0 0.0 0.0 0.0 0.0 0.0 0.0 0.898053
Person 0.0 0 0.0 1074.550781 428.203125 1274.824219 814.218750 0.0 0.0 0.0 0.0 0.0 0.0 0.0 0.906653
Person 0.0 0 0.0 343.886719 114.433594 434.238281 429.785156 0.0 0.0 0.0 0.0 0.0 0.0 0.0 0.932453
Person 0.0 0 0.0 891.005859 152.138672 991.494141 487.529297 0.0 0.0 0.0 0.0 0.0 0.0 0.0 0.944791
Person 0.0 0 0.0 953.291016 100.063477 1037.958984 395.639648 0.0 0.0 0.0 0.0 0.0 0.0 0.0 0.949106
Person 0.0 0 0.0 1042.001953 205.795898 1157.373047 556.215820 0.0 0.0 0.0 0.0 0.0 0.0 0.0 0.954647
Person 0.0 0 0.0 1295.771484 100.063477 1402.353516 334.467773 0.0 0.0 0.0 0.0 0.0 0.0 0.0 0.955152
Person 0.0 0 0.0 1181.103516 48.515625 1277.021484 290.302734 0.0 0.0 0.0 0.0 0.0 0.0 0.0 0.965641
