Person 0.0 0 0.0 1096.464844 0.000000 1119.785156 70.894775 0.0 0.0 0.0 0.0 0.0 0.0 0.0 0.316581
Person 0.0 0 0.0 425.097656 0.000000 466.933594 87.077637 0.0 0.0 0.0 0.0 0.0 0.0 0.0 0.323808
Person 0.0 0 0.0 1305.878906 60.776367 1365.996094 272.504883 0.0 0.0 0.0 0.0 0.0 0.0 0.0 0.398875
Person 0.0 0 0.0 1110.322266 0.000000 1147.177734 87.802734 0.0 0.0 0.0 0.0 0.0 0.0 0.0 0.444565
Person 0.0 0 0.0 438.017578 37.243652 537.919922 287.072754 0.0 0.0 0.0 0.0 0.0 0.0 0.0 0.589835
Person 0.0 0 0.0 1463.906250 65.786133 1541.718750 258.266602 0.0 0.0 0.0 0.0 0.0 0.0 0.0 0.596433
Person 0.0 0 0.0 227.797852 0.000000 271.420898 84.111328 0.0 0.0 0.0 0.0 0.0 0.0 0.0 0.604866
Person 0.0 0 0.0 464.121094 0.000000 514.628906 116.641846 0.0 0.0 0.0 0.0 0.0 0.0 0.0 0.709019
Person 0.0 0 0.0 267.187500 0.032959 320.156250 107.479248 0.0 0.0 0.0 0.0 0.0 0.0 0.0 0.719384
Person 0.0 0 0.0 1254.345703 86.418457 1344.404297 307.507324 0.0 0.0 0.0 0.0 0.0 0.0 0.0 0.757077
Person 0.0 0 0.0 383.583984 0.000000 439.541016 112.719727 0.0 0.0 0.0 0.0 0.0 0.0 0.0 0.801936
Person 0.0 0 0.0 187.866211 0.197754 237.055664 132.495117 0.0 0.0 0.0 0.0 0.0 0.0 0.0 0.884838
Person 0.0 0 0.0 0.234375 21.423340 46.757812 166.311035 0.0 0.0 0.0 0.0 0.0 0.0 0.0 0.901575
Person 0.0 0 0.0 1114.189453 102.304688 1188.310547 375.205078 0.0 0.0 0.0 0.0 0.0 0.0 0.0 0.926304
Person 0.0 0 0.0 885.351562 120.234375 962.460938 426.093750 0.0 0.0 0.0 0.0 0.0 0.0 0.0 0.932453
Person 0.0 0 0.0 952.734375 420.952148 1130.390625 819.360352 0.0 0.0 0.0 0.0 0.0 0.0 0.0 0.941007
Person 0.0 0 0.0 1396.669922 76.530762 1466.455078 241.984863 0.0 0.0 0.0 0.0 0.0 0.0 0.0 0.946200
Person 0.0 0 0.0 1036.464844 291.357422 1179.785156 669.990234 0.0 0.0 0.0 0.0 0.0 0.0 0.0 0.948155
Person 0.0 0 0.0 440.800781 106.391602 545.449219 430.708008 0.0 0.0 0.0 0.0 0.0 0.0 0.0 0.952750
Person 0.0 0 0.0 357.246094 68.950195 447.128906 394.321289 0.0 0.0 0.0 0.0 0.0 0.0 0.0 0.968856
