Person 0.0 0 0.0 1493.173828 103.425293 1593.076172 274.943848 0.0 0.0 0.0 0.0 0.0 0.0 0.0 0.396068
Person 0.0 0 0.0 435.380859 33.881836 522.275391 288.325195 0.0 0.0 0.0 0.0 0.0 0.0 0.0 0.411111
Person 0.0 0 0.0 1700.507812 299.630127 1775.742188 410.701904 0.0 0.0 0.0 0.0 0.0 0.0 0.0 0.448426
Person 0.0 0 0.0 992.460938 293.334961 1150.664062 672.231445 0.0 0.0 0.0 0.0 0.0 0.0 0.0 0.465873
Person 0.0 0 0.0 1110.629883 0.164795 1146.870117 88.033447 0.0 0.0 0.0 0.0 0.0 0.0 0.0 0.478529
Person 0.0 0 0.0 217.500000 0.000000 249.843750 101.414795 0.0 0.0 0.0 0.0 0.0 0.0 0.0 0.511717
Person 0.0 0 0.0 361.113281 0.000000 402.949219 72.839355 0.0 0.0 0.0 0.0 0.0 0.0 0.0 0.567937
Person 0.0 0 0.0 270.571289 0.000000 320.991211 109.028320 0.0 0.0 0.0 0.0 0.0 0.0 0.0 0.601125
Person 0.0 0 0.0 1465.107422 62.885742 1544.267578 251.411133 0.0 0.0 0.0 0.0 0.0 0.0 0.0 0.621541
Person 0.0 0 0.0 404.414062 0.000000 453.867188 112.324219 0.0 0.0 0.0 0.0 0.0 0.0 0.0 0.690142
Person 0.0 0 0.0 190.913086 0.560303 239.165039 130.418701 0.0 0.0 0.0 0.0 0.0 0.0 0.0 0.814643
Person 0.0 0 0.0 1584.931641 195.908203 1683.193359 406.845703 0.0 0.0 0.0 0.0 0.0 0.0 0.0 0.859192
Person 0.0 0 0.0 482.666016 0.527344 556.083984 187.998047 0.0 0.0 0.0 0.0 0.0 0.0 0.0 0.907312
Person 0.0 0 0.0 973.828125 423.588867 1150.546875 816.723633 0.0 0.0 0.0 0.0 0.0 0.0 0.0 0.936749
Person 0.0 0 0.0 1397.988281 76.992188 1467.011719 241.523438 0.0 0.0 0.0 0.0 0.0 0.0 0.0 0.939248
Person 0.0 0 0.0 1263.837891 144.030762 1363.037109 408.098145 0.0 0.0 0.0 0.0 0.0 0.0 0.0 0.940134
Person 0.0 0 0.0 1138.125000 13.842773 1220.625000 201.708984 0.0 0.0 0.0 0.0 0.0 0.0 0.0 0.944791
Person 0.0 0 0.0 358.007812 66.840820 450.117188 395.375977 0.0 0.0 0.0 0.0 0.0 0.0 0.0 0.945601
Person 0.0 0 0.0 438.486328 105.600586 542.138672 427.280273 0.0 0.0 0.0 0.0 0.0 0.0 0.0 0.959154
Person 0.0 0 0.0 1163.701172 58.007812 1260.673828 304.013672 0.0 0.0 0.0 0.0 0.0 0.0 0.0 0.970013
