Person 0.0 0 0.0 1096.896973 0.000000 1121.228027 71.751709 0.0 0.0 0.0 0.0 0.0 0.0 0.0 0.312370
Person 0.0 0 0.0 1264.072266 37.573242 1340.302734 247.983398 0.0 0.0 0.0 0.0 0.0 0.0 0.0 0.349089
Person 0.0 0 0.0 1157.578125 312.319336 1279.921875 547.778320 0.0 0.0 0.0 0.0 0.0 0.0 0.0 0.359364
Person 0.0 0 0.0 1082.871094 311.791992 1279.628906 686.997070 0.0 0.0 0.0 0.0 0.0 0.0 0.0 0.409221
Person 0.0 0 0.0 1111.113281 0.131836 1148.261719 87.407227 0.0 0.0 0.0 0.0 0.0 0.0 0.0 0.439747
Person 0.0 0 0.0 242.827148 0.000000 291.547852 108.435059 0.0 0.0 0.0 0.0 0.0 0.0 0.0 0.739422
Person 0.0 0 0.0 1437.934570 66.972656 1490.815430 219.375000 0.0 0.0 0.0 0.0 0.0 0.0 0.0 0.764188
Person 0.0 0 0.0 62.666016 1.318359 101.044922 123.991699 0.0 0.0 0.0 0.0 0.0 0.0 0.0 0.874935
Person 0.0 0 0.0 178.359375 0.000000 234.843750 137.900391 0.0 0.0 0.0 0.0 0.0 0.0 0.0 0.915507
Person 0.0 0 0.0 924.755859 120.366211 1006.494141 424.379883 0.0 0.0 0.0 0.0 0.0 0.0 0.0 0.919063
Person 0.0 0 0.0 1545.849609 117.729492 1619.150391 316.801758 0.0 0.0 0.0 0.0 0.0 0.0 0.0 0.920218
Person 0.0 0 0.0 1073.964844 428.466797 1262.285156 815.009766 0.0 0.0 0.0 0.0 0.0 0.0 0.0 0.925769
Person 0.0 0 0.0 1354.453125 270.395508 1503.046875 584.428711 0.0 0.0 0.0 0.0 0.0 0.0 0.0 0.935110
Person 0.0 0 0.0 394.277344 111.796875 487.910156 435.058594 0.0 0.0 0.0 0.0 0.0 0.0 0.0 0.936518
Person 0.0 0 0.0 1587.744141 113.312988 1671.005859 312.517090 0.0 0.0 0.0 0.0 0.0 0.0 0.0 0.945601
Person 0.0 0 0.0 1254.169922 63.544922 1342.705078 286.347656 0.0 0.0 0.0 0.0 0.0 0.0 0.0 0.949106
Person 0.0 0 0.0 826.083984 190.371094 940.166016 537.363281 0.0 0.0 0.0 0.0 0.0 0.0 0.0 0.950960
Person 0.0 0 0.0 955.488281 170.991211 1052.636719 501.899414 0.0 0.0 0.0 0.0 0.0 0.0 0.0 0.951142
Person 0.0 0 0.0 1143.808594 35.134277 1271.191406 281.008301 0.0 0.0 0.0 0.0 0.0 0.0 0.0 0.965641
