Person 0.0 0 0.0 1096.018066 0.000000 1122.106934 71.949463 0.0 0.0 0.0 0.0 0.0 0.0 0.0 0.335895
Person 0.0 0 0.0 133.110352 1.911621 173.686523 124.782715 0.0 0.0 0.0 0.0 0.0 0.0 0.0 0.386763
Person 0.0 0 0.0 134.091797 3.493652 177.861328 150.095215 0.0 0.0 0.0 0.0 0.0 0.0 0.0 0.503906
Person 0.0 0 0.0 1524.213867 58.930664 1582.661133 195.908203 0.0 0.0 0.0 0.0 0.0 0.0 0.0 0.543832
Person 0.0 0 0.0 0.468750 232.690430 87.070312 537.758789 0.0 0.0 0.0 0.0 0.0 0.0 0.0 0.598312
Person 0.0 0 0.0 1075.253906 341.323242 1232.871094 696.489258 0.0 0.0 0.0 0.0 0.0 0.0 0.0 0.661048
Person 0.0 0 0.0 1122.319336 0.659180 1168.930664 163.212891 0.0 0.0 0.0 0.0 0.0 0.0 0.0 0.798815
Person 0.0 0 0.0 1434.873047 64.731445 1492.001953 218.979492 0.0 0.0 0.0 0.0 0.0 0.0 0.0 0.803174
Person 0.0 0 0.0 247.221680 0.000000 300.278320 109.687500 0.0 0.0 0.0 0.0 0.0 0.0 0.0 0.821044
Person 0.0 0 0.0 1698.808594 321.152344 1822.441406 573.750000 0.0 0.0 0.0 0.0 0.0 0.0 0.0 0.827828
Person 0.0 0 0.0 1572.187500 137.966309 1654.687500 346.398926 0.0 0.0 0.0 0.0 0.0 0.0 0.0 0.893681
Person 0.0 0 0.0 173.203125 0.000000 223.125000 136.120605 0.0 0.0 0.0 0.0 0.0 0.0 0.0 0.925500
Person 0.0 0 0.0 1074.550781 426.621094 1274.824219 814.746094 0.0 0.0 0.0 0.0 0.0 0.0 0.0 0.927100
Person 0.0 0 0.0 349.394531 118.652344 447.480469 429.785156 0.0 0.0 0.0 0.0 0.0 0.0 0.0 0.936749
Person 0.0 0 0.0 807.832031 151.611328 905.917969 502.294922 0.0 0.0 0.0 0.0 0.0 0.0 0.0 0.943764
Person 0.0 0 0.0 1266.357422 41.396484 1338.017578 265.253906 0.0 0.0 0.0 0.0 0.0 0.0 0.0 0.950411
Person 0.0 0 0.0 1160.302734 38.364258 1245.322266 292.280273 0.0 0.0 0.0 0.0 0.0 0.0 0.0 0.955981
Person 0.0 0 0.0 1291.494141 90.571289 1389.755859 318.911133 0.0 0.0 0.0 0.0 0.0 0.0 0.0 0.964052
Person 0.0 0 0.0 1014.667969 148.447266 1158.457031 485.947266 0.0 0.0 0.0 0.0 0.0 0.0 0.0 0.965900
Person 0.0 0 0.0 978.662109 118.256836 1081.962891 440.200195 0.0 0.0 0.0 0.0 0.0 0.0 0.0 0.968381
