Person 0.0 0 0.0 1471.025391 99.140625 1588.974609 276.591797 0.0 0.0 0.0 0.0 0.0 0.0 0.0 0.314893
Person 0.0 0 0.0 193.842773 0.000000 227.329102 57.612305 0.0 0.0 0.0 0.0 0.0 0.0 0.0 0.425367
Person 0.0 0 0.0 1116.386719 336.049805 1244.238281 479.223633 0.0 0.0 0.0 0.0 0.0 0.0 0.0 0.485356
Person 0.0 0 0.0 0.556641 230.581055 86.982422 532.485352 0.0 0.0 0.0 0.0 0.0 0.0 0.0 0.594551
Person 0.0 0 0.0 229.921875 0.000000 275.390625 111.599121 0.0 0.0 0.0 0.0 0.0 0.0 0.0 0.713831
Person 0.0 0 0.0 1444.160156 62.687988 1495.839844 212.585449 0.0 0.0 0.0 0.0 0.0 0.0 0.0 0.719384
Person 0.0 0 0.0 1376.821289 22.478027 1431.928711 207.180176 0.0 0.0 0.0 0.0 0.0 0.0 0.0 0.888759
Person 0.0 0 0.0 55.957031 32.893066 115.957031 183.845215 0.0 0.0 0.0 0.0 0.0 0.0 0.0 0.894052
Person 0.0 0 0.0 476.835938 34.145508 546.914062 286.215820 0.0 0.0 0.0 0.0 0.0 0.0 0.0 0.897336
Person 0.0 0 0.0 164.282227 0.791016 216.342773 137.636719 0.0 0.0 0.0 0.0 0.0 0.0 0.0 0.920790
Person 0.0 0 0.0 1074.433594 407.636719 1246.816406 814.746094 0.0 0.0 0.0 0.0 0.0 0.0 0.0 0.931960
Person 0.0 0 0.0 1222.265625 247.587891 1344.609375 562.939453 0.0 0.0 0.0 0.0 0.0 0.0 0.0 0.933431
Person 0.0 0 0.0 1250.332031 15.358887 1320.292969 200.983887 0.0 0.0 0.0 0.0 0.0 0.0 0.0 0.934395
Person 0.0 0 0.0 1335.146484 61.303711 1400.478516 279.624023 0.0 0.0 0.0 0.0 0.0 0.0 0.0 0.940572
Person 0.0 0 0.0 1044.199219 145.942383 1157.050781 456.811523 0.0 0.0 0.0 0.0 0.0 0.0 0.0 0.945801
Person 0.0 0 0.0 1120.898438 0.000000 1194.726562 199.599609 0.0 0.0 0.0 0.0 0.0 0.0 0.0 0.955486
Person 0.0 0 0.0 1419.550781 170.793457 1567.324219 399.792480 0.0 0.0 0.0 0.0 0.0 0.0 0.0 0.957437
Person 0.0 0 0.0 938.525391 99.799805 1056.474609 399.331055 0.0 0.0 0.0 0.0 0.0 0.0 0.0 0.958070
