Person 0.0 0 0.0 1490.185547 93.142090 1582.939453 275.207520 0.0 0.0 0.0 0.0 0.0 0.0 0.0 0.335460
Person 0.0 0 0.0 1115.112305 0.000000 1146.137695 83.155518 0.0 0.0 0.0 0.0 0.0 0.0 0.0 0.335895
Person 0.0 0 0.0 133.198242 1.878662 173.598633 124.156494 0.0 0.0 0.0 0.0 0.0 0.0 0.0 0.373876
Person 0.0 0 0.0 134.165039 3.757324 177.788086 152.600098 0.0 0.0 0.0 0.0 0.0 0.0 0.0 0.510741
Person 0.0 0 0.0 1522.617188 57.941895 1580.507812 196.896973 0.0 0.0 0.0 0.0 0.0 0.0 0.0 0.567937
Person 0.0 0 0.0 0.468750 232.294922 87.070312 538.154297 0.0 0.0 0.0 0.0 0.0 0.0 0.0 0.590779
Person 0.0 0 0.0 1074.667969 340.532227 1233.457031 696.752930 0.0 0.0 0.0 0.0 0.0 0.0 0.0 0.682574
Person 0.0 0 0.0 1434.814453 64.731445 1492.060547 218.979492 0.0 0.0 0.0 0.0 0.0 0.0 0.0 0.795022
Person 0.0 0 0.0 1120.795898 0.527344 1170.454102 166.640625 0.0 0.0 0.0 0.0 0.0 0.0 0.0 0.814053
Person 0.0 0 0.0 1697.167969 323.327637 1824.082031 577.375488 0.0 0.0 0.0 0.0 0.0 0.0 0.0 0.816991
Person 0.0 0 0.0 1573.417969 136.054688 1653.457031 341.982422 0.0 0.0 0.0 0.0 0.0 0.0 0.0 0.913058
Person 0.0 0 0.0 1073.906250 426.621094 1271.718750 814.746094 0.0 0.0 0.0 0.0 0.0 0.0 0.0 0.921074
Person 0.0 0 0.0 173.203125 0.000000 223.125000 135.988770 0.0 0.0 0.0 0.0 0.0 0.0 0.0 0.928149
Person 0.0 0 0.0 349.921875 118.652344 448.359375 429.785156 0.0 0.0 0.0 0.0 0.0 0.0 0.0 0.941654
Person 0.0 0 0.0 1265.742188 41.726074 1338.632812 264.660645 0.0 0.0 0.0 0.0 0.0 0.0 0.0 0.947381
Person 0.0 0 0.0 808.769531 152.006836 906.855469 502.426758 0.0 0.0 0.0 0.0 0.0 0.0 0.0 0.949106
Person 0.0 0 0.0 1159.746094 38.496094 1245.878906 291.621094 0.0 0.0 0.0 0.0 0.0 0.0 0.0 0.960212
Person 0.0 0 0.0 1004.882812 146.865234 1151.367188 485.419922 0.0 0.0 0.0 0.0 0.0 0.0 0.0 0.961389
Person 0.0 0 0.0 1292.226562 90.241699 1389.023438 318.449707 0.0 0.0 0.0 0.0 0.0 0.0 0.0 0.962391
Person 0.0 0 0.0 978.076172 118.784180 1082.548828 439.672852 0.0 0.0 0.0 0.0 0.0 0.0 0.0 0.963780
