Person 0.0 0 0.0 1466.689453 68.950195 1563.310547 257.475586 0.0 0.0 0.0 0.0 0.0 0.0 0.0 0.352202
Person 0.0 0 0.0 261.313477 0.000000 300.717773 97.261963 0.0 0.0 0.0 0.0 0.0 0.0 0.0 0.381220
Person 0.0 0 0.0 1110.849609 0.000000 1146.650391 88.198242 0.0 0.0 0.0 0.0 0.0 0.0 0.0 0.407333
Person 0.0 0 0.0 322.880859 0.000000 374.150391 169.475098 0.0 0.0 0.0 0.0 0.0 0.0 0.0 0.600188
Person 0.0 0 0.0 476.660156 0.000000 528.339844 107.841797 0.0 0.0 0.0 0.0 0.0 0.0 0.0 0.615088
Person 0.0 0 0.0 188.759766 0.000000 227.490234 116.312256 0.0 0.0 0.0 0.0 0.0 0.0 0.0 0.630685
Person 0.0 0 0.0 428.847656 0.000000 489.433594 109.489746 0.0 0.0 0.0 0.0 0.0 0.0 0.0 0.772531
Person 0.0 0 0.0 1050.234375 292.675781 1231.640625 616.464844 0.0 0.0 0.0 0.0 0.0 0.0 0.0 0.882833
Person 0.0 0 0.0 973.769531 418.315430 1188.105469 815.668945 0.0 0.0 0.0 0.0 0.0 0.0 0.0 0.919643
Person 0.0 0 0.0 409.101562 98.613281 544.804688 431.630859 0.0 0.0 0.0 0.0 0.0 0.0 0.0 0.924688
Person 0.0 0 0.0 1397.724609 76.662598 1467.275391 242.116699 0.0 0.0 0.0 0.0 0.0 0.0 0.0 0.926835
Person 0.0 0 0.0 360.087891 71.059570 444.287109 394.848633 0.0 0.0 0.0 0.0 0.0 0.0 0.0 0.928668
Person 0.0 0 0.0 1281.914062 75.410156 1369.335938 290.830078 0.0 0.0 0.0 0.0 0.0 0.0 0.0 0.939692
Person 0.0 0 0.0 1140.820312 14.831543 1201.054688 200.456543 0.0 0.0 0.0 0.0 0.0 0.0 0.0 0.941007
Person 0.0 0 0.0 197.050781 54.843750 289.980469 283.710938 0.0 0.0 0.0 0.0 0.0 0.0 0.0 0.943138
Person 0.0 0 0.0 1172.607422 110.412598 1266.767578 368.679199 0.0 0.0 0.0 0.0 0.0 0.0 0.0 0.946990
Person 0.0 0 0.0 973.828125 111.533203 1058.671875 374.677734 0.0 0.0 0.0 0.0 0.0 0.0 0.0 0.953966
Person 0.0 0 0.0 282.451172 15.556641 356.455078 218.583984 0.0 0.0 0.0 0.0 0.0 0.0 0.0 0.961389
Person 0.0 0 0.0 1280.332031 147.128906 1397.167969 391.289062 0.0 0.0 0.0 0.0 0.0 0.0 0.0 0.969785
