Person 0.0 0 0.0 214.716797 0.000000 256.611328 69.082031 0.0 0.0 0.0 0.0 0.0 0.0 0.0 0.408277
Person 0.0 0 0.0 1170.219727 0.065918 1227.905273 115.488281 0.0 0.0 0.0 0.0 0.0 0.0 0.0 0.474631
Person 0.0 0 0.0 1462.705078 63.610840 1542.919922 260.178223 0.0 0.0 0.0 0.0 0.0 0.0 0.0 0.613237
Person 0.0 0 0.0 59.794922 1.087646 94.189453 115.323486 0.0 0.0 0.0 0.0 0.0 0.0 0.0 0.644225
Person 0.0 0 0.0 253.007812 0.000000 309.492188 107.083740 0.0 0.0 0.0 0.0 0.0 0.0 0.0 0.654895
Person 0.0 0 0.0 115.766602 0.000000 148.374023 108.138428 0.0 0.0 0.0 0.0 0.0 0.0 0.0 0.721743
Person 0.0 0 0.0 802.177734 159.653320 883.447266 524.311523 0.0 0.0 0.0 0.0 0.0 0.0 0.0 0.750553
Person 0.0 0 0.0 1235.566406 492.802734 1464.433594 860.361328 0.0 0.0 0.0 0.0 0.0 0.0 0.0 0.814053
Person 0.0 0 0.0 184.379883 0.428467 233.276367 134.439697 0.0 0.0 0.0 0.0 0.0 0.0 0.0 0.871912
Person 0.0 0 0.0 1077.714844 417.656250 1258.535156 810.000000 0.0 0.0 0.0 0.0 0.0 0.0 0.0 0.889912
Person 0.0 0 0.0 752.812500 249.697266 874.687500 663.134766 0.0 0.0 0.0 0.0 0.0 0.0 0.0 0.903635
Person 0.0 0 0.0 1068.808594 281.601562 1218.691406 663.398438 0.0 0.0 0.0 0.0 0.0 0.0 0.0 0.912124
Person 0.0 0 0.0 1397.490234 74.553223 1465.634766 241.853027 0.0 0.0 0.0 0.0 0.0 0.0 0.0 0.919643
Person 0.0 0 0.0 405.791016 116.279297 501.708984 431.103516 0.0 0.0 0.0 0.0 0.0 0.0 0.0 0.934395
Person 0.0 0 0.0 327.451172 77.783203 420.205078 411.064453 0.0 0.0 0.0 0.0 0.0 0.0 0.0 0.934872
Person 0.0 0 0.0 873.193359 113.642578 971.806641 426.357422 0.0 0.0 0.0 0.0 0.0 0.0 0.0 0.940572
Person 0.0 0 0.0 1149.023438 25.905762 1224.726562 236.711426 0.0 0.0 0.0 0.0 0.0 0.0 0.0 0.949106
Person 0.0 0 0.0 955.957031 153.457031 1084.042969 478.828125 0.0 0.0 0.0 0.0 0.0 0.0 0.0 0.949856
Person 0.0 0 0.0 1061.425781 1.120605 1134.199219 223.000488 0.0 0.0 0.0 0.0 0.0 0.0 0.0 0.956634
