Person 0.0 0 0.0 301.523438 0.000000 350.507812 62.210083 0.0 0.0 0.0 0.0 0.0 0.0 0.0 0.321247
Person 0.0 0 0.0 196.479492 0.000000 229.848633 58.452759 0.0 0.0 0.0 0.0 0.0 0.0 0.0 0.345105
Person 0.0 0 0.0 1442.431641 65.786133 1501.318359 212.651367 0.0 0.0 0.0 0.0 0.0 0.0 0.0 0.506836
Person 0.0 0 0.0 0.556641 229.921875 86.982422 532.617188 0.0 0.0 0.0 0.0 0.0 0.0 0.0 0.594551
Person 0.0 0 0.0 232.719727 0.000000 276.342773 114.367676 0.0 0.0 0.0 0.0 0.0 0.0 0.0 0.674051
Person 0.0 0 0.0 165.805664 1.779785 216.225586 137.834473 0.0 0.0 0.0 0.0 0.0 0.0 0.0 0.878731
Person 0.0 0 0.0 475.283203 35.068359 543.779297 289.511719 0.0 0.0 0.0 0.0 0.0 0.0 0.0 0.895523
Person 0.0 0 0.0 1214.296875 266.967773 1356.328125 596.821289 0.0 0.0 0.0 0.0 0.0 0.0 0.0 0.913984
Person 0.0 0 0.0 1073.378906 421.611328 1260.996094 814.482422 0.0 0.0 0.0 0.0 0.0 0.0 0.0 0.915809
Person 0.0 0 0.0 1210.371094 0.000000 1281.503906 181.208496 0.0 0.0 0.0 0.0 0.0 0.0 0.0 0.918187
Person 0.0 0 0.0 1060.664062 132.890625 1181.835938 435.585938 0.0 0.0 0.0 0.0 0.0 0.0 0.0 0.920218
Person 0.0 0 0.0 1028.320312 247.192383 1240.429688 617.651367 0.0 0.0 0.0 0.0 0.0 0.0 0.0 0.940134
Person 0.0 0 0.0 1287.626953 18.457031 1352.373047 208.432617 0.0 0.0 0.0 0.0 0.0 0.0 0.0 0.942929
Person 0.0 0 0.0 1106.894531 0.000000 1173.105469 139.086914 0.0 0.0 0.0 0.0 0.0 0.0 0.0 0.943764
Person 0.0 0 0.0 120.000000 61.699219 209.062500 257.871094 0.0 0.0 0.0 0.0 0.0 0.0 0.0 0.945801
Person 0.0 0 0.0 1034.472656 94.658203 1127.402344 382.324219 0.0 0.0 0.0 0.0 0.0 0.0 0.0 0.947186
Person 0.0 0 0.0 1214.501953 76.267090 1320.498047 302.629395 0.0 0.0 0.0 0.0 0.0 0.0 0.0 0.953966
