Person 0.0 0 0.0 1506.474609 108.105469 1592.900391 275.537109 0.0 0.0 0.0 0.0 0.0 0.0 0.0 0.349533
Person 0.0 0 0.0 195.073242 0.000000 228.442383 57.513428 0.0 0.0 0.0 0.0 0.0 0.0 0.0 0.367497
Person 0.0 0 0.0 1450.341797 66.708984 1527.158203 212.783203 0.0 0.0 0.0 0.0 0.0 0.0 0.0 0.391406
Person 0.0 0 0.0 1441.699219 66.181641 1502.050781 211.464844 0.0 0.0 0.0 0.0 0.0 0.0 0.0 0.404507
Person 0.0 0 0.0 1131.621094 304.738770 1262.753906 554.304199 0.0 0.0 0.0 0.0 0.0 0.0 0.0 0.534127
Person 0.0 0 0.0 0.556641 230.976562 86.689453 533.144531 0.0 0.0 0.0 0.0 0.0 0.0 0.0 0.610453
Person 0.0 0 0.0 1268.759766 0.395508 1341.240234 176.660156 0.0 0.0 0.0 0.0 0.0 0.0 0.0 0.651355
Person 0.0 0 0.0 231.416016 0.000000 290.302734 114.466553 0.0 0.0 0.0 0.0 0.0 0.0 0.0 0.827828
Person 0.0 0 0.0 42.128906 51.284180 98.847656 222.407227 0.0 0.0 0.0 0.0 0.0 0.0 0.0 0.833866
Person 0.0 0 0.0 165.424805 0.527344 216.606445 137.373047 0.0 0.0 0.0 0.0 0.0 0.0 0.0 0.923592
Person 0.0 0 0.0 1159.804688 0.856934 1228.945312 167.497559 0.0 0.0 0.0 0.0 0.0 0.0 0.0 0.939913
Person 0.0 0 0.0 1074.609375 427.543945 1246.640625 814.877930 0.0 0.0 0.0 0.0 0.0 0.0 0.0 0.952397
Person 0.0 0 0.0 1224.902344 268.286133 1388.847656 610.795898 0.0 0.0 0.0 0.0 0.0 0.0 0.0 0.953966
Person 0.0 0 0.0 490.693359 24.125977 555.556641 284.897461 0.0 0.0 0.0 0.0 0.0 0.0 0.0 0.955319
Person 0.0 0 0.0 1271.572266 13.974609 1342.177734 203.950195 0.0 0.0 0.0 0.0 0.0 0.0 0.0 0.956309
Person 0.0 0 0.0 1424.150391 151.347656 1523.349609 389.179688 0.0 0.0 0.0 0.0 0.0 0.0 0.0 0.966028
Person 0.0 0 0.0 1116.943359 0.000000 1193.056641 189.514160 0.0 0.0 0.0 0.0 0.0 0.0 0.0 0.966156
Person 0.0 0 0.0 1318.037109 62.160645 1398.837891 287.995605 0.0 0.0 0.0 0.0 0.0 0.0 0.0 0.968141
Person 0.0 0 0.0 1046.015625 141.196289 1190.859375 453.120117 0.0 0.0 0.0 0.0 0.0 0.0 0.0 0.971992
Person 0.0 0 0.0 974.355469 97.163086 1123.769531 378.500977 0.0 0.0 0.0 0.0 0.0 0.0 0.0 0.977883
