Person 0.0 0 0.0 1296.782227 61.534424 1348.842773 133.055420 0.0 0.0 0.0 0.0 0.0 0.0 0.0 0.376623
Person 0.0 0 0.0 548.759766 0.230713 579.052734 87.506104 0.0 0.0 0.0 0.0 0.0 0.0 0.0 0.397003
Person 0.0 0 0.0 1110.776367 0.098877 1146.723633 87.637939 0.0 0.0 0.0 0.0 0.0 0.0 0.0 0.440710
Person 0.0 0 0.0 223.710938 0.000000 268.007812 86.187744 0.0 0.0 0.0 0.0 0.0 0.0 0.0 0.534127
Person 0.0 0 0.0 463.330078 0.000000 511.669922 101.052246 0.0 0.0 0.0 0.0 0.0 0.0 0.0 0.627038
Person 0.0 0 0.0 0.175781 0.659180 27.172852 105.073242 0.0 0.0 0.0 0.0 0.0 0.0 0.0 0.666280
Person 0.0 0 0.0 267.612305 0.000000 315.043945 107.182617 0.0 0.0 0.0 0.0 0.0 0.0 0.0 0.697609
Person 0.0 0 0.0 1464.111328 64.138184 1539.638672 252.531738 0.0 0.0 0.0 0.0 0.0 0.0 0.0 0.764188
Person 0.0 0 0.0 428.627930 5.075684 469.497070 134.802246 0.0 0.0 0.0 0.0 0.0 0.0 0.0 0.824462
Person 0.0 0 0.0 1252.089844 88.923340 1348.535156 307.375488 0.0 0.0 0.0 0.0 0.0 0.0 0.0 0.826712
Person 0.0 0 0.0 1050.908203 2.768555 1095.966797 150.161133 0.0 0.0 0.0 0.0 0.0 0.0 0.0 0.853425
Person 0.0 0 0.0 186.826172 0.296631 238.798828 130.946045 0.0 0.0 0.0 0.0 0.0 0.0 0.0 0.897695
Person 0.0 0 0.0 1073.613281 283.579102 1200.761719 684.096680 0.0 0.0 0.0 0.0 0.0 0.0 0.0 0.910227
Person 0.0 0 0.0 1397.255859 74.421387 1465.869141 241.984863 0.0 0.0 0.0 0.0 0.0 0.0 0.0 0.944791
Person 0.0 0 0.0 978.632812 422.006836 1130.742188 819.360352 0.0 0.0 0.0 0.0 0.0 0.0 0.0 0.945601
Person 0.0 0 0.0 442.998047 106.127930 545.126953 429.125977 0.0 0.0 0.0 0.0 0.0 0.0 0.0 0.948917
Person 0.0 0 0.0 482.255859 30.585938 548.994141 291.357422 0.0 0.0 0.0 0.0 0.0 0.0 0.0 0.949106
Person 0.0 0 0.0 980.830078 142.514648 1083.544922 468.676758 0.0 0.0 0.0 0.0 0.0 0.0 0.0 0.950411
Person 0.0 0 0.0 886.289062 119.443359 966.210938 426.357422 0.0 0.0 0.0 0.0 0.0 0.0 0.0 0.950778
Person 0.0 0 0.0 353.876953 71.059570 449.091797 394.848633 0.0 0.0 0.0 0.0 0.0 0.0 0.0 0.968381
