Person 0.0 0 0.0 1110.703125 0.000000 1146.796875 87.637939 0.0 0.0 0.0 0.0 0.0 0.0 0.0 0.434941
Person 0.0 0 0.0 485.654297 0.000000 526.845703 62.111206 0.0 0.0 0.0 0.0 0.0 0.0 0.0 0.461988
Person 0.0 0 0.0 226.948242 0.000000 272.270508 86.187744 0.0 0.0 0.0 0.0 0.0 0.0 0.0 0.484380
Person 0.0 0 0.0 469.145508 33.552246 515.229492 150.227051 0.0 0.0 0.0 0.0 0.0 0.0 0.0 0.559290
Person 0.0 0 0.0 1254.492188 86.616211 1349.882812 307.309570 0.0 0.0 0.0 0.0 0.0 0.0 0.0 0.637031
Person 0.0 0 0.0 379.584961 0.000000 437.915039 111.005859 0.0 0.0 0.0 0.0 0.0 0.0 0.0 0.670608
Person 0.0 0 0.0 431.645508 0.955811 475.854492 128.836670 0.0 0.0 0.0 0.0 0.0 0.0 0.0 0.684264
Person 0.0 0 0.0 277.353516 0.000000 319.833984 106.885986 0.0 0.0 0.0 0.0 0.0 0.0 0.0 0.690976
Person 0.0 0 0.0 1464.169922 64.731445 1539.580078 251.674805 0.0 0.0 0.0 0.0 0.0 0.0 0.0 0.720958
Person 0.0 0 0.0 2.607422 0.626221 36.738281 117.301025 0.0 0.0 0.0 0.0 0.0 0.0 0.0 0.743913
Person 0.0 0 0.0 1049.458008 1.779785 1093.666992 151.149902 0.0 0.0 0.0 0.0 0.0 0.0 0.0 0.754915
Person 0.0 0 0.0 1039.277344 303.090820 1165.722656 685.151367 0.0 0.0 0.0 0.0 0.0 0.0 0.0 0.759939
Person 0.0 0 0.0 186.489258 0.263672 240.776367 130.979004 0.0 0.0 0.0 0.0 0.0 0.0 0.0 0.869271
Person 0.0 0 0.0 977.753906 421.215820 1125.996094 819.096680 0.0 0.0 0.0 0.0 0.0 0.0 0.0 0.894421
Person 0.0 0 0.0 504.082031 61.369629 583.417969 328.864746 0.0 0.0 0.0 0.0 0.0 0.0 0.0 0.928149
Person 0.0 0 0.0 1397.988281 74.685059 1467.011719 241.984863 0.0 0.0 0.0 0.0 0.0 0.0 0.0 0.929696
Person 0.0 0 0.0 455.683594 110.742188 541.816406 423.457031 0.0 0.0 0.0 0.0 0.0 0.0 0.0 0.938350
Person 0.0 0 0.0 891.416016 109.028320 977.021484 427.016602 0.0 0.0 0.0 0.0 0.0 0.0 0.0 0.940353
Person 0.0 0 0.0 353.906250 70.400391 452.343750 395.507812 0.0 0.0 0.0 0.0 0.0 0.0 0.0 0.943764
Person 0.0 0 0.0 981.708984 146.733398 1095.791016 469.204102 0.0 0.0 0.0 0.0 0.0 0.0 0.0 0.952750
