Person 0.0 0 0.0 1008.808594 296.564941 1139.941406 516.599121 0.0 0.0 0.0 0.0 0.0 0.0 0.0 0.331120
Person 0.0 0 0.0 1483.652344 66.379395 1544.472656 222.604980 0.0 0.0 0.0 0.0 0.0 0.0 0.0 0.365683
Person 0.0 0 0.0 107.226562 0.197754 151.757812 113.642578 0.0 0.0 0.0 0.0 0.0 0.0 0.0 0.401688
Person 0.0 0 0.0 396.137695 0.000000 428.862305 82.265625 0.0 0.0 0.0 0.0 0.0 0.0 0.0 0.433022
Person 0.0 0 0.0 987.480469 295.971680 1138.769531 674.340820 0.0 0.0 0.0 0.0 0.0 0.0 0.0 0.490236
Person 0.0 0 0.0 1111.713867 0.000000 1147.661133 87.176514 0.0 0.0 0.0 0.0 0.0 0.0 0.0 0.492188
Person 0.0 0 0.0 430.048828 34.079590 520.107422 287.600098 0.0 0.0 0.0 0.0 0.0 0.0 0.0 0.538983
Person 0.0 0 0.0 361.347656 0.000000 405.058594 80.683594 0.0 0.0 0.0 0.0 0.0 0.0 0.0 0.586996
Person 0.0 0 0.0 514.028320 0.065918 571.596680 152.072754 0.0 0.0 0.0 0.0 0.0 0.0 0.0 0.590779
Person 0.0 0 0.0 263.466797 0.000000 315.439453 106.885986 0.0 0.0 0.0 0.0 0.0 0.0 0.0 0.616012
Person 0.0 0 0.0 1581.679688 267.099609 1723.945312 497.021484 0.0 0.0 0.0 0.0 0.0 0.0 0.0 0.692642
Person 0.0 0 0.0 193.344727 0.000000 239.780273 131.473389 0.0 0.0 0.0 0.0 0.0 0.0 0.0 0.738669
Person 0.0 0 0.0 1399.248047 76.333008 1467.626953 240.336914 0.0 0.0 0.0 0.0 0.0 0.0 0.0 0.833866
Person 0.0 0 0.0 973.007812 417.788086 1125.117188 816.196289 0.0 0.0 0.0 0.0 0.0 0.0 0.0 0.936285
Person 0.0 0 0.0 360.234375 68.159180 446.015625 395.639648 0.0 0.0 0.0 0.0 0.0 0.0 0.0 0.944587
Person 0.0 0 0.0 435.966797 105.996094 542.783203 429.257812 0.0 0.0 0.0 0.0 0.0 0.0 0.0 0.952926
Person 0.0 0 0.0 1294.042969 111.401367 1396.582031 345.541992 0.0 0.0 0.0 0.0 0.0 0.0 0.0 0.955651
Person 0.0 0 0.0 1203.046875 86.879883 1309.453125 341.323242 0.0 0.0 0.0 0.0 0.0 0.0 0.0 0.958226
Person 0.0 0 0.0 1121.308594 37.045898 1207.441406 273.032227 0.0 0.0 0.0 0.0 0.0 0.0 0.0 0.967778
Person 0.0 0 0.0 1368.457031 142.778320 1489.042969 353.715820 0.0 0.0 0.0 0.0 0.0 0.0 0.0 0.971564
