Person 0.0 0 0.0 218.386230 0.000000 247.316895 77.189941 0.0 0.0 0.0 0.0 0.0 0.0 0.0 0.383988
Person 0.0 0 0.0 1465.341797 69.016113 1566.533203 261.101074 0.0 0.0 0.0 0.0 0.0 0.0 0.0 0.385837
Person 0.0 0 0.0 428.583984 0.000000 464.384766 120.893555 0.0 0.0 0.0 0.0 0.0 0.0 0.0 0.413951
Person 0.0 0 0.0 1110.322266 0.065918 1147.177734 86.550293 0.0 0.0 0.0 0.0 0.0 0.0 0.0 0.416797
Person 0.0 0 0.0 1250.156250 60.446777 1344.843750 264.133301 0.0 0.0 0.0 0.0 0.0 0.0 0.0 0.639736
Person 0.0 0 0.0 1050.161133 1.516113 1092.963867 150.358887 0.0 0.0 0.0 0.0 0.0 0.0 0.0 0.668880
Person 0.0 0 0.0 62.753906 0.032959 110.449219 100.162354 0.0 0.0 0.0 0.0 0.0 0.0 0.0 0.707405
Person 0.0 0 0.0 263.510742 0.000000 309.770508 109.687500 0.0 0.0 0.0 0.0 0.0 0.0 0.0 0.713831
Person 0.0 0 0.0 303.969727 0.197754 360.249023 133.417969 0.0 0.0 0.0 0.0 0.0 0.0 0.0 0.819316
Person 0.0 0 0.0 184.863281 0.362549 239.355469 131.077881 0.0 0.0 0.0 0.0 0.0 0.0 0.0 0.844922
Person 0.0 0 0.0 1072.558594 302.958984 1203.691406 689.501953 0.0 0.0 0.0 0.0 0.0 0.0 0.0 0.854885
Person 0.0 0 0.0 1397.988281 74.223633 1467.011719 242.182617 0.0 0.0 0.0 0.0 0.0 0.0 0.0 0.881615
Person 0.0 0 0.0 1252.705078 91.230469 1355.419922 307.441406 0.0 0.0 0.0 0.0 0.0 0.0 0.0 0.923316
Person 0.0 0 0.0 992.226562 430.839844 1132.148438 825.292969 0.0 0.0 0.0 0.0 0.0 0.0 0.0 0.925230
Person 0.0 0 0.0 461.396484 37.045898 546.416016 289.116211 0.0 0.0 0.0 0.0 0.0 0.0 0.0 0.933673
Person 0.0 0 0.0 351.826172 70.400391 442.705078 396.298828 0.0 0.0 0.0 0.0 0.0 0.0 0.0 0.938801
Person 0.0 0 0.0 970.136719 146.733398 1073.613281 469.204102 0.0 0.0 0.0 0.0 0.0 0.0 0.0 0.950041
Person 0.0 0 0.0 705.351562 88.461914 839.648438 377.182617 0.0 0.0 0.0 0.0 0.0 0.0 0.0 0.951142
Person 0.0 0 0.0 891.240234 111.665039 980.947266 427.016602 0.0 0.0 0.0 0.0 0.0 0.0 0.0 0.952220
Person 0.0 0 0.0 434.824219 104.545898 529.863281 416.206055 0.0 0.0 0.0 0.0 0.0 0.0 0.0 0.954308
