Person 0.0 0 0.0 1464.404297 65.126953 1571.220703 270.791016 0.0 0.0 0.0 0.0 0.0 0.0 0.0 0.353094
Person 0.0 0 0.0 168.383789 0.000000 200.991211 88.428955 0.0 0.0 0.0 0.0 0.0 0.0 0.0 0.392337
Person 0.0 0 0.0 1110.878906 0.000000 1146.621094 87.242432 0.0 0.0 0.0 0.0 0.0 0.0 0.0 0.453262
Person 0.0 0 0.0 430.312500 35.727539 515.156250 168.750000 0.0 0.0 0.0 0.0 0.0 0.0 0.0 0.464902
Person 0.0 0 0.0 270.937500 0.000000 316.406250 108.435059 0.0 0.0 0.0 0.0 0.0 0.0 0.0 0.521471
Person 0.0 0 0.0 986.015625 300.058594 1151.484375 673.417969 0.0 0.0 0.0 0.0 0.0 0.0 0.0 0.570810
Person 0.0 0 0.0 356.879883 0.000000 402.026367 80.386963 0.0 0.0 0.0 0.0 0.0 0.0 0.0 0.576542
Person 0.0 0 0.0 1675.136719 297.553711 1786.113281 544.086914 0.0 0.0 0.0 0.0 0.0 0.0 0.0 0.624294
Person 0.0 0 0.0 393.193359 0.000000 449.150391 112.423096 0.0 0.0 0.0 0.0 0.0 0.0 0.0 0.629775
Person 0.0 0 0.0 191.015625 0.230713 238.359375 129.100342 0.0 0.0 0.0 0.0 0.0 0.0 0.0 0.672332
Person 0.0 0 0.0 562.558594 832.939453 796.816406 1072.880859 0.0 0.0 0.0 0.0 0.0 0.0 0.0 0.694303
Person 0.0 0 0.0 453.603516 0.000000 537.333984 164.003906 0.0 0.0 0.0 0.0 0.0 0.0 0.0 0.827828
Person 0.0 0 0.0 1524.404297 184.965820 1634.970703 406.186523 0.0 0.0 0.0 0.0 0.0 0.0 0.0 0.923316
Person 0.0 0 0.0 1397.519531 75.014648 1467.480469 241.391602 0.0 0.0 0.0 0.0 0.0 0.0 0.0 0.924142
Person 0.0 0 0.0 1294.277344 120.366211 1381.347656 380.346680 0.0 0.0 0.0 0.0 0.0 0.0 0.0 0.932453
Person 0.0 0 0.0 972.890625 417.128906 1125.234375 815.800781 0.0 0.0 0.0 0.0 0.0 0.0 0.0 0.943348
Person 0.0 0 0.0 358.183594 68.950195 448.535156 394.848633 0.0 0.0 0.0 0.0 0.0 0.0 0.0 0.947186
Person 0.0 0 0.0 442.792969 104.941406 544.394531 428.730469 0.0 0.0 0.0 0.0 0.0 0.0 0.0 0.957912
Person 0.0 0 0.0 1136.074219 14.040527 1203.925781 231.701660 0.0 0.0 0.0 0.0 0.0 0.0 0.0 0.961244
Person 0.0 0 0.0 1165.693359 63.347168 1269.931641 307.902832 0.0 0.0 0.0 0.0 0.0 0.0 0.0 0.969785
