Person 0.0 0 0.0 1095.527344 0.000000 1120.722656 71.290283 0.0 0.0 0.0 0.0 0.0 0.0 0.0 0.322099
Person 0.0 0 0.0 1136.425781 330.117188 1265.449219 594.843750 0.0 0.0 0.0 0.0 0.0 0.0 0.0 0.334155
Person 0.0 0 0.0 1136.894531 330.512695 1264.980469 521.147461 0.0 0.0 0.0 0.0 0.0 0.0 0.0 0.367497
Person 0.0 0 0.0 1136.308594 329.721680 1263.691406 670.122070 0.0 0.0 0.0 0.0 0.0 0.0 0.0 0.393268
Person 0.0 0 0.0 1112.724609 0.098877 1148.525391 88.297119 0.0 0.0 0.0 0.0 0.0 0.0 0.0 0.447460
Person 0.0 0 0.0 1443.837891 69.543457 1509.287109 214.694824 0.0 0.0 0.0 0.0 0.0 0.0 0.0 0.488283
Person 0.0 0 0.0 108.588867 12.656250 148.520508 150.292969 0.0 0.0 0.0 0.0 0.0 0.0 0.0 0.539954
Person 0.0 0 0.0 0.498047 231.635742 87.392578 533.540039 0.0 0.0 0.0 0.0 0.0 0.0 0.0 0.566978
Person 0.0 0 0.0 229.423828 0.000000 274.482422 111.895752 0.0 0.0 0.0 0.0 0.0 0.0 0.0 0.775265
Person 0.0 0 0.0 174.125977 1.087646 225.014648 133.319092 0.0 0.0 0.0 0.0 0.0 0.0 0.0 0.876634
Person 0.0 0 0.0 930.498047 101.777344 1010.126953 399.990234 0.0 0.0 0.0 0.0 0.0 0.0 0.0 0.933188
Person 0.0 0 0.0 471.621094 34.277344 540.878906 287.666016 0.0 0.0 0.0 0.0 0.0 0.0 0.0 0.937211
Person 0.0 0 0.0 1016.425781 147.128906 1139.824219 461.425781 0.0 0.0 0.0 0.0 0.0 0.0 0.0 0.941654
Person 0.0 0 0.0 1071.679688 409.614258 1258.945312 814.877930 0.0 0.0 0.0 0.0 0.0 0.0 0.0 0.944791
Person 0.0 0 0.0 1221.152344 255.102539 1364.472656 592.866211 0.0 0.0 0.0 0.0 0.0 0.0 0.0 0.946990
Person 0.0 0 0.0 1345.136719 108.500977 1431.738281 339.477539 0.0 0.0 0.0 0.0 0.0 0.0 0.0 0.947769
Person 0.0 0 0.0 1194.785156 12.722168 1278.339844 196.105957 0.0 0.0 0.0 0.0 0.0 0.0 0.0 0.956957
Person 0.0 0 0.0 1123.652344 0.329590 1195.722656 205.202637 0.0 0.0 0.0 0.0 0.0 0.0 0.0 0.964855
Person 0.0 0 0.0 1258.388672 14.897461 1330.986328 201.445312 0.0 0.0 0.0 0.0 0.0 0.0 0.0 0.974629
Person 0.0 0 0.0 1270.488281 54.580078 1367.636719 278.437500 0.0 0.0 0.0 0.0 0.0 0.0 0.0 0.975202
