Person 0.0 0 0.0 177.670898 0.000000 203.657227 87.539062 0.0 0.0 0.0 0.0 0.0 0.0 0.0 0.357568
Person 0.0 0 0.0 217.426758 0.000000 249.916992 100.689697 0.0 0.0 0.0 0.0 0.0 0.0 0.0 0.456167
Person 0.0 0 0.0 1680.087891 295.114746 1758.662109 405.197754 0.0 0.0 0.0 0.0 0.0 0.0 0.0 0.458106
Person 0.0 0 0.0 1111.362305 0.065918 1148.012695 87.473145 0.0 0.0 0.0 0.0 0.0 0.0 0.0 0.460046
Person 0.0 0 0.0 361.728516 0.000000 404.208984 71.092529 0.0 0.0 0.0 0.0 0.0 0.0 0.0 0.464902
Person 0.0 0 0.0 987.128906 295.312500 1152.246094 673.417969 0.0 0.0 0.0 0.0 0.0 0.0 0.0 0.465873
Person 0.0 0 0.0 434.238281 35.595703 516.855469 190.502930 0.0 0.0 0.0 0.0 0.0 0.0 0.0 0.472683
Person 0.0 0 0.0 412.353516 0.098877 468.427734 112.950439 0.0 0.0 0.0 0.0 0.0 0.0 0.0 0.519521
Person 0.0 0 0.0 1463.789062 62.819824 1543.710938 252.004395 0.0 0.0 0.0 0.0 0.0 0.0 0.0 0.537041
Person 0.0 0 0.0 269.663086 0.000000 321.430664 108.929443 0.0 0.0 0.0 0.0 0.0 0.0 0.0 0.546738
Person 0.0 0 0.0 1155.205078 19.709473 1235.419922 226.032715 0.0 0.0 0.0 0.0 0.0 0.0 0.0 0.590779
Person 0.0 0 0.0 191.191406 0.626221 239.824219 130.616455 0.0 0.0 0.0 0.0 0.0 0.0 0.0 0.805020
Person 0.0 0 0.0 479.208984 0.263672 547.353516 189.580078 0.0 0.0 0.0 0.0 0.0 0.0 0.0 0.865224
Person 0.0 0 0.0 1595.126953 184.306641 1682.373047 388.388672 0.0 0.0 0.0 0.0 0.0 0.0 0.0 0.866585
Person 0.0 0 0.0 972.714844 424.643555 1151.660156 816.723633 0.0 0.0 0.0 0.0 0.0 0.0 0.0 0.929440
Person 0.0 0 0.0 1263.105469 147.326660 1358.144531 408.493652 0.0 0.0 0.0 0.0 0.0 0.0 0.0 0.933915
Person 0.0 0 0.0 1397.548828 76.135254 1469.326172 241.589355 0.0 0.0 0.0 0.0 0.0 0.0 0.0 0.934155
Person 0.0 0 0.0 357.158203 67.500000 449.560547 395.507812 0.0 0.0 0.0 0.0 0.0 0.0 0.0 0.937669
Person 0.0 0 0.0 438.544922 105.073242 543.017578 428.334961 0.0 0.0 0.0 0.0 0.0 0.0 0.0 0.953101
Person 0.0 0 0.0 1164.316406 59.721680 1260.058594 303.881836 0.0 0.0 0.0 0.0 0.0 0.0 0.0 0.964722
