Person 0.0 0 0.0 31.274414 0.000000 53.979492 39.550781 0.0 0.0 0.0 0.0 0.0 0.0 0.0 0.301979
Person 0.0 0 0.0 1491.269531 100.722656 1589.355469 275.009766 0.0 0.0 0.0 0.0 0.0 0.0 0.0 0.393268
Person 0.0 0 0.0 1511.162109 61.484985 1550.712891 115.834351 0.0 0.0 0.0 0.0 0.0 0.0 0.0 0.397003
Person 0.0 0 0.0 0.556641 231.767578 86.982422 537.626953 0.0 0.0 0.0 0.0 0.0 0.0 0.0 0.621541
Person 0.0 0 0.0 1697.460938 285.622559 1788.164062 530.178223 0.0 0.0 0.0 0.0 0.0 0.0 0.0 0.731059
Person 0.0 0 0.0 245.170898 0.000000 289.204102 109.226074 0.0 0.0 0.0 0.0 0.0 0.0 0.0 0.805020
Person 0.0 0 0.0 131.440430 1.483154 174.887695 127.584229 0.0 0.0 0.0 0.0 0.0 0.0 0.0 0.835484
Person 0.0 0 0.0 1074.257812 343.828125 1243.242188 696.093750 0.0 0.0 0.0 0.0 0.0 0.0 0.0 0.874507
Person 0.0 0 0.0 1087.778320 0.131836 1145.346680 170.332031 0.0 0.0 0.0 0.0 0.0 0.0 0.0 0.889144
Person 0.0 0 0.0 1421.894531 65.917969 1491.855469 245.478516 0.0 0.0 0.0 0.0 0.0 0.0 0.0 0.910545
Person 0.0 0 0.0 171.430664 0.065918 224.194336 136.252441 0.0 0.0 0.0 0.0 0.0 0.0 0.0 0.919353
Person 0.0 0 0.0 1074.902344 429.916992 1274.472656 814.614258 0.0 0.0 0.0 0.0 0.0 0.0 0.0 0.924959
Person 0.0 0 0.0 1180.429688 45.153809 1268.320312 290.236816 0.0 0.0 0.0 0.0 0.0 0.0 0.0 0.945601
Person 0.0 0 0.0 332.724609 114.433594 433.212891 429.785156 0.0 0.0 0.0 0.0 0.0 0.0 0.0 0.948155
Person 0.0 0 0.0 1026.269531 169.804688 1169.355469 496.757812 0.0 0.0 0.0 0.0 0.0 0.0 0.0 0.948346
Person 0.0 0 0.0 1275.410156 50.031738 1368.339844 259.519043 0.0 0.0 0.0 0.0 0.0 0.0 0.0 0.953101
Person 0.0 0 0.0 823.154297 144.096680 935.595703 473.422852 0.0 0.0 0.0 0.0 0.0 0.0 0.0 0.953794
Person 0.0 0 0.0 965.537109 110.478516 1066.962891 415.810547 0.0 0.0 0.0 0.0 0.0 0.0 0.0 0.954984
Person 0.0 0 0.0 1298.730469 96.503906 1399.394531 334.335938 0.0 0.0 0.0 0.0 0.0 0.0 0.0 0.955651
