Person 0.0 0 0.0 1519.687500 57.019043 1583.437500 197.819824 0.0 0.0 0.0 0.0 0.0 0.0 0.0 0.437824
Person 0.0 0 0.0 1489.453125 93.669434 1585.546875 275.207520 0.0 0.0 0.0 0.0 0.0 0.0 0.0 0.449393
Person 0.0 0 0.0 1108.666992 0.000000 1146.958008 87.868652 0.0 0.0 0.0 0.0 0.0 0.0 0.0 0.495117
Person 0.0 0 0.0 0.468750 225.175781 87.070312 537.363281 0.0 0.0 0.0 0.0 0.0 0.0 0.0 0.569853
Person 0.0 0 0.0 1075.371094 329.326172 1251.503906 695.830078 0.0 0.0 0.0 0.0 0.0 0.0 0.0 0.656658
Person 0.0 0 0.0 1051.186523 0.197754 1099.438477 148.908691 0.0 0.0 0.0 0.0 0.0 0.0 0.0 0.759225
Person 0.0 0 0.0 1577.285156 265.913086 1722.714844 477.114258 0.0 0.0 0.0 0.0 0.0 0.0 0.0 0.796292
Person 0.0 0 0.0 238.007812 0.000000 292.617188 109.193115 0.0 0.0 0.0 0.0 0.0 0.0 0.0 0.814053
Person 0.0 0 0.0 1434.155273 65.852051 1488.969727 219.177246 0.0 0.0 0.0 0.0 0.0 0.0 0.0 0.871912
Person 0.0 0 0.0 129.770508 1.779785 172.807617 124.255371 0.0 0.0 0.0 0.0 0.0 0.0 0.0 0.907967
Person 0.0 0 0.0 1074.433594 425.039062 1276.816406 814.218750 0.0 0.0 0.0 0.0 0.0 0.0 0.0 0.917598
Person 0.0 0 0.0 1617.744141 169.277344 1716.005859 371.250000 0.0 0.0 0.0 0.0 0.0 0.0 0.0 0.917893
Person 0.0 0 0.0 349.394531 118.916016 447.480469 430.048828 0.0 0.0 0.0 0.0 0.0 0.0 0.0 0.937440
Person 0.0 0 0.0 171.928711 0.065918 223.696289 136.252441 0.0 0.0 0.0 0.0 0.0 0.0 0.0 0.942507
Person 0.0 0 0.0 1153.505859 36.650391 1238.994141 291.093750 0.0 0.0 0.0 0.0 0.0 0.0 0.0 0.953275
Person 0.0 0 0.0 1001.923828 164.794922 1105.576172 490.166016 0.0 0.0 0.0 0.0 0.0 0.0 0.0 0.959154
Person 0.0 0 0.0 1265.009766 37.770996 1335.615234 258.332520 0.0 0.0 0.0 0.0 0.0 0.0 0.0 0.964722
Person 0.0 0 0.0 928.886719 109.028320 1028.613281 420.688477 0.0 0.0 0.0 0.0 0.0 0.0 0.0 0.965900
Person 0.0 0 0.0 831.328125 164.135742 945.234375 502.426758 0.0 0.0 0.0 0.0 0.0 0.0 0.0 0.966283
Person 0.0 0 0.0 1291.406250 89.318848 1389.843750 319.108887 0.0 0.0 0.0 0.0 0.0 0.0 0.0 0.967899
