Person 0.0 0 0.0 1315.561523 60.644531 1365.688477 153.061523 0.0 0.0 0.0 0.0 0.0 0.0 0.0 0.320396
Person 0.0 0 0.0 426.049805 0.000000 466.918945 96.734619 0.0 0.0 0.0 0.0 0.0 0.0 0.0 0.358465
Person 0.0 0 0.0 1306.699219 60.512695 1367.050781 271.977539 0.0 0.0 0.0 0.0 0.0 0.0 0.0 0.365683
Person 0.0 0 0.0 1110.175781 0.000000 1147.324219 87.967529 0.0 0.0 0.0 0.0 0.0 0.0 0.0 0.431105
Person 0.0 0 0.0 1463.671875 65.522461 1541.953125 258.530273 0.0 0.0 0.0 0.0 0.0 0.0 0.0 0.534127
Person 0.0 0 0.0 229.160156 0.000000 270.996094 84.407959 0.0 0.0 0.0 0.0 0.0 0.0 0.0 0.583203
Person 0.0 0 0.0 464.018555 0.000000 514.731445 120.366211 0.0 0.0 0.0 0.0 0.0 0.0 0.0 0.589835
Person 0.0 0 0.0 437.929688 37.441406 538.007812 287.402344 0.0 0.0 0.0 0.0 0.0 0.0 0.0 0.609524
Person 0.0 0 0.0 268.007812 0.032959 320.273438 107.281494 0.0 0.0 0.0 0.0 0.0 0.0 0.0 0.662796
Person 0.0 0 0.0 1254.199219 86.418457 1344.550781 307.507324 0.0 0.0 0.0 0.0 0.0 0.0 0.0 0.690142
Person 0.0 0 0.0 384.580078 0.000000 440.419922 112.719727 0.0 0.0 0.0 0.0 0.0 0.0 0.0 0.776623
Person 0.0 0 0.0 0.454102 25.180664 46.186523 174.023438 0.0 0.0 0.0 0.0 0.0 0.0 0.0 0.780662
Person 0.0 0 0.0 187.895508 0.296631 237.729492 132.593994 0.0 0.0 0.0 0.0 0.0 0.0 0.0 0.869271
Person 0.0 0 0.0 951.621094 425.698242 1099.628906 819.887695 0.0 0.0 0.0 0.0 0.0 0.0 0.0 0.902610
Person 0.0 0 0.0 885.029297 120.366211 961.845703 426.489258 0.0 0.0 0.0 0.0 0.0 0.0 0.0 0.921922
Person 0.0 0 0.0 1122.304688 101.381836 1193.320312 390.366211 0.0 0.0 0.0 0.0 0.0 0.0 0.0 0.931213
Person 0.0 0 0.0 1038.222656 292.412109 1163.027344 671.044922 0.0 0.0 0.0 0.0 0.0 0.0 0.0 0.938576
Person 0.0 0 0.0 441.093750 106.787109 545.156250 430.312500 0.0 0.0 0.0 0.0 0.0 0.0 0.0 0.943348
Person 0.0 0 0.0 1396.523438 76.662598 1466.601562 241.853027 0.0 0.0 0.0 0.0 0.0 0.0 0.0 0.944587
Person 0.0 0 0.0 357.070312 68.291016 447.773438 394.453125 0.0 0.0 0.0 0.0 0.0 0.0 0.0 0.961244
