Person 0.0 0 0.0 177.509766 0.000000 207.802734 58.123169 0.0 0.0 0.0 0.0 0.0 0.0 0.0 0.306527
Person 0.0 0 0.0 1096.003418 0.000000 1120.246582 71.422119 0.0 0.0 0.0 0.0 0.0 0.0 0.0 0.324663
Person 0.0 0 0.0 471.782227 37.639160 512.592773 238.952637 0.0 0.0 0.0 0.0 0.0 0.0 0.0 0.383988
Person 0.0 0 0.0 472.470703 38.034668 562.529297 257.805176 0.0 0.0 0.0 0.0 0.0 0.0 0.0 0.442636
Person 0.0 0 0.0 1431.884766 80.551758 1491.240234 227.944336 0.0 0.0 0.0 0.0 0.0 0.0 0.0 0.452294
Person 0.0 0 0.0 1111.684570 0.000000 1147.690430 86.385498 0.0 0.0 0.0 0.0 0.0 0.0 0.0 0.517571
Person 0.0 0 0.0 1206.650391 1.516113 1283.349609 179.099121 0.0 0.0 0.0 0.0 0.0 0.0 0.0 0.684264
Person 0.0 0 0.0 1148.964844 324.580078 1275.410156 678.427734 0.0 0.0 0.0 0.0 0.0 0.0 0.0 0.731059
Person 0.0 0 0.0 199.321289 0.000000 254.428711 119.179688 0.0 0.0 0.0 0.0 0.0 0.0 0.0 0.863392
Person 0.0 0 0.0 1035.000000 91.889648 1119.375000 380.874023 0.0 0.0 0.0 0.0 0.0 0.0 0.0 0.883236
Person 0.0 0 0.0 137.109375 4.680176 180.468750 162.751465 0.0 0.0 0.0 0.0 0.0 0.0 0.0 0.884838
Person 0.0 0 0.0 1511.542969 345.541992 1677.832031 669.067383 0.0 0.0 0.0 0.0 0.0 0.0 0.0 0.916708
Person 0.0 0 0.0 244.716797 0.065918 321.533203 223.659668 0.0 0.0 0.0 0.0 0.0 0.0 0.0 0.924688
Person 0.0 0 0.0 469.101562 56.953125 559.335938 333.544922 0.0 0.0 0.0 0.0 0.0 0.0 0.0 0.926570
Person 0.0 0 0.0 1073.847656 422.534180 1247.402344 814.614258 0.0 0.0 0.0 0.0 0.0 0.0 0.0 0.942295
Person 0.0 0 0.0 1268.232422 18.654785 1347.392578 207.048340 0.0 0.0 0.0 0.0 0.0 0.0 0.0 0.953101
Person 0.0 0 0.0 1054.394531 126.035156 1159.980469 432.949219 0.0 0.0 0.0 0.0 0.0 0.0 0.0 0.958382
Person 0.0 0 0.0 1293.076172 43.967285 1380.673828 261.628418 0.0 0.0 0.0 0.0 0.0 0.0 0.0 0.967778
Person 0.0 0 0.0 1188.662109 14.172363 1299.462891 228.273926 0.0 0.0 0.0 0.0 0.0 0.0 0.0 0.970013
