Person 0.0 0 0.0 1000.371094 298.872070 1152.128906 678.295898 0.0 0.0 0.0 0.0 0.0 0.0 0.0 0.351311
Person 0.0 0 0.0 178.674316 0.065918 204.060059 87.473145 0.0 0.0 0.0 0.0 0.0 0.0 0.0 0.359364
Person 0.0 0 0.0 1585.488281 273.229980 1729.511719 486.145020 0.0 0.0 0.0 0.0 0.0 0.0 0.0 0.400749
Person 0.0 0 0.0 1170.322266 26.630859 1237.177734 213.178711 0.0 0.0 0.0 0.0 0.0 0.0 0.0 0.435902
Person 0.0 0 0.0 667.851562 962.830811 904.335938 1075.880127 0.0 0.0 0.0 0.0 0.0 0.0 0.0 0.445530
Person 0.0 0 0.0 362.065430 0.000000 403.403320 70.828857 0.0 0.0 0.0 0.0 0.0 0.0 0.0 0.453262
Person 0.0 0 0.0 1111.406250 0.065918 1147.968750 87.341309 0.0 0.0 0.0 0.0 0.0 0.0 0.0 0.473657
Person 0.0 0 0.0 218.305664 0.000000 250.913086 100.228271 0.0 0.0 0.0 0.0 0.0 0.0 0.0 0.494141
Person 0.0 0 0.0 437.812500 37.309570 523.125000 288.588867 0.0 0.0 0.0 0.0 0.0 0.0 0.0 0.505859
Person 0.0 0 0.0 422.753906 0.000000 469.277344 111.005859 0.0 0.0 0.0 0.0 0.0 0.0 0.0 0.528290
Person 0.0 0 0.0 1464.433594 62.753906 1544.941406 252.070312 0.0 0.0 0.0 0.0 0.0 0.0 0.0 0.536070
Person 0.0 0 0.0 271.479492 0.000000 321.020508 108.830566 0.0 0.0 0.0 0.0 0.0 0.0 0.0 0.537041
Person 0.0 0 0.0 478.593750 0.000000 544.218750 185.163574 0.0 0.0 0.0 0.0 0.0 0.0 0.0 0.765593
Person 0.0 0 0.0 190.810547 0.692139 237.158203 130.550537 0.0 0.0 0.0 0.0 0.0 0.0 0.0 0.782662
Person 0.0 0 0.0 1396.728516 74.948730 1468.271484 241.457520 0.0 0.0 0.0 0.0 0.0 0.0 0.0 0.904987
Person 0.0 0 0.0 1262.753906 152.863770 1369.746094 418.776855 0.0 0.0 0.0 0.0 0.0 0.0 0.0 0.933915
Person 0.0 0 0.0 357.392578 68.422852 445.107422 395.375977 0.0 0.0 0.0 0.0 0.0 0.0 0.0 0.937897
Person 0.0 0 0.0 439.218750 102.041016 543.281250 428.994141 0.0 0.0 0.0 0.0 0.0 0.0 0.0 0.941439
Person 0.0 0 0.0 1595.859375 180.417480 1687.265625 381.203613 0.0 0.0 0.0 0.0 0.0 0.0 0.0 0.943556
Person 0.0 0 0.0 1164.257812 58.469238 1258.242188 303.815918 0.0 0.0 0.0 0.0 0.0 0.0 0.0 0.968856
