Person 0.0 0 0.0 481.215820 0.000000 526.596680 86.352539 0.0 0.0 0.0 0.0 0.0 0.0 0.0 0.302391
Person 0.0 0 0.0 1319.414062 60.710449 1363.710938 149.699707 0.0 0.0 0.0 0.0 0.0 0.0 0.0 0.396068
Person 0.0 0 0.0 1110.498047 0.000000 1147.001953 86.781006 0.0 0.0 0.0 0.0 0.0 0.0 0.0 0.450359
Person 0.0 0 0.0 481.757812 0.000000 538.242188 127.155762 0.0 0.0 0.0 0.0 0.0 0.0 0.0 0.452294
Person 0.0 0 0.0 225.483398 0.000000 269.516602 87.077637 0.0 0.0 0.0 0.0 0.0 0.0 0.0 0.513668
Person 0.0 0 0.0 1463.378906 63.149414 1540.371094 257.211914 0.0 0.0 0.0 0.0 0.0 0.0 0.0 0.668880
Person 0.0 0 0.0 526.083984 0.000000 580.166016 143.305664 0.0 0.0 0.0 0.0 0.0 0.0 0.0 0.670608
Person 0.0 0 0.0 268.754883 0.000000 318.120117 109.193115 0.0 0.0 0.0 0.0 0.0 0.0 0.0 0.709824
Person 0.0 0 0.0 426.328125 0.000000 483.046875 132.198486 0.0 0.0 0.0 0.0 0.0 0.0 0.0 0.773216
Person 0.0 0 0.0 185.375977 0.395508 232.983398 129.133301 0.0 0.0 0.0 0.0 0.0 0.0 0.0 0.788583
Person 0.0 0 0.0 1047.480469 292.016602 1176.269531 676.713867 0.0 0.0 0.0 0.0 0.0 0.0 0.0 0.823328
Person 0.0 0 0.0 1252.792969 87.604980 1347.832031 307.375488 0.0 0.0 0.0 0.0 0.0 0.0 0.0 0.826151
Person 0.0 0 0.0 882.626953 119.443359 962.373047 426.357422 0.0 0.0 0.0 0.0 0.0 0.0 0.0 0.910545
Person 0.0 0 0.0 1031.044922 131.176758 1125.205078 444.682617 0.0 0.0 0.0 0.0 0.0 0.0 0.0 0.911495
Person 0.0 0 0.0 1396.728516 75.410156 1466.396484 241.787109 0.0 0.0 0.0 0.0 0.0 0.0 0.0 0.925230
Person 0.0 0 0.0 7.031250 65.983887 81.035156 258.332520 0.0 0.0 0.0 0.0 0.0 0.0 0.0 0.936285
Person 0.0 0 0.0 464.794922 39.287109 543.955078 291.357422 0.0 0.0 0.0 0.0 0.0 0.0 0.0 0.938576
Person 0.0 0 0.0 978.046875 420.556641 1142.578125 819.755859 0.0 0.0 0.0 0.0 0.0 0.0 0.0 0.941868
Person 0.0 0 0.0 355.429688 68.291016 450.820312 394.716797 0.0 0.0 0.0 0.0 0.0 0.0 0.0 0.954478
Person 0.0 0 0.0 448.740234 107.050781 545.009766 428.730469 0.0 0.0 0.0 0.0 0.0 0.0 0.0 0.960805
