Person 0.0 0 0.0 1493.173828 100.920410 1593.076172 274.284668 0.0 0.0 0.0 0.0 0.0 0.0 0.0 0.389547
Person 0.0 0 0.0 233.188477 0.065918 266.030273 68.093262 0.0 0.0 0.0 0.0 0.0 0.0 0.0 0.434941
Person 0.0 0 0.0 1111.142578 0.065918 1146.357422 87.143555 0.0 0.0 0.0 0.0 0.0 0.0 0.0 0.478529
Person 0.0 0 0.0 252.392578 0.000000 304.951172 109.588623 0.0 0.0 0.0 0.0 0.0 0.0 0.0 0.694303
Person 0.0 0 0.0 67.529297 0.000000 113.525391 102.139893 0.0 0.0 0.0 0.0 0.0 0.0 0.0 0.695958
Person 0.0 0 0.0 1462.382812 64.731445 1541.367188 256.420898 0.0 0.0 0.0 0.0 0.0 0.0 0.0 0.768386
Person 0.0 0 0.0 1055.332031 3.032227 1097.167969 189.843750 0.0 0.0 0.0 0.0 0.0 0.0 0.0 0.843895
Person 0.0 0 0.0 183.515625 0.659180 233.437500 131.506348 0.0 0.0 0.0 0.0 0.0 0.0 0.0 0.874935
Person 0.0 0 0.0 1194.726562 495.175781 1394.648438 861.152344 0.0 0.0 0.0 0.0 0.0 0.0 0.0 0.882428
Person 0.0 0 0.0 1019.355469 218.847656 1166.894531 572.167969 0.0 0.0 0.0 0.0 0.0 0.0 0.0 0.889529
Person 0.0 0 0.0 744.550781 186.284180 867.949219 549.887695 0.0 0.0 0.0 0.0 0.0 0.0 0.0 0.894789
Person 0.0 0 0.0 1073.789062 489.506836 1245.585938 814.086914 0.0 0.0 0.0 0.0 0.0 0.0 0.0 0.927363
Person 0.0 0 0.0 1396.728516 76.728516 1466.396484 241.787109 0.0 0.0 0.0 0.0 0.0 0.0 0.0 0.936518
Person 0.0 0 0.0 1070.156250 282.260742 1219.218750 660.629883 0.0 0.0 0.0 0.0 0.0 0.0 0.0 0.936749
Person 0.0 0 0.0 328.300781 76.728516 424.042969 410.537109 0.0 0.0 0.0 0.0 0.0 0.0 0.0 0.937897
Person 0.0 0 0.0 966.357422 150.556641 1064.267578 490.166016 0.0 0.0 0.0 0.0 0.0 0.0 0.0 0.947186
Person 0.0 0 0.0 418.945312 99.799805 506.835938 419.633789 0.0 0.0 0.0 0.0 0.0 0.0 0.0 0.951323
Person 0.0 0 0.0 1155.996094 0.000000 1227.128906 197.160645 0.0 0.0 0.0 0.0 0.0 0.0 0.0 0.955817
Person 0.0 0 0.0 861.533203 112.719727 966.591797 419.897461 0.0 0.0 0.0 0.0 0.0 0.0 0.0 0.958070
Person 0.0 0 0.0 1175.771484 33.090820 1250.478516 247.983398 0.0 0.0 0.0 0.0 0.0 0.0 0.0 0.966789
