Person 0.0 0 0.0 1441.259766 65.917969 1483.740234 224.648438 0.0 0.0 0.0 0.0 0.0 0.0 0.0 0.318697
Person 0.0 0 0.0 1465.488281 64.731445 1538.261719 258.266602 0.0 0.0 0.0 0.0 0.0 0.0 0.0 0.349977
Person 0.0 0 0.0 1512.202148 61.369629 1551.547852 119.245605 0.0 0.0 0.0 0.0 0.0 0.0 0.0 0.367497
Person 0.0 0 0.0 1491.386719 100.788574 1591.113281 275.207520 0.0 0.0 0.0 0.0 0.0 0.0 0.0 0.414899
Person 0.0 0 0.0 0.410156 231.767578 87.304688 537.626953 0.0 0.0 0.0 0.0 0.0 0.0 0.0 0.607663
Person 0.0 0 0.0 131.162109 1.120605 174.697266 127.683105 0.0 0.0 0.0 0.0 0.0 0.0 0.0 0.620622
Person 0.0 0 0.0 1694.091797 268.747559 1782.158203 509.611816 0.0 0.0 0.0 0.0 0.0 0.0 0.0 0.748352
Person 0.0 0 0.0 236.015625 0.000000 288.984375 109.687500 0.0 0.0 0.0 0.0 0.0 0.0 0.0 0.766992
Person 0.0 0 0.0 1382.226562 64.533691 1479.023438 245.544434 0.0 0.0 0.0 0.0 0.0 0.0 0.0 0.769773
Person 0.0 0 0.0 1074.375000 343.300781 1243.125000 696.621094 0.0 0.0 0.0 0.0 0.0 0.0 0.0 0.863392
Person 0.0 0 0.0 1088.891602 0.000000 1144.233398 164.663086 0.0 0.0 0.0 0.0 0.0 0.0 0.0 0.867036
Person 0.0 0 0.0 171.079102 0.000000 223.842773 136.120605 0.0 0.0 0.0 0.0 0.0 0.0 0.0 0.898767
Person 0.0 0 0.0 1074.257812 430.048828 1271.367188 814.482422 0.0 0.0 0.0 0.0 0.0 0.0 0.0 0.921922
Person 0.0 0 0.0 332.490234 115.488281 432.978516 430.312500 0.0 0.0 0.0 0.0 0.0 0.0 0.0 0.949295
Person 0.0 0 0.0 1180.019531 46.735840 1268.730469 290.764160 0.0 0.0 0.0 0.0 0.0 0.0 0.0 0.953794
Person 0.0 0 0.0 830.097656 147.656250 954.902344 471.445312 0.0 0.0 0.0 0.0 0.0 0.0 0.0 0.956145
Person 0.0 0 0.0 959.853516 107.050781 1055.771484 416.074219 0.0 0.0 0.0 0.0 0.0 0.0 0.0 0.957118
Person 0.0 0 0.0 1299.111328 96.503906 1400.888672 334.335938 0.0 0.0 0.0 0.0 0.0 0.0 0.0 0.962250
Person 0.0 0 0.0 1275.234375 50.756836 1368.515625 259.584961 0.0 0.0 0.0 0.0 0.0 0.0 0.0 0.962673
