Person 0.0 0 0.0 332.343750 0.000000 364.218750 82.792969 0.0 0.0 0.0 0.0 0.0 0.0 0.0 0.336767
Person 0.0 0 0.0 1470.292969 70.993652 1578.457031 265.715332 0.0 0.0 0.0 0.0 0.0 0.0 0.0 0.379378
Person 0.0 0 0.0 259.438477 4.416504 317.124023 148.776855 0.0 0.0 0.0 0.0 0.0 0.0 0.0 0.464902
Person 0.0 0 0.0 479.414062 0.000000 528.398438 107.644043 0.0 0.0 0.0 0.0 0.0 0.0 0.0 0.621541
Person 0.0 0 0.0 352.778320 0.000000 410.346680 118.322754 0.0 0.0 0.0 0.0 0.0 0.0 0.0 0.677474
Person 0.0 0 0.0 425.888672 0.000000 490.517578 109.588623 0.0 0.0 0.0 0.0 0.0 0.0 0.0 0.741674
Person 0.0 0 0.0 186.591797 0.000000 240.673828 132.231445 0.0 0.0 0.0 0.0 0.0 0.0 0.0 0.766992
Person 0.0 0 0.0 1082.050781 288.193359 1214.824219 606.181641 0.0 0.0 0.0 0.0 0.0 0.0 0.0 0.871912
Person 0.0 0 0.0 1405.957031 75.937500 1468.417969 242.578125 0.0 0.0 0.0 0.0 0.0 0.0 0.0 0.911180
Person 0.0 0 0.0 264.931641 46.076660 358.037109 277.448730 0.0 0.0 0.0 0.0 0.0 0.0 0.0 0.923316
Person 0.0 0 0.0 1088.261719 94.790039 1199.238281 361.889648 0.0 0.0 0.0 0.0 0.0 0.0 0.0 0.925500
Person 0.0 0 0.0 436.113281 101.909180 544.511719 430.971680 0.0 0.0 0.0 0.0 0.0 0.0 0.0 0.931463
Person 0.0 0 0.0 353.320312 68.818359 443.554688 394.453125 0.0 0.0 0.0 0.0 0.0 0.0 0.0 0.938350
Person 0.0 0 0.0 1090.839844 2.307129 1151.660156 188.854980 0.0 0.0 0.0 0.0 0.0 0.0 0.0 0.941223
Person 0.0 0 0.0 1313.056641 132.890625 1416.943359 386.015625 0.0 0.0 0.0 0.0 0.0 0.0 0.0 0.948917
Person 0.0 0 0.0 1270.576172 66.906738 1358.173828 288.259277 0.0 0.0 0.0 0.0 0.0 0.0 0.0 0.957437
Person 0.0 0 0.0 973.652344 99.667969 1083.222656 399.462891 0.0 0.0 0.0 0.0 0.0 0.0 0.0 0.958382
