Person 0.0 0 0.0 1306.640625 58.403320 1363.359375 270.922852 0.0 0.0 0.0 0.0 0.0 0.0 0.0 0.332852
Person 0.0 0 0.0 1312.338867 58.634033 1361.411133 155.072021 0.0 0.0 0.0 0.0 0.0 0.0 0.0 0.354433
Person 0.0 0 0.0 436.142578 35.595703 535.107422 284.238281 0.0 0.0 0.0 0.0 0.0 0.0 0.0 0.407333
Person 0.0 0 0.0 1109.531250 0.065918 1147.968750 87.473145 0.0 0.0 0.0 0.0 0.0 0.0 0.0 0.415847
Person 0.0 0 0.0 435.732422 35.628662 504.111328 156.851807 0.0 0.0 0.0 0.0 0.0 0.0 0.0 0.423458
Person 0.0 0 0.0 1465.693359 67.104492 1547.431641 262.749023 0.0 0.0 0.0 0.0 0.0 0.0 0.0 0.466846
Person 0.0 0 0.0 462.861328 0.000000 513.076172 110.511475 0.0 0.0 0.0 0.0 0.0 0.0 0.0 0.491212
Person 0.0 0 0.0 227.607422 0.000000 268.798828 87.011719 0.0 0.0 0.0 0.0 0.0 0.0 0.0 0.563138
Person 0.0 0 0.0 1255.371094 88.659668 1345.253906 307.639160 0.0 0.0 0.0 0.0 0.0 0.0 0.0 0.714628
Person 0.0 0 0.0 408.837891 0.000000 451.318359 113.939209 0.0 0.0 0.0 0.0 0.0 0.0 0.0 0.736401
Person 0.0 0 0.0 268.828125 0.000000 314.296875 108.731689 0.0 0.0 0.0 0.0 0.0 0.0 0.0 0.783326
Person 0.0 0 0.0 0.747070 35.793457 52.016602 207.048340 0.0 0.0 0.0 0.0 0.0 0.0 0.0 0.873215
Person 0.0 0 0.0 187.177734 0.494385 238.447266 131.934814 0.0 0.0 0.0 0.0 0.0 0.0 0.0 0.895523
Person 0.0 0 0.0 882.539062 119.443359 961.523438 426.357422 0.0 0.0 0.0 0.0 0.0 0.0 0.0 0.923039
Person 0.0 0 0.0 975.234375 396.562500 1098.515625 818.437500 0.0 0.0 0.0 0.0 0.0 0.0 0.0 0.927363
Person 0.0 0 0.0 1140.820312 135.527344 1232.929688 413.437500 0.0 0.0 0.0 0.0 0.0 0.0 0.0 0.945801
Person 0.0 0 0.0 1397.343750 76.530762 1467.656250 241.984863 0.0 0.0 0.0 0.0 0.0 0.0 0.0 0.946001
Person 0.0 0 0.0 356.455078 70.136719 450.263672 396.035156 0.0 0.0 0.0 0.0 0.0 0.0 0.0 0.952750
Person 0.0 0 0.0 445.224609 105.336914 544.775391 430.708008 0.0 0.0 0.0 0.0 0.0 0.0 0.0 0.954308
Person 0.0 0 0.0 1058.466797 292.412109 1169.033203 669.462891 0.0 0.0 0.0 0.0 0.0 0.0 0.0 0.960063
