Person 0.0 0 0.0 1492.968750 100.458984 1591.406250 274.218750 0.0 0.0 0.0 0.0 0.0 0.0 0.0 0.302391
Person 0.0 0 0.0 1462.587891 64.204102 1541.162109 255.366211 0.0 0.0 0.0 0.0 0.0 0.0 0.0 0.627038
Person 0.0 0 0.0 1028.789062 293.862305 1198.710938 692.270508 0.0 0.0 0.0 0.0 0.0 0.0 0.0 0.683419
Person 0.0 0 0.0 39.982910 0.230713 69.821777 123.958740 0.0 0.0 0.0 0.0 0.0 0.0 0.0 0.692642
Person 0.0 0 0.0 412.822266 0.000000 466.083984 125.046387 0.0 0.0 0.0 0.0 0.0 0.0 0.0 0.742422
Person 0.0 0 0.0 58.139648 1.713867 99.243164 127.617188 0.0 0.0 0.0 0.0 0.0 0.0 0.0 0.840783
Person 0.0 0 0.0 965.507812 150.820312 1055.742188 469.335938 0.0 0.0 0.0 0.0 0.0 0.0 0.0 0.903635
Person 0.0 0 0.0 182.651367 0.395508 235.004883 132.033691 0.0 0.0 0.0 0.0 0.0 0.0 0.0 0.903975
Person 0.0 0 0.0 1279.570312 283.842773 1433.554688 597.875977 0.0 0.0 0.0 0.0 0.0 0.0 0.0 0.904987
Person 0.0 0 0.0 1068.105469 422.534180 1221.269531 823.051758 0.0 0.0 0.0 0.0 0.0 0.0 0.0 0.915205
Person 0.0 0 0.0 721.230469 240.073242 853.769531 611.586914 0.0 0.0 0.0 0.0 0.0 0.0 0.0 0.924142
Person 0.0 0 0.0 1156.230469 0.000000 1225.019531 194.853516 0.0 0.0 0.0 0.0 0.0 0.0 0.0 0.926570
Person 0.0 0 0.0 1397.636719 74.553223 1465.488281 241.853027 0.0 0.0 0.0 0.0 0.0 0.0 0.0 0.943971
Person 0.0 0 0.0 315.058594 78.574219 440.097656 395.244141 0.0 0.0 0.0 0.0 0.0 0.0 0.0 0.946200
Person 0.0 0 0.0 452.666016 102.304688 543.896484 430.576172 0.0 0.0 0.0 0.0 0.0 0.0 0.0 0.959001
Person 0.0 0 0.0 1007.402344 187.338867 1116.972656 529.321289 0.0 0.0 0.0 0.0 0.0 0.0 0.0 0.960805
Person 0.0 0 0.0 1063.388672 0.000000 1134.111328 189.382324 0.0 0.0 0.0 0.0 0.0 0.0 0.0 0.961098
Person 0.0 0 0.0 867.568359 112.324219 968.056641 426.884766 0.0 0.0 0.0 0.0 0.0 0.0 0.0 0.962533
