Person 0.0 0 0.0 1494.345703 99.008789 1591.904297 274.086914 0.0 0.0 0.0 0.0 0.0 0.0 0.0 0.346873
Person 0.0 0 0.0 1108.110352 0.000000 1147.514648 86.517334 0.0 0.0 0.0 0.0 0.0 0.0 0.0 0.446495
Person 0.0 0 0.0 1460.917969 67.038574 1529.707031 255.695801 0.0 0.0 0.0 0.0 0.0 0.0 0.0 0.515620
Person 0.0 0 0.0 215.097656 0.000000 248.964844 76.695557 0.0 0.0 0.0 0.0 0.0 0.0 0.0 0.517571
Person 0.0 0 0.0 1198.125000 228.735352 1340.625000 661.420898 0.0 0.0 0.0 0.0 0.0 0.0 0.0 0.560253
Person 0.0 0 0.0 1205.654297 1.516113 1280.595703 179.626465 0.0 0.0 0.0 0.0 0.0 0.0 0.0 0.700895
Person 0.0 0 0.0 1156.669922 318.779297 1273.330078 662.607422 0.0 0.0 0.0 0.0 0.0 0.0 0.0 0.727975
Person 0.0 0 0.0 134.208984 3.295898 181.728516 161.499023 0.0 0.0 0.0 0.0 0.0 0.0 0.0 0.812272
Person 0.0 0 0.0 1033.681641 91.230469 1118.818359 383.378906 0.0 0.0 0.0 0.0 0.0 0.0 0.0 0.909907
Person 0.0 0 0.0 225.673828 29.069824 303.076172 297.619629 0.0 0.0 0.0 0.0 0.0 0.0 0.0 0.927888
Person 0.0 0 0.0 602.255859 109.160156 702.744141 430.312500 0.0 0.0 0.0 0.0 0.0 0.0 0.0 0.930458
Person 0.0 0 0.0 1073.789062 418.447266 1238.085938 814.482422 0.0 0.0 0.0 0.0 0.0 0.0 0.0 0.933915
Person 0.0 0 0.0 475.722656 29.135742 554.589844 246.401367 0.0 0.0 0.0 0.0 0.0 0.0 0.0 0.936981
Person 0.0 0 0.0 1268.642578 18.720703 1348.857422 205.400391 0.0 0.0 0.0 0.0 0.0 0.0 0.0 0.952220
Person 0.0 0 0.0 1188.896484 13.776855 1301.103516 227.746582 0.0 0.0 0.0 0.0 0.0 0.0 0.0 0.962813
Person 0.0 0 0.0 1353.369141 79.892578 1451.630859 283.183594 0.0 0.0 0.0 0.0 0.0 0.0 0.0 0.964589
Person 0.0 0 0.0 1058.261719 130.385742 1169.238281 434.926758 0.0 0.0 0.0 0.0 0.0 0.0 0.0 0.965512
Person 0.0 0 0.0 1309.804688 44.099121 1380.820312 260.178223 0.0 0.0 0.0 0.0 0.0 0.0 0.0 0.971129
