Person 0.0 0 0.0 166.845703 0.000000 194.794922 84.111328 0.0 0.0 0.0 0.0 0.0 0.0 0.0 0.345105
Person 0.0 0 0.0 1126.230469 315.812988 1258.769531 546.921387 0.0 0.0 0.0 0.0 0.0 0.0 0.0 0.350866
Person 0.0 0 0.0 1105.781250 314.560547 1256.718750 676.845703 0.0 0.0 0.0 0.0 0.0 0.0 0.0 0.353540
Person 0.0 0 0.0 1110.498047 0.000000 1147.001953 88.132324 0.0 0.0 0.0 0.0 0.0 0.0 0.0 0.446495
Person 0.0 0 0.0 328.476562 78.706055 426.210938 411.196289 0.0 0.0 0.0 0.0 0.0 0.0 0.0 0.598312
Person 0.0 0 0.0 260.024414 0.000000 303.881836 104.776611 0.0 0.0 0.0 0.0 0.0 0.0 0.0 0.613237
Person 0.0 0 0.0 110.083008 0.000000 145.151367 98.942871 0.0 0.0 0.0 0.0 0.0 0.0 0.0 0.620622
Person 0.0 0 0.0 435.249023 0.000000 481.157227 102.897949 0.0 0.0 0.0 0.0 0.0 0.0 0.0 0.668880
Person 0.0 0 0.0 66.826172 0.000000 111.884766 100.755615 0.0 0.0 0.0 0.0 0.0 0.0 0.0 0.693473
Person 0.0 0 0.0 184.614258 0.164795 234.448242 131.802979 0.0 0.0 0.0 0.0 0.0 0.0 0.0 0.798187
Person 0.0 0 0.0 1230.996094 467.885742 1442.753906 827.270508 0.0 0.0 0.0 0.0 0.0 0.0 0.0 0.848471
Person 0.0 0 0.0 1398.193359 76.003418 1466.806641 241.721191 0.0 0.0 0.0 0.0 0.0 0.0 0.0 0.858719
Person 0.0 0 0.0 1074.257812 423.325195 1245.117188 814.877930 0.0 0.0 0.0 0.0 0.0 0.0 0.0 0.917006
Person 0.0 0 0.0 339.023438 139.614258 474.726562 469.995117 0.0 0.0 0.0 0.0 0.0 0.0 0.0 0.926304
Person 0.0 0 0.0 760.722656 163.740234 851.777344 517.587891 0.0 0.0 0.0 0.0 0.0 0.0 0.0 0.938350
Person 0.0 0 0.0 943.886719 169.541016 1054.863281 500.712891 0.0 0.0 0.0 0.0 0.0 0.0 0.0 0.941654
Person 0.0 0 0.0 1197.949219 9.096680 1262.050781 214.233398 0.0 0.0 0.0 0.0 0.0 0.0 0.0 0.942295
Person 0.0 0 0.0 874.716797 113.378906 985.283203 424.248047 0.0 0.0 0.0 0.0 0.0 0.0 0.0 0.960805
Person 0.0 0 0.0 1288.857422 111.730957 1394.267578 380.280762 0.0 0.0 0.0 0.0 0.0 0.0 0.0 0.963231
Person 0.0 0 0.0 1133.964844 19.577637 1221.035156 260.705566 0.0 0.0 0.0 0.0 0.0 0.0 0.0 0.968141
