Person 0.0 0 0.0 303.398438 0.000000 338.320312 64.352417 0.0 0.0 0.0 0.0 0.0 0.0 0.0 0.505859
Person 0.0 0 0.0 206.879883 0.000000 252.026367 94.559326 0.0 0.0 0.0 0.0 0.0 0.0 0.0 0.623377
Person 0.0 0 0.0 102.363281 0.098877 141.386719 102.139893 0.0 0.0 0.0 0.0 0.0 0.0 0.0 0.692642
Person 0.0 0 0.0 1057.177734 0.065918 1100.947266 112.126465 0.0 0.0 0.0 0.0 0.0 0.0 0.0 0.726426
Person 0.0 0 0.0 259.892578 0.000000 309.638672 109.489746 0.0 0.0 0.0 0.0 0.0 0.0 0.0 0.754915
Person 0.0 0 0.0 1463.378906 62.951660 1538.496094 252.399902 0.0 0.0 0.0 0.0 0.0 0.0 0.0 0.854399
Person 0.0 0 0.0 471.650391 0.000000 518.349609 121.519775 0.0 0.0 0.0 0.0 0.0 0.0 0.0 0.879147
Person 0.0 0 0.0 405.117188 24.257812 469.101562 130.913086 0.0 0.0 0.0 0.0 0.0 0.0 0.0 0.892187
Person 0.0 0 0.0 176.542969 0.230713 228.222656 134.176025 0.0 0.0 0.0 0.0 0.0 0.0 0.0 0.899828
Person 0.0 0 0.0 1036.933594 437.695312 1207.441406 816.328125 0.0 0.0 0.0 0.0 0.0 0.0 0.0 0.923868
Person 0.0 0 0.0 33.984375 28.081055 80.507812 192.084961 0.0 0.0 0.0 0.0 0.0 0.0 0.0 0.931463
Person 0.0 0 0.0 1243.095703 96.306152 1323.779297 338.225098 0.0 0.0 0.0 0.0 0.0 0.0 0.0 0.942718
Person 0.0 0 0.0 1031.425781 308.496094 1179.199219 689.238281 0.0 0.0 0.0 0.0 0.0 0.0 0.0 0.946794
Person 0.0 0 0.0 359.179688 70.664062 453.164062 396.035156 0.0 0.0 0.0 0.0 0.0 0.0 0.0 0.959913
Person 0.0 0 0.0 446.982422 105.336914 543.955078 430.708008 0.0 0.0 0.0 0.0 0.0 0.0 0.0 0.960657
Person 0.0 0 0.0 1213.564453 20.764160 1270.810547 224.582520 0.0 0.0 0.0 0.0 0.0 0.0 0.0 0.964456
Person 0.0 0 0.0 891.269531 110.610352 979.980469 427.280273 0.0 0.0 0.0 0.0 0.0 0.0 0.0 0.966028
Person 0.0 0 0.0 1397.871094 74.553223 1465.253906 241.853027 0.0 0.0 0.0 0.0 0.0 0.0 0.0 0.966411
Person 0.0 0 0.0 970.693359 143.437500 1074.931641 470.390625 0.0 0.0 0.0 0.0 0.0 0.0 0.0 0.967039
Person 0.0 0 0.0 1145.214844 107.314453 1232.285156 377.841797 0.0 0.0 0.0 0.0 0.0 0.0 0.0 0.971129
