Person 0.0 0 0.0 487.602539 0.000000 528.647461 68.752441 0.0 0.0 0.0 0.0 0.0 0.0 0.0 0.404507
Person 0.0 0 0.0 226.215820 0.131836 273.002930 86.286621 0.0 0.0 0.0 0.0 0.0 0.0 0.0 0.430147
Person 0.0 0 0.0 1287.128906 61.666260 1350.996094 132.923584 0.0 0.0 0.0 0.0 0.0 0.0 0.0 0.436862
Person 0.0 0 0.0 1110.629883 0.000000 1146.870117 87.736816 0.0 0.0 0.0 0.0 0.0 0.0 0.0 0.437824
Person 0.0 0 0.0 519.711914 0.000000 555.600586 90.505371 0.0 0.0 0.0 0.0 0.0 0.0 0.0 0.579400
Person 0.0 0 0.0 278.188477 0.000000 319.467773 106.787109 0.0 0.0 0.0 0.0 0.0 0.0 0.0 0.646014
Person 0.0 0 0.0 382.514648 0.000000 434.985352 110.709229 0.0 0.0 0.0 0.0 0.0 0.0 0.0 0.652241
Person 0.0 0 0.0 2.387695 1.087646 35.610352 114.927979 0.0 0.0 0.0 0.0 0.0 0.0 0.0 0.678327
Person 0.0 0 0.0 1464.902344 64.401855 1540.722656 253.059082 0.0 0.0 0.0 0.0 0.0 0.0 0.0 0.696784
Person 0.0 0 0.0 1050.439453 1.779785 1094.560547 148.645020 0.0 0.0 0.0 0.0 0.0 0.0 0.0 0.734120
Person 0.0 0 0.0 1041.035156 299.794922 1169.589844 684.755859 0.0 0.0 0.0 0.0 0.0 0.0 0.0 0.755637
Person 0.0 0 0.0 1253.818359 88.593750 1348.681641 307.441406 0.0 0.0 0.0 0.0 0.0 0.0 0.0 0.824462
Person 0.0 0 0.0 187.500000 0.263672 239.765625 130.979004 0.0 0.0 0.0 0.0 0.0 0.0 0.0 0.851459
Person 0.0 0 0.0 489.990234 63.940430 583.447266 329.458008 0.0 0.0 0.0 0.0 0.0 0.0 0.0 0.863392
Person 0.0 0 0.0 978.808594 421.875000 1126.816406 819.492188 0.0 0.0 0.0 0.0 0.0 0.0 0.0 0.902266
Person 0.0 0 0.0 1397.988281 74.816895 1467.011719 241.853027 0.0 0.0 0.0 0.0 0.0 0.0 0.0 0.926037
Person 0.0 0 0.0 890.507812 109.028320 977.929688 427.016602 0.0 0.0 0.0 0.0 0.0 0.0 0.0 0.926304
Person 0.0 0 0.0 354.521484 70.532227 453.134766 395.375977 0.0 0.0 0.0 0.0 0.0 0.0 0.0 0.938124
Person 0.0 0 0.0 981.591797 145.678711 1092.158203 469.204102 0.0 0.0 0.0 0.0 0.0 0.0 0.0 0.949669
Person 0.0 0 0.0 454.218750 110.083008 543.281250 426.752930 0.0 0.0 0.0 0.0 0.0 0.0 0.0 0.951142
