Person 0.0 0 0.0 110.947266 7.580566 149.912109 115.026855 0.0 0.0 0.0 0.0 0.0 0.0 0.0 0.341583
Person 0.0 0 0.0 195.366211 0.000000 222.993164 51.514893 0.0 0.0 0.0 0.0 0.0 0.0 0.0 0.358465
Person 0.0 0 0.0 1515.380859 61.171875 1572.744141 198.808594 0.0 0.0 0.0 0.0 0.0 0.0 0.0 0.391406
Person 0.0 0 0.0 111.064453 9.624023 157.060547 140.273438 0.0 0.0 0.0 0.0 0.0 0.0 0.0 0.406391
Person 0.0 0 0.0 1111.010742 0.065918 1148.364258 87.473145 0.0 0.0 0.0 0.0 0.0 0.0 0.0 0.420600
Person 0.0 0 0.0 137.373047 0.000000 170.595703 84.539795 0.0 0.0 0.0 0.0 0.0 0.0 0.0 0.491212
Person 0.0 0 0.0 1574.091797 242.973633 1686.533203 477.377930 0.0 0.0 0.0 0.0 0.0 0.0 0.0 0.680879
Person 0.0 0 0.0 249.536133 0.000000 292.338867 110.412598 0.0 0.0 0.0 0.0 0.0 0.0 0.0 0.752740
Person 0.0 0 0.0 1434.785156 69.279785 1490.214844 219.177246 0.0 0.0 0.0 0.0 0.0 0.0 0.0 0.770465
Person 0.0 0 0.0 1074.023438 340.136719 1232.226562 696.621094 0.0 0.0 0.0 0.0 0.0 0.0 0.0 0.799442
Person 0.0 0 0.0 0.527344 179.560547 130.957031 497.021484 0.0 0.0 0.0 0.0 0.0 0.0 0.0 0.824462
Person 0.0 0 0.0 345.322266 118.125000 441.240234 429.785156 0.0 0.0 0.0 0.0 0.0 0.0 0.0 0.894789
Person 0.0 0 0.0 167.124023 0.329590 222.875977 137.307129 0.0 0.0 0.0 0.0 0.0 0.0 0.0 0.919931
Person 0.0 0 0.0 923.144531 113.906250 1002.480469 421.347656 0.0 0.0 0.0 0.0 0.0 0.0 0.0 0.939692
Person 0.0 0 0.0 1291.113281 82.067871 1375.136719 315.549316 0.0 0.0 0.0 0.0 0.0 0.0 0.0 0.948537
Person 0.0 0 0.0 972.421875 154.775391 1084.453125 485.419922 0.0 0.0 0.0 0.0 0.0 0.0 0.0 0.954137
Person 0.0 0 0.0 1159.511719 36.584473 1249.863281 290.895996 0.0 0.0 0.0 0.0 0.0 0.0 0.0 0.958847
Person 0.0 0 0.0 835.781250 157.939453 970.781250 499.658203 0.0 0.0 0.0 0.0 0.0 0.0 0.0 0.967287
Person 0.0 0 0.0 1263.164062 38.034668 1343.085938 258.596191 0.0 0.0 0.0 0.0 0.0 0.0 0.0 0.969324
