Person 0.0 0 0.0 484.921875 0.000000 529.453125 63.446045 0.0 0.0 0.0 0.0 0.0 0.0 0.0 0.414899
Person 0.0 0 0.0 222.729492 0.164795 268.989258 86.451416 0.0 0.0 0.0 0.0 0.0 0.0 0.0 0.418697
Person 0.0 0 0.0 1272.714844 62.523193 1350.410156 174.385986 0.0 0.0 0.0 0.0 0.0 0.0 0.0 0.427277
Person 0.0 0 0.0 399.580078 0.000000 433.857422 107.545166 0.0 0.0 0.0 0.0 0.0 0.0 0.0 0.444565
Person 0.0 0 0.0 444.785156 60.644531 512.402344 322.998047 0.0 0.0 0.0 0.0 0.0 0.0 0.0 0.503906
Person 0.0 0 0.0 522.875977 0.000000 559.936523 91.098633 0.0 0.0 0.0 0.0 0.0 0.0 0.0 0.556400
Person 0.0 0 0.0 278.305664 0.000000 319.350586 105.238037 0.0 0.0 0.0 0.0 0.0 0.0 0.0 0.603932
Person 0.0 0 0.0 481.728516 28.740234 559.833984 317.460938 0.0 0.0 0.0 0.0 0.0 0.0 0.0 0.652241
Person 0.0 0 0.0 1.142578 1.186523 33.750000 112.258301 0.0 0.0 0.0 0.0 0.0 0.0 0.0 0.703346
Person 0.0 0 0.0 1464.960938 64.863281 1540.664062 251.806641 0.0 0.0 0.0 0.0 0.0 0.0 0.0 0.775265
Person 0.0 0 0.0 1051.245117 1.911621 1095.629883 148.513184 0.0 0.0 0.0 0.0 0.0 0.0 0.0 0.789883
Person 0.0 0 0.0 186.884766 0.032959 239.443359 130.682373 0.0 0.0 0.0 0.0 0.0 0.0 0.0 0.809276
Person 0.0 0 0.0 1052.519531 288.457031 1178.730469 682.382812 0.0 0.0 0.0 0.0 0.0 0.0 0.0 0.830594
Person 0.0 0 0.0 1254.492188 89.318848 1349.882812 307.243652 0.0 0.0 0.0 0.0 0.0 0.0 0.0 0.832237
Person 0.0 0 0.0 355.517578 70.532227 450.732422 395.375977 0.0 0.0 0.0 0.0 0.0 0.0 0.0 0.932944
Person 0.0 0 0.0 1397.050781 74.619141 1466.074219 241.787109 0.0 0.0 0.0 0.0 0.0 0.0 0.0 0.933915
Person 0.0 0 0.0 979.042969 422.006836 1132.207031 819.360352 0.0 0.0 0.0 0.0 0.0 0.0 0.0 0.939025
Person 0.0 0 0.0 887.109375 112.983398 980.390625 426.225586 0.0 0.0 0.0 0.0 0.0 0.0 0.0 0.945399
Person 0.0 0 0.0 981.152344 144.228516 1086.972656 469.599609 0.0 0.0 0.0 0.0 0.0 0.0 0.0 0.953449
Person 0.0 0 0.0 455.039062 109.951172 545.273438 431.103516 0.0 0.0 0.0 0.0 0.0 0.0 0.0 0.959762
