Person 0.0 0 0.0 1493.408203 99.931641 1590.966797 273.955078 0.0 0.0 0.0 0.0 0.0 0.0 0.0 0.319546
Person 0.0 0 0.0 234.206543 0.000000 260.793457 51.465454 0.0 0.0 0.0 0.0 0.0 0.0 0.0 0.325521
Person 0.0 0 0.0 1091.733398 0.000000 1139.516602 101.711426 0.0 0.0 0.0 0.0 0.0 0.0 0.0 0.566978
Person 0.0 0 0.0 1463.173828 64.138184 1540.576172 253.850098 0.0 0.0 0.0 0.0 0.0 0.0 0.0 0.623377
Person 0.0 0 0.0 412.822266 0.000000 466.083984 125.375977 0.0 0.0 0.0 0.0 0.0 0.0 0.0 0.746878
Person 0.0 0 0.0 41.162109 4.053955 89.501953 137.406006 0.0 0.0 0.0 0.0 0.0 0.0 0.0 0.750553
Person 0.0 0 0.0 254.326172 0.000000 294.580078 109.588623 0.0 0.0 0.0 0.0 0.0 0.0 0.0 0.786623
Person 0.0 0 0.0 1150.253906 0.131836 1217.871094 191.689453 0.0 0.0 0.0 0.0 0.0 0.0 0.0 0.864768
Person 0.0 0 0.0 182.036133 0.230713 234.916992 132.659912 0.0 0.0 0.0 0.0 0.0 0.0 0.0 0.900879
Person 0.0 0 0.0 1048.784180 0.000000 1107.465820 180.944824 0.0 0.0 0.0 0.0 0.0 0.0 0.0 0.901921
Person 0.0 0 0.0 1045.605469 440.332031 1213.769531 823.183594 0.0 0.0 0.0 0.0 0.0 0.0 0.0 0.908942
Person 0.0 0 0.0 696.269531 221.879883 826.230469 609.741211 0.0 0.0 0.0 0.0 0.0 0.0 0.0 0.919063
Person 0.0 0 0.0 1011.386719 194.062500 1152.363281 521.015625 0.0 0.0 0.0 0.0 0.0 0.0 0.0 0.921922
Person 0.0 0 0.0 330.585938 72.114258 440.976562 395.112305 0.0 0.0 0.0 0.0 0.0 0.0 0.0 0.922761
Person 0.0 0 0.0 1270.078125 263.144531 1414.921875 592.207031 0.0 0.0 0.0 0.0 0.0 0.0 0.0 0.931960
Person 0.0 0 0.0 1029.667969 305.991211 1182.832031 684.887695 0.0 0.0 0.0 0.0 0.0 0.0 0.0 0.932699
Person 0.0 0 0.0 454.189453 100.327148 544.248047 430.180664 0.0 0.0 0.0 0.0 0.0 0.0 0.0 0.939248
Person 0.0 0 0.0 1397.578125 74.553223 1465.546875 241.853027 0.0 0.0 0.0 0.0 0.0 0.0 0.0 0.943971
Person 0.0 0 0.0 865.810547 112.324219 967.939453 426.884766 0.0 0.0 0.0 0.0 0.0 0.0 0.0 0.961534
Person 0.0 0 0.0 965.302734 151.743164 1061.572266 467.885742 0.0 0.0 0.0 0.0 0.0 0.0 0.0 0.965900
