Person 0.0 0 0.0 221.206055 0.000000 261.606445 79.365234 0.0 0.0 0.0 0.0 0.0 0.0 0.0 0.425367
Person 0.0 0 0.0 1110.629883 0.065918 1146.870117 87.802734 0.0 0.0 0.0 0.0 0.0 0.0 0.0 0.430147
Person 0.0 0 0.0 461.367188 41.099854 532.382812 164.827881 0.0 0.0 0.0 0.0 0.0 0.0 0.0 0.520496
Person 0.0 0 0.0 428.818359 0.000000 463.212891 129.364014 0.0 0.0 0.0 0.0 0.0 0.0 0.0 0.530236
Person 0.0 0 0.0 484.160156 0.000000 535.839844 122.080078 0.0 0.0 0.0 0.0 0.0 0.0 0.0 0.586996
Person 0.0 0 0.0 352.324219 0.065918 419.707031 115.686035 0.0 0.0 0.0 0.0 0.0 0.0 0.0 0.617859
Person 0.0 0 0.0 264.609375 0.164795 315.703125 105.369873 0.0 0.0 0.0 0.0 0.0 0.0 0.0 0.625209
Person 0.0 0 0.0 1464.257812 62.951660 1541.367188 253.718262 0.0 0.0 0.0 0.0 0.0 0.0 0.0 0.680879
Person 0.0 0 0.0 1049.926758 1.647949 1093.198242 152.468262 0.0 0.0 0.0 0.0 0.0 0.0 0.0 0.730290
Person 0.0 0 0.0 33.618164 0.000000 65.112305 113.016357 0.0 0.0 0.0 0.0 0.0 0.0 0.0 0.734120
Person 0.0 0 0.0 1254.667969 88.000488 1349.707031 308.034668 0.0 0.0 0.0 0.0 0.0 0.0 0.0 0.747616
Person 0.0 0 0.0 609.023438 76.596680 710.976562 354.506836 0.0 0.0 0.0 0.0 0.0 0.0 0.0 0.832237
Person 0.0 0 0.0 186.840820 0.791016 241.127930 131.176758 0.0 0.0 0.0 0.0 0.0 0.0 0.0 0.867036
Person 0.0 0 0.0 1055.917969 294.916992 1186.582031 688.051758 0.0 0.0 0.0 0.0 0.0 0.0 0.0 0.899828
Person 0.0 0 0.0 1397.724609 74.882812 1467.275391 241.787109 0.0 0.0 0.0 0.0 0.0 0.0 0.0 0.912436
Person 0.0 0 0.0 453.691406 107.182617 546.621094 428.598633 0.0 0.0 0.0 0.0 0.0 0.0 0.0 0.917006
Person 0.0 0 0.0 350.244141 68.950195 448.505859 395.375977 0.0 0.0 0.0 0.0 0.0 0.0 0.0 0.920790
Person 0.0 0 0.0 978.574219 418.315430 1106.425781 826.215820 0.0 0.0 0.0 0.0 0.0 0.0 0.0 0.928926
Person 0.0 0 0.0 891.416016 111.928711 980.771484 427.280273 0.0 0.0 0.0 0.0 0.0 0.0 0.0 0.950411
Person 0.0 0 0.0 970.488281 148.051758 1095.761719 469.995117 0.0 0.0 0.0 0.0 0.0 0.0 0.0 0.959762
