Person 0.0 0 0.0 27.333984 0.823975 89.560547 107.281494 0.0 0.0 0.0 0.0 0.0 0.0 0.0 0.436862
Person 0.0 0 0.0 505.048828 0.000000 547.763672 110.709229 0.0 0.0 0.0 0.0 0.0 0.0 0.0 0.532182
Person 0.0 0 0.0 212.065430 0.000000 252.700195 92.746582 0.0 0.0 0.0 0.0 0.0 0.0 0.0 0.559290
Person 0.0 0 0.0 1064.545898 0.000000 1112.329102 103.656006 0.0 0.0 0.0 0.0 0.0 0.0 0.0 0.591723
Person 0.0 0 0.0 436.171875 47.922363 517.734375 163.937988 0.0 0.0 0.0 0.0 0.0 0.0 0.0 0.650467
Person 0.0 0 0.0 1463.408203 63.017578 1544.091797 263.408203 0.0 0.0 0.0 0.0 0.0 0.0 0.0 0.712232
Person 0.0 0 0.0 405.878906 0.000000 460.371094 118.652344 0.0 0.0 0.0 0.0 0.0 0.0 0.0 0.785309
Person 0.0 0 0.0 258.017578 0.000000 306.826172 109.390869 0.0 0.0 0.0 0.0 0.0 0.0 0.0 0.836020
Person 0.0 0 0.0 1036.523438 424.511719 1204.101562 816.855469 0.0 0.0 0.0 0.0 0.0 0.0 0.0 0.915205
Person 0.0 0 0.0 25.927734 20.566406 72.451172 158.994141 0.0 0.0 0.0 0.0 0.0 0.0 0.0 0.923039
Person 0.0 0 0.0 1135.532227 0.263672 1195.092773 181.274414 0.0 0.0 0.0 0.0 0.0 0.0 0.0 0.924142
Person 0.0 0 0.0 1281.123047 142.712402 1381.376953 400.451660 0.0 0.0 0.0 0.0 0.0 0.0 0.0 0.926570
Person 0.0 0 0.0 1034.414062 292.148438 1176.210938 671.835938 0.0 0.0 0.0 0.0 0.0 0.0 0.0 0.934395
Person 0.0 0 0.0 1397.167969 74.948730 1465.957031 241.984863 0.0 0.0 0.0 0.0 0.0 0.0 0.0 0.938350
Person 0.0 0 0.0 184.160156 0.263672 232.792969 133.352051 0.0 0.0 0.0 0.0 0.0 0.0 0.0 0.942507
Person 0.0 0 0.0 447.070312 104.941406 543.867188 430.048828 0.0 0.0 0.0 0.0 0.0 0.0 0.0 0.943556
Person 0.0 0 0.0 347.490234 72.905273 447.041016 394.848633 0.0 0.0 0.0 0.0 0.0 0.0 0.0 0.951863
Person 0.0 0 0.0 1173.837891 128.540039 1291.787109 420.424805 0.0 0.0 0.0 0.0 0.0 0.0 0.0 0.956309
Person 0.0 0 0.0 965.273438 146.733398 1072.851562 471.313477 0.0 0.0 0.0 0.0 0.0 0.0 0.0 0.964987
Person 0.0 0 0.0 880.605469 105.336914 993.457031 420.952148 0.0 0.0 0.0 0.0 0.0 0.0 0.0 0.966283
