Person 0.0 0 0.0 1111.508789 0.098877 1147.866211 87.967529 0.0 0.0 0.0 0.0 0.0 0.0 0.0 0.374791
Person 0.0 0 0.0 319.672852 0.000000 373.139648 167.102051 0.0 0.0 0.0 0.0 0.0 0.0 0.0 0.383988
Person 0.0 0 0.0 1464.755859 67.104492 1546.494141 256.684570 0.0 0.0 0.0 0.0 0.0 0.0 0.0 0.484380
Person 0.0 0 0.0 476.293945 0.000000 527.768555 108.039551 0.0 0.0 0.0 0.0 0.0 0.0 0.0 0.487307
Person 0.0 0 0.0 1282.968750 75.937500 1368.281250 293.203125 0.0 0.0 0.0 0.0 0.0 0.0 0.0 0.537041
Person 0.0 0 0.0 188.935547 0.000000 229.423828 86.945801 0.0 0.0 0.0 0.0 0.0 0.0 0.0 0.538983
Person 0.0 0 0.0 261.665039 0.000000 301.772461 105.534668 0.0 0.0 0.0 0.0 0.0 0.0 0.0 0.552540
Person 0.0 0 0.0 421.406250 0.000000 487.031250 113.543701 0.0 0.0 0.0 0.0 0.0 0.0 0.0 0.711431
Person 0.0 0 0.0 1033.300781 291.752930 1216.699219 618.442383 0.0 0.0 0.0 0.0 0.0 0.0 0.0 0.779993
Person 0.0 0 0.0 1397.402344 76.728516 1467.597656 242.314453 0.0 0.0 0.0 0.0 0.0 0.0 0.0 0.905990
Person 0.0 0 0.0 407.402344 97.294922 545.097656 431.367188 0.0 0.0 0.0 0.0 0.0 0.0 0.0 0.924688
Person 0.0 0 0.0 972.832031 418.051758 1175.917969 815.932617 0.0 0.0 0.0 0.0 0.0 0.0 0.0 0.926570
Person 0.0 0 0.0 355.341797 70.927734 442.939453 394.980469 0.0 0.0 0.0 0.0 0.0 0.0 0.0 0.935582
Person 0.0 0 0.0 187.880859 57.744141 284.150391 285.556641 0.0 0.0 0.0 0.0 0.0 0.0 0.0 0.945399
Person 0.0 0 0.0 971.396484 117.597656 1064.853516 374.941406 0.0 0.0 0.0 0.0 0.0 0.0 0.0 0.950595
Person 0.0 0 0.0 291.533203 11.535645 356.279297 223.791504 0.0 0.0 0.0 0.0 0.0 0.0 0.0 0.956796
Person 0.0 0 0.0 1140.644531 18.325195 1219.980469 203.027344 0.0 0.0 0.0 0.0 0.0 0.0 0.0 0.963780
Person 0.0 0 0.0 1179.433594 120.629883 1312.441406 393.002930 0.0 0.0 0.0 0.0 0.0 0.0 0.0 0.964589
Person 0.0 0 0.0 1281.005859 143.569336 1381.494141 391.684570 0.0 0.0 0.0 0.0 0.0 0.0 0.0 0.964722
