Person 0.0 0 0.0 208.022461 0.000000 252.993164 93.537598 0.0 0.0 0.0 0.0 0.0 0.0 0.0 0.537041
Person 0.0 0 0.0 424.291992 0.000000 464.458008 73.762207 0.0 0.0 0.0 0.0 0.0 0.0 0.0 0.584153
Person 0.0 0 0.0 1058.583984 0.000000 1123.916016 102.601318 0.0 0.0 0.0 0.0 0.0 0.0 0.0 0.601125
Person 0.0 0 0.0 269.106445 0.000000 313.549805 108.731689 0.0 0.0 0.0 0.0 0.0 0.0 0.0 0.657538
Person 0.0 0 0.0 463.681641 0.000000 517.880859 119.476318 0.0 0.0 0.0 0.0 0.0 0.0 0.0 0.682574
Person 0.0 0 0.0 79.028320 0.000000 113.159180 102.535400 0.0 0.0 0.0 0.0 0.0 0.0 0.0 0.687630
Person 0.0 0 0.0 418.828125 30.421143 501.796875 137.274170 0.0 0.0 0.0 0.0 0.0 0.0 0.0 0.691810
Person 0.0 0 0.0 1462.822266 62.885742 1540.927734 252.465820 0.0 0.0 0.0 0.0 0.0 0.0 0.0 0.701713
Person 0.0 0 0.0 18.134766 27.092285 74.736328 182.526855 0.0 0.0 0.0 0.0 0.0 0.0 0.0 0.911810
Person 0.0 0 0.0 175.166016 0.329590 234.521484 131.835938 0.0 0.0 0.0 0.0 0.0 0.0 0.0 0.912124
Person 0.0 0 0.0 1036.933594 437.695312 1209.316406 816.328125 0.0 0.0 0.0 0.0 0.0 0.0 0.0 0.920504
Person 0.0 0 0.0 359.501953 70.136719 447.216797 396.035156 0.0 0.0 0.0 0.0 0.0 0.0 0.0 0.941439
Person 0.0 0 0.0 1033.125000 292.148438 1177.500000 686.601562 0.0 0.0 0.0 0.0 0.0 0.0 0.0 0.950227
Person 0.0 0 0.0 1397.431641 74.685059 1465.693359 241.984863 0.0 0.0 0.0 0.0 0.0 0.0 0.0 0.950411
Person 0.0 0 0.0 1251.181641 118.059082 1355.068359 368.151855 0.0 0.0 0.0 0.0 0.0 0.0 0.0 0.952042
Person 0.0 0 0.0 966.386719 146.469727 1094.238281 471.577148 0.0 0.0 0.0 0.0 0.0 0.0 0.0 0.955152
Person 0.0 0 0.0 437.841797 101.118164 544.658203 430.971680 0.0 0.0 0.0 0.0 0.0 0.0 0.0 0.955817
Person 0.0 0 0.0 891.591797 109.687500 979.658203 427.148438 0.0 0.0 0.0 0.0 0.0 0.0 0.0 0.960510
Person 0.0 0 0.0 1166.337891 9.755859 1244.912109 182.724609 0.0 0.0 0.0 0.0 0.0 0.0 0.0 0.962391
Person 0.0 0 0.0 1164.404297 108.764648 1265.595703 394.584961 0.0 0.0 0.0 0.0 0.0 0.0 0.0 0.967778
