Person 0.0 0 0.0 170.148926 0.197754 195.241699 86.220703 0.0 0.0 0.0 0.0 0.0 0.0 0.0 0.361165
Person 0.0 0 0.0 1491.855469 98.811035 1592.519531 274.284668 0.0 0.0 0.0 0.0 0.0 0.0 0.0 0.383064
Person 0.0 0 0.0 1263.574219 37.573242 1340.800781 242.446289 0.0 0.0 0.0 0.0 0.0 0.0 0.0 0.419648
Person 0.0 0 0.0 1109.487305 0.000000 1148.012695 87.407227 0.0 0.0 0.0 0.0 0.0 0.0 0.0 0.420600
Person 0.0 0 0.0 108.281250 1.450195 140.390625 101.579590 0.0 0.0 0.0 0.0 0.0 0.0 0.0 0.558327
Person 0.0 0 0.0 248.217773 0.000000 297.875977 108.929443 0.0 0.0 0.0 0.0 0.0 0.0 0.0 0.723309
Person 0.0 0 0.0 1398.574219 68.159180 1502.050781 242.709961 0.0 0.0 0.0 0.0 0.0 0.0 0.0 0.740174
Person 0.0 0 0.0 1.083984 0.065918 38.437500 96.833496 0.0 0.0 0.0 0.0 0.0 0.0 0.0 0.752740
Person 0.0 0 0.0 1071.152344 308.100586 1225.722656 694.907227 0.0 0.0 0.0 0.0 0.0 0.0 0.0 0.862930
Person 0.0 0 0.0 1605.820312 125.046387 1699.804688 329.260254 0.0 0.0 0.0 0.0 0.0 0.0 0.0 0.869715
Person 0.0 0 0.0 1231.582031 450.878906 1445.917969 826.347656 0.0 0.0 0.0 0.0 0.0 0.0 0.0 0.883638
Person 0.0 0 0.0 185.009766 0.461426 234.755859 137.438965 0.0 0.0 0.0 0.0 0.0 0.0 0.0 0.921640
Person 0.0 0 0.0 1074.609375 424.379883 1256.015625 813.823242 0.0 0.0 0.0 0.0 0.0 0.0 0.0 0.924688
Person 0.0 0 0.0 817.265625 111.137695 996.796875 423.325195 0.0 0.0 0.0 0.0 0.0 0.0 0.0 0.942929
Person 0.0 0 0.0 752.050781 177.187500 896.074219 529.453125 0.0 0.0 0.0 0.0 0.0 0.0 0.0 0.952397
Person 0.0 0 0.0 1254.345703 63.676758 1344.404297 286.743164 0.0 0.0 0.0 0.0 0.0 0.0 0.0 0.955152
Person 0.0 0 0.0 955.195312 170.595703 1049.179688 501.767578 0.0 0.0 0.0 0.0 0.0 0.0 0.0 0.958693
Person 0.0 0 0.0 1144.863281 36.979980 1273.886719 281.008301 0.0 0.0 0.0 0.0 0.0 0.0 0.0 0.961965
Person 0.0 0 0.0 406.875000 111.796875 505.312500 436.640625 0.0 0.0 0.0 0.0 0.0 0.0 0.0 0.962108
Person 0.0 0 0.0 317.402344 79.628906 417.128906 398.935547 0.0 0.0 0.0 0.0 0.0 0.0 0.0 0.963092
