Person 0.0 0 0.0 1496.367188 100.063477 1591.757812 273.823242 0.0 0.0 0.0 0.0 0.0 0.0 0.0 0.305697
Person 0.0 0 0.0 1109.047852 0.000000 1148.452148 86.451416 0.0 0.0 0.0 0.0 0.0 0.0 0.0 0.493164
Person 0.0 0 0.0 1207.294922 1.516113 1286.455078 181.340332 0.0 0.0 0.0 0.0 0.0 0.0 0.0 0.658418
Person 0.0 0 0.0 1035.410156 92.548828 1118.964844 380.214844 0.0 0.0 0.0 0.0 0.0 0.0 0.0 0.749821
Person 0.0 0 0.0 210.043945 0.065918 256.831055 122.541504 0.0 0.0 0.0 0.0 0.0 0.0 0.0 0.835484
Person 0.0 0 0.0 1560.820312 395.112305 1772.929688 736.567383 0.0 0.0 0.0 0.0 0.0 0.0 0.0 0.837088
Person 0.0 0 0.0 137.050781 4.152832 179.355469 161.828613 0.0 0.0 0.0 0.0 0.0 0.0 0.0 0.862004
Person 0.0 0 0.0 253.417969 0.593262 320.800781 217.727051 0.0 0.0 0.0 0.0 0.0 0.0 0.0 0.864768
Person 0.0 0 0.0 1580.800781 134.274902 1649.824219 297.355957 0.0 0.0 0.0 0.0 0.0 0.0 0.0 0.865224
Person 0.0 0 0.0 1195.664062 306.518555 1318.710938 683.833008 0.0 0.0 0.0 0.0 0.0 0.0 0.0 0.941439
Person 0.0 0 0.0 491.455078 40.605469 563.232422 263.671875 0.0 0.0 0.0 0.0 0.0 0.0 0.0 0.948537
Person 0.0 0 0.0 1054.365234 127.880859 1163.759766 433.740234 0.0 0.0 0.0 0.0 0.0 0.0 0.0 0.948917
Person 0.0 0 0.0 1268.232422 19.050293 1347.392578 207.443848 0.0 0.0 0.0 0.0 0.0 0.0 0.0 0.953794
Person 0.0 0 0.0 1188.164062 15.820312 1299.960938 228.208008 0.0 0.0 0.0 0.0 0.0 0.0 0.0 0.956957
Person 0.0 0 0.0 404.355469 48.383789 513.925781 320.756836 0.0 0.0 0.0 0.0 0.0 0.0 0.0 0.958382
Person 0.0 0 0.0 1073.203125 421.479492 1248.046875 814.614258 0.0 0.0 0.0 0.0 0.0 0.0 0.0 0.962673
Person 0.0 0 0.0 1291.933594 45.219727 1381.816406 261.694336 0.0 0.0 0.0 0.0 0.0 0.0 0.0 0.966537
