Person 0.0 0 0.0 1086.621094 332.622070 1300.253906 703.081055 0.0 0.0 0.0 0.0 0.0 0.0 0.0 0.326808
Person 0.0 0 0.0 1096.582031 332.753906 1299.667969 631.757812 0.0 0.0 0.0 0.0 0.0 0.0 0.0 0.355775
Person 0.0 0 0.0 1110.717773 0.065918 1148.657227 87.473145 0.0 0.0 0.0 0.0 0.0 0.0 0.0 0.376623
Person 0.0 0 0.0 1494.257812 102.370605 1591.992188 274.416504 0.0 0.0 0.0 0.0 0.0 0.0 0.0 0.424412
Person 0.0 0 0.0 112.792969 0.000000 147.597656 95.317383 0.0 0.0 0.0 0.0 0.0 0.0 0.0 0.571767
Person 0.0 0 0.0 67.778320 0.000000 109.291992 102.634277 0.0 0.0 0.0 0.0 0.0 0.0 0.0 0.650467
Person 0.0 0 0.0 323.642578 76.596680 420.263672 406.713867 0.0 0.0 0.0 0.0 0.0 0.0 0.0 0.780662
Person 0.0 0 0.0 1230.996094 474.082031 1452.128906 826.347656 0.0 0.0 0.0 0.0 0.0 0.0 0.0 0.811676
Person 0.0 0 0.0 243.222656 0.000000 297.714844 110.313721 0.0 0.0 0.0 0.0 0.0 0.0 0.0 0.814053
Person 0.0 0 0.0 336.855469 134.604492 435.644531 456.547852 0.0 0.0 0.0 0.0 0.0 0.0 0.0 0.874935
Person 0.0 0 0.0 185.917969 0.098877 234.550781 131.605225 0.0 0.0 0.0 0.0 0.0 0.0 0.0 0.878731
Person 0.0 0 0.0 1569.667969 118.322754 1677.832031 315.944824 0.0 0.0 0.0 0.0 0.0 0.0 0.0 0.911180
Person 0.0 0 0.0 1254.169922 62.358398 1333.330078 284.897461 0.0 0.0 0.0 0.0 0.0 0.0 0.0 0.917006
Person 0.0 0 0.0 1074.902344 422.534180 1250.097656 814.614258 0.0 0.0 0.0 0.0 0.0 0.0 0.0 0.927888
Person 0.0 0 0.0 1353.544922 76.662598 1442.080078 279.294434 0.0 0.0 0.0 0.0 0.0 0.0 0.0 0.937669
Person 0.0 0 0.0 764.853516 166.376953 860.771484 517.587891 0.0 0.0 0.0 0.0 0.0 0.0 0.0 0.948537
Person 0.0 0 0.0 1418.789062 74.355469 1479.960938 239.941406 0.0 0.0 0.0 0.0 0.0 0.0 0.0 0.952574
Person 0.0 0 0.0 1143.574219 34.738770 1271.425781 280.349121 0.0 0.0 0.0 0.0 0.0 0.0 0.0 0.962250
Person 0.0 0 0.0 954.082031 170.200195 1048.417969 502.163086 0.0 0.0 0.0 0.0 0.0 0.0 0.0 0.963506
Person 0.0 0 0.0 882.392578 112.719727 992.607422 424.116211 0.0 0.0 0.0 0.0 0.0 0.0 0.0 0.975762
