Person 0.0 0 0.0 1176.240234 0.329590 1210.634766 189.514160 0.0 0.0 0.0 0.0 0.0 0.0 0.0 0.407333
Person 0.0 0 0.0 1110.703125 0.000000 1146.796875 88.198242 0.0 0.0 0.0 0.0 0.0 0.0 0.0 0.421552
Person 0.0 0 0.0 1463.789062 64.335938 1543.710938 263.408203 0.0 0.0 0.0 0.0 0.0 0.0 0.0 0.453262
Person 0.0 0 0.0 112.089844 0.000000 144.082031 97.097168 0.0 0.0 0.0 0.0 0.0 0.0 0.0 0.521471
Person 0.0 0 0.0 1091.484375 328.139648 1269.140625 614.750977 0.0 0.0 0.0 0.0 0.0 0.0 0.0 0.555435
Person 0.0 0 0.0 66.870117 0.065918 110.903320 100.854492 0.0 0.0 0.0 0.0 0.0 0.0 0.0 0.606731
Person 0.0 0 0.0 258.588867 0.000000 303.911133 109.390869 0.0 0.0 0.0 0.0 0.0 0.0 0.0 0.627038
Person 0.0 0 0.0 386.499023 0.000000 434.750977 98.712158 0.0 0.0 0.0 0.0 0.0 0.0 0.0 0.636127
Person 0.0 0 0.0 183.588867 0.131836 234.770508 133.483887 0.0 0.0 0.0 0.0 0.0 0.0 0.0 0.769773
Person 0.0 0 0.0 1074.667969 421.875000 1242.832031 814.218750 0.0 0.0 0.0 0.0 0.0 0.0 0.0 0.854885
Person 0.0 0 0.0 1195.253906 478.564453 1424.121094 860.888672 0.0 0.0 0.0 0.0 0.0 0.0 0.0 0.882833
Person 0.0 0 0.0 1397.314453 74.685059 1465.810547 241.721191 0.0 0.0 0.0 0.0 0.0 0.0 0.0 0.900530
Person 0.0 0 0.0 769.306641 170.463867 854.443359 517.192383 0.0 0.0 0.0 0.0 0.0 0.0 0.0 0.924142
Person 0.0 0 0.0 957.539062 165.981445 1071.210938 505.854492 0.0 0.0 0.0 0.0 0.0 0.0 0.0 0.941439
Person 0.0 0 0.0 1133.906250 19.643555 1217.343750 257.475586 0.0 0.0 0.0 0.0 0.0 0.0 0.0 0.946001
Person 0.0 0 0.0 381.503906 119.179688 544.277344 433.476562 0.0 0.0 0.0 0.0 0.0 0.0 0.0 0.948728
Person 0.0 0 0.0 326.337891 78.837891 419.443359 410.009766 0.0 0.0 0.0 0.0 0.0 0.0 0.0 0.950227
Person 0.0 0 0.0 861.767578 112.587891 971.982422 420.029297 0.0 0.0 0.0 0.0 0.0 0.0 0.0 0.952397
Person 0.0 0 0.0 1218.310547 55.239258 1326.064453 268.286133 0.0 0.0 0.0 0.0 0.0 0.0 0.0 0.962953
Person 0.0 0 0.0 1282.587891 128.540039 1391.162109 394.584961 0.0 0.0 0.0 0.0 0.0 0.0 0.0 0.967533
