Person 0.0 0 0.0 1096.420898 0.000000 1119.829102 71.751709 0.0 0.0 0.0 0.0 0.0 0.0 0.0 0.301979
Person 0.0 0 0.0 1492.412109 99.206543 1591.962891 275.207520 0.0 0.0 0.0 0.0 0.0 0.0 0.0 0.322953
Person 0.0 0 0.0 1462.324219 67.170410 1528.300781 255.827637 0.0 0.0 0.0 0.0 0.0 0.0 0.0 0.350866
Person 0.0 0 0.0 1106.865234 0.000000 1146.884766 85.627441 0.0 0.0 0.0 0.0 0.0 0.0 0.0 0.428233
Person 0.0 0 0.0 1443.032227 65.258789 1500.717773 211.333008 0.0 0.0 0.0 0.0 0.0 0.0 0.0 0.536070
Person 0.0 0 0.0 1289.648438 18.127441 1352.226562 112.851562 0.0 0.0 0.0 0.0 0.0 0.0 0.0 0.654011
Person 0.0 0 0.0 1147.968750 315.615234 1252.031250 660.498047 0.0 0.0 0.0 0.0 0.0 0.0 0.0 0.754915
Person 0.0 0 0.0 1221.943359 0.000000 1279.306641 182.724609 0.0 0.0 0.0 0.0 0.0 0.0 0.0 0.766992
Person 0.0 0 0.0 227.460938 0.000000 276.445312 114.565430 0.0 0.0 0.0 0.0 0.0 0.0 0.0 0.800068
Person 0.0 0 0.0 563.496094 118.520508 673.066406 441.518555 0.0 0.0 0.0 0.0 0.0 0.0 0.0 0.898767
Person 0.0 0 0.0 170.434570 0.527344 226.596680 140.668945 0.0 0.0 0.0 0.0 0.0 0.0 0.0 0.917598
Person 0.0 0 0.0 1324.277344 64.072266 1405.722656 286.875000 0.0 0.0 0.0 0.0 0.0 0.0 0.0 0.918187
Person 0.0 0 0.0 1072.910156 422.797852 1265.214844 814.350586 0.0 0.0 0.0 0.0 0.0 0.0 0.0 0.925500
Person 0.0 0 0.0 1039.833984 93.076172 1122.041016 382.060547 0.0 0.0 0.0 0.0 0.0 0.0 0.0 0.928409
Person 0.0 0 0.0 1.054688 168.090820 146.132812 498.471680 0.0 0.0 0.0 0.0 0.0 0.0 0.0 0.936285
Person 0.0 0 0.0 946.347656 199.731445 1056.152344 564.389648 0.0 0.0 0.0 0.0 0.0 0.0 0.0 0.942082
Person 0.0 0 0.0 426.005859 10.744629 490.400391 210.607910 0.0 0.0 0.0 0.0 0.0 0.0 0.0 0.944177
Person 0.0 0 0.0 1172.988281 7.382812 1257.011719 222.670898 0.0 0.0 0.0 0.0 0.0 0.0 0.0 0.947186
Person 0.0 0 0.0 1242.158203 74.553223 1339.716797 304.343262 0.0 0.0 0.0 0.0 0.0 0.0 0.0 0.955651
Person 0.0 0 0.0 1063.242188 132.363281 1179.257812 442.968750 0.0 0.0 0.0 0.0 0.0 0.0 0.0 0.964855
