Person 0.0 0 0.0 1494.638672 100.327148 1591.611328 273.559570 0.0 0.0 0.0 0.0 0.0 0.0 0.0 0.329823
Person 0.0 0 0.0 1044.199219 310.473633 1172.050781 580.209961 0.0 0.0 0.0 0.0 0.0 0.0 0.0 0.353540
Person 0.0 0 0.0 300.659180 0.000000 345.278320 82.957764 0.0 0.0 0.0 0.0 0.0 0.0 0.0 0.425367
Person 0.0 0 0.0 1110.424805 0.032959 1147.075195 86.846924 0.0 0.0 0.0 0.0 0.0 0.0 0.0 0.430147
Person 0.0 0 0.0 1043.964844 309.946289 1172.285156 682.514648 0.0 0.0 0.0 0.0 0.0 0.0 0.0 0.446495
Person 0.0 0 0.0 389.809570 28.970947 444.096680 127.122803 0.0 0.0 0.0 0.0 0.0 0.0 0.0 0.521471
Person 0.0 0 0.0 476.806641 0.000000 531.005859 108.435059 0.0 0.0 0.0 0.0 0.0 0.0 0.0 0.585101
Person 0.0 0 0.0 351.035156 0.000000 394.746094 113.840332 0.0 0.0 0.0 0.0 0.0 0.0 0.0 0.661923
Person 0.0 0 0.0 0.527344 0.296631 37.939453 102.733154 0.0 0.0 0.0 0.0 0.0 0.0 0.0 0.694303
Person 0.0 0 0.0 1463.671875 62.819824 1540.078125 256.750488 0.0 0.0 0.0 0.0 0.0 0.0 0.0 0.715424
Person 0.0 0 0.0 186.372070 0.000000 239.956055 131.967773 0.0 0.0 0.0 0.0 0.0 0.0 0.0 0.816991
Person 0.0 0 0.0 1309.423828 112.324219 1411.201172 342.246094 0.0 0.0 0.0 0.0 0.0 0.0 0.0 0.888759
Person 0.0 0 0.0 265.136719 0.065918 326.894531 169.475098 0.0 0.0 0.0 0.0 0.0 0.0 0.0 0.912436
Person 0.0 0 0.0 973.125000 417.524414 1128.750000 816.459961 0.0 0.0 0.0 0.0 0.0 0.0 0.0 0.934872
Person 0.0 0 0.0 1398.427734 76.003418 1466.572266 242.512207 0.0 0.0 0.0 0.0 0.0 0.0 0.0 0.940572
Person 0.0 0 0.0 442.529297 104.282227 543.720703 430.708008 0.0 0.0 0.0 0.0 0.0 0.0 0.0 0.943138
Person 0.0 0 0.0 356.074219 69.609375 448.300781 396.035156 0.0 0.0 0.0 0.0 0.0 0.0 0.0 0.947769
Person 0.0 0 0.0 957.919922 87.539062 1052.080078 382.587891 0.0 0.0 0.0 0.0 0.0 0.0 0.0 0.964052
Person 0.0 0 0.0 1025.419922 117.070312 1130.830078 423.457031 0.0 0.0 0.0 0.0 0.0 0.0 0.0 0.964456
Person 0.0 0 0.0 1266.855469 64.467773 1369.394531 276.987305 0.0 0.0 0.0 0.0 0.0 0.0 0.0 0.970465
