Person 0.0 0 0.0 1466.367188 67.170410 1582.382812 270.593262 0.0 0.0 0.0 0.0 0.0 0.0 0.0 0.367497
Person 0.0 0 0.0 431.689453 36.518555 522.216797 287.270508 0.0 0.0 0.0 0.0 0.0 0.0 0.0 0.405449
Person 0.0 0 0.0 169.584961 0.000000 201.196289 86.945801 0.0 0.0 0.0 0.0 0.0 0.0 0.0 0.410165
Person 0.0 0 0.0 1676.689453 299.003906 1782.685547 542.636719 0.0 0.0 0.0 0.0 0.0 0.0 0.0 0.422505
Person 0.0 0 0.0 1111.684570 0.000000 1147.690430 85.891113 0.0 0.0 0.0 0.0 0.0 0.0 0.0 0.447460
Person 0.0 0 0.0 989.003906 301.904297 1146.621094 674.736328 0.0 0.0 0.0 0.0 0.0 0.0 0.0 0.472683
Person 0.0 0 0.0 268.007812 0.000000 316.992188 108.533936 0.0 0.0 0.0 0.0 0.0 0.0 0.0 0.531209
Person 0.0 0 0.0 357.773438 0.000000 403.007812 83.254395 0.0 0.0 0.0 0.0 0.0 0.0 0.0 0.566978
Person 0.0 0 0.0 392.988281 0.000000 451.230469 112.521973 0.0 0.0 0.0 0.0 0.0 0.0 0.0 0.647798
Person 0.0 0 0.0 573.281250 889.562988 811.406250 1073.210449 0.0 0.0 0.0 0.0 0.0 0.0 0.0 0.674908
Person 0.0 0 0.0 192.465820 0.000000 239.252930 130.715332 0.0 0.0 0.0 0.0 0.0 0.0 0.0 0.709824
Person 0.0 0 0.0 476.191406 0.000000 551.308594 158.994141 0.0 0.0 0.0 0.0 0.0 0.0 0.0 0.831691
Person 0.0 0 0.0 1521.298828 180.681152 1621.201172 398.342285 0.0 0.0 0.0 0.0 0.0 0.0 0.0 0.888372
Person 0.0 0 0.0 1398.398438 75.014648 1468.476562 241.391602 0.0 0.0 0.0 0.0 0.0 0.0 0.0 0.931711
Person 0.0 0 0.0 1293.984375 119.443359 1383.515625 366.240234 0.0 0.0 0.0 0.0 0.0 0.0 0.0 0.937440
Person 0.0 0 0.0 972.773438 417.260742 1125.351562 816.723633 0.0 0.0 0.0 0.0 0.0 0.0 0.0 0.947381
Person 0.0 0 0.0 358.740234 69.345703 447.978516 394.716797 0.0 0.0 0.0 0.0 0.0 0.0 0.0 0.950778
Person 0.0 0 0.0 440.830078 106.787109 541.669922 426.884766 0.0 0.0 0.0 0.0 0.0 0.0 0.0 0.957437
Person 0.0 0 0.0 1163.437500 64.533691 1262.812500 313.308105 0.0 0.0 0.0 0.0 0.0 0.0 0.0 0.965381
Person 0.0 0 0.0 1137.128906 18.193359 1202.871094 236.645508 0.0 0.0 0.0 0.0 0.0 0.0 0.0 0.966283
