Person 0.0 0 0.0 198.237305 0.000000 229.731445 58.271484 0.0 0.0 0.0 0.0 0.0 0.0 0.0 0.315314
Person 0.0 0 0.0 1496.425781 101.118164 1593.574219 273.559570 0.0 0.0 0.0 0.0 0.0 0.0 0.0 0.332419
Person 0.0 0 0.0 270.241699 0.000000 299.289551 77.255859 0.0 0.0 0.0 0.0 0.0 0.0 0.0 0.341143
Person 0.0 0 0.0 1336.142578 62.160645 1401.357422 144.953613 0.0 0.0 0.0 0.0 0.0 0.0 0.0 0.349977
Person 0.0 0 0.0 1333.886719 62.094727 1399.863281 277.514648 0.0 0.0 0.0 0.0 0.0 0.0 0.0 0.357119
Person 0.0 0 0.0 0.556641 230.185547 86.689453 531.826172 0.0 0.0 0.0 0.0 0.0 0.0 0.0 0.605799
Person 0.0 0 0.0 1443.383789 63.347168 1498.491211 213.244629 0.0 0.0 0.0 0.0 0.0 0.0 0.0 0.622459
Person 0.0 0 0.0 232.001953 0.000000 281.279297 113.939209 0.0 0.0 0.0 0.0 0.0 0.0 0.0 0.773901
Person 0.0 0 0.0 37.910156 74.025879 99.082031 250.817871 0.0 0.0 0.0 0.0 0.0 0.0 0.0 0.856812
Person 0.0 0 0.0 1062.714844 274.350586 1262.285156 626.352539 0.0 0.0 0.0 0.0 0.0 0.0 0.0 0.862468
Person 0.0 0 0.0 492.070312 16.940918 552.304688 282.854004 0.0 0.0 0.0 0.0 0.0 0.0 0.0 0.893681
Person 0.0 0 0.0 1073.261719 424.379883 1259.238281 813.823242 0.0 0.0 0.0 0.0 0.0 0.0 0.0 0.896976
Person 0.0 0 0.0 165.615234 0.395508 218.291016 138.427734 0.0 0.0 0.0 0.0 0.0 0.0 0.0 0.901921
Person 0.0 0 0.0 1222.910156 278.173828 1377.714844 614.091797 0.0 0.0 0.0 0.0 0.0 0.0 0.0 0.928149
Person 0.0 0 0.0 1285.371094 119.772949 1412.753906 333.742676 0.0 0.0 0.0 0.0 0.0 0.0 0.0 0.960952
Person 0.0 0 0.0 1218.750000 0.000000 1290.000000 181.010742 0.0 0.0 0.0 0.0 0.0 0.0 0.0 0.963092
Person 0.0 0 0.0 1045.957031 146.469727 1175.917969 452.592773 0.0 0.0 0.0 0.0 0.0 0.0 0.0 0.964722
Person 0.0 0 0.0 1033.623047 90.175781 1133.876953 375.996094 0.0 0.0 0.0 0.0 0.0 0.0 0.0 0.965119
Person 0.0 0 0.0 1266.796875 19.445801 1356.328125 207.443848 0.0 0.0 0.0 0.0 0.0 0.0 0.0 0.973443
