Person 0.0 0 0.0 1109.414062 0.098877 1148.085938 87.967529 0.0 0.0 0.0 0.0 0.0 0.0 0.0 0.413004
Person 0.0 0 0.0 1265.214844 37.309570 1341.035156 244.555664 0.0 0.0 0.0 0.0 0.0 0.0 0.0 0.415847
Person 0.0 0 0.0 1492.998047 100.458984 1593.251953 274.746094 0.0 0.0 0.0 0.0 0.0 0.0 0.0 0.489259
Person 0.0 0 0.0 1461.562500 76.860352 1529.062500 254.047852 0.0 0.0 0.0 0.0 0.0 0.0 0.0 0.558327
Person 0.0 0 0.0 0.102539 0.098877 30.864258 119.805908 0.0 0.0 0.0 0.0 0.0 0.0 0.0 0.570810
Person 0.0 0 0.0 112.968750 0.000000 147.890625 94.295654 0.0 0.0 0.0 0.0 0.0 0.0 0.0 0.610453
Person 0.0 0 0.0 254.179688 0.000000 299.414062 108.237305 0.0 0.0 0.0 0.0 0.0 0.0 0.0 0.625209
Person 0.0 0 0.0 1080.937500 302.299805 1223.437500 655.356445 0.0 0.0 0.0 0.0 0.0 0.0 0.0 0.787931
Person 0.0 0 0.0 188.920898 0.329590 236.000977 137.570801 0.0 0.0 0.0 0.0 0.0 0.0 0.0 0.858719
Person 0.0 0 0.0 1230.292969 471.577148 1447.207031 827.797852 0.0 0.0 0.0 0.0 0.0 0.0 0.0 0.890675
Person 0.0 0 0.0 1073.847656 421.347656 1251.152344 813.691406 0.0 0.0 0.0 0.0 0.0 0.0 0.0 0.896251
Person 0.0 0 0.0 406.259766 106.391602 505.458984 437.827148 0.0 0.0 0.0 0.0 0.0 0.0 0.0 0.923039
Person 0.0 0 0.0 1605.820312 126.892090 1699.804688 329.787598 0.0 0.0 0.0 0.0 0.0 0.0 0.0 0.923316
Person 0.0 0 0.0 1387.880859 52.536621 1460.244141 252.268066 0.0 0.0 0.0 0.0 0.0 0.0 0.0 0.940353
Person 0.0 0 0.0 761.132812 164.003906 896.367188 517.324219 0.0 0.0 0.0 0.0 0.0 0.0 0.0 0.941223
Person 0.0 0 0.0 1254.960938 61.962891 1345.664062 287.138672 0.0 0.0 0.0 0.0 0.0 0.0 0.0 0.947186
Person 0.0 0 0.0 323.935547 80.156250 424.189453 399.726562 0.0 0.0 0.0 0.0 0.0 0.0 0.0 0.958382
Person 0.0 0 0.0 954.433594 170.068359 1048.066406 501.767578 0.0 0.0 0.0 0.0 0.0 0.0 0.0 0.965381
Person 0.0 0 0.0 1144.511719 36.518555 1274.238281 280.678711 0.0 0.0 0.0 0.0 0.0 0.0 0.0 0.966789
Person 0.0 0 0.0 883.359375 114.169922 995.390625 424.248047 0.0 0.0 0.0 0.0 0.0 0.0 0.0 0.970013
