Person 0.0 0 0.0 123.398438 17.270508 198.632812 172.573242 0.0 0.0 0.0 0.0 0.0 0.0 0.0 0.325521
Person 0.0 0 0.0 1250.156250 50.493164 1311.093750 251.938477 0.0 0.0 0.0 0.0 0.0 0.0 0.0 0.386763
Person 0.0 0 0.0 1109.707031 0.000000 1147.792969 87.176514 0.0 0.0 0.0 0.0 0.0 0.0 0.0 0.430147
Person 0.0 0 0.0 213.574219 0.000000 258.457031 92.581787 0.0 0.0 0.0 0.0 0.0 0.0 0.0 0.517571
Person 0.0 0 0.0 351.738281 0.000000 403.417969 78.607178 0.0 0.0 0.0 0.0 0.0 0.0 0.0 0.622459
Person 0.0 0 0.0 261.342773 0.000000 319.907227 107.083740 0.0 0.0 0.0 0.0 0.0 0.0 0.0 0.631594
Person 0.0 0 0.0 458.774414 0.000000 516.225586 118.223877 0.0 0.0 0.0 0.0 0.0 0.0 0.0 0.662796
Person 0.0 0 0.0 115.400391 21.423340 190.927734 192.678223 0.0 0.0 0.0 0.0 0.0 0.0 0.0 0.794385
Person 0.0 0 0.0 181.523438 0.164795 239.648438 131.802979 0.0 0.0 0.0 0.0 0.0 0.0 0.0 0.809878
Person 0.0 0 0.0 427.207031 22.016602 491.074219 156.621094 0.0 0.0 0.0 0.0 0.0 0.0 0.0 0.845433
Person 0.0 0 0.0 1463.613281 62.556152 1540.136719 254.113770 0.0 0.0 0.0 0.0 0.0 0.0 0.0 0.852935
Person 0.0 0 0.0 1039.394531 307.836914 1203.105469 689.370117 0.0 0.0 0.0 0.0 0.0 0.0 0.0 0.904651
Person 0.0 0 0.0 1037.109375 432.421875 1209.140625 817.382812 0.0 0.0 0.0 0.0 0.0 0.0 0.0 0.935346
Person 0.0 0 0.0 350.009766 68.686523 444.521484 395.112305 0.0 0.0 0.0 0.0 0.0 0.0 0.0 0.941223
Person 0.0 0 0.0 1203.046875 52.207031 1286.953125 274.746094 0.0 0.0 0.0 0.0 0.0 0.0 0.0 0.942082
Person 0.0 0 0.0 1053.632812 98.481445 1141.992188 369.536133 0.0 0.0 0.0 0.0 0.0 0.0 0.0 0.942295
Person 0.0 0 0.0 440.244141 104.809570 545.068359 430.444336 0.0 0.0 0.0 0.0 0.0 0.0 0.0 0.944587
Person 0.0 0 0.0 1398.017578 74.223633 1465.107422 241.391602 0.0 0.0 0.0 0.0 0.0 0.0 0.0 0.950960
Person 0.0 0 0.0 891.826172 111.269531 979.423828 427.412109 0.0 0.0 0.0 0.0 0.0 0.0 0.0 0.953449
Person 0.0 0 0.0 970.136719 148.447266 1071.738281 469.072266 0.0 0.0 0.0 0.0 0.0 0.0 0.0 0.954478
