Person 0.0 0 0.0 433.974609 34.343262 523.212891 287.863770 0.0 0.0 0.0 0.0 0.0 0.0 0.0 0.360264
Person 0.0 0 0.0 1694.677734 298.674316 1772.197266 412.712402 0.0 0.0 0.0 0.0 0.0 0.0 0.0 0.399812
Person 0.0 0 0.0 432.832031 33.222656 515.917969 189.316406 0.0 0.0 0.0 0.0 0.0 0.0 0.0 0.402627
Person 0.0 0 0.0 1111.611328 0.164795 1147.763672 87.901611 0.0 0.0 0.0 0.0 0.0 0.0 0.0 0.464902
Person 0.0 0 0.0 217.133789 0.000000 249.741211 100.393066 0.0 0.0 0.0 0.0 0.0 0.0 0.0 0.514644
Person 0.0 0 0.0 989.882812 292.016602 1153.242188 674.077148 0.0 0.0 0.0 0.0 0.0 0.0 0.0 0.539954
Person 0.0 0 0.0 362.314453 0.000000 407.373047 71.092529 0.0 0.0 0.0 0.0 0.0 0.0 0.0 0.581303
Person 0.0 0 0.0 269.619141 0.000000 321.005859 108.929443 0.0 0.0 0.0 0.0 0.0 0.0 0.0 0.586996
Person 0.0 0 0.0 1463.583984 63.347168 1543.916016 252.795410 0.0 0.0 0.0 0.0 0.0 0.0 0.0 0.628863
Person 0.0 0 0.0 405.263672 0.000000 457.236328 112.818604 0.0 0.0 0.0 0.0 0.0 0.0 0.0 0.637031
Person 0.0 0 0.0 1588.769531 191.821289 1683.105469 403.549805 0.0 0.0 0.0 0.0 0.0 0.0 0.0 0.779993
Person 0.0 0 0.0 191.191406 0.560303 239.824219 130.418701 0.0 0.0 0.0 0.0 0.0 0.0 0.0 0.823328
Person 0.0 0 0.0 482.812500 0.395508 554.062500 188.393555 0.0 0.0 0.0 0.0 0.0 0.0 0.0 0.919353
Person 0.0 0 0.0 1136.660156 16.149902 1227.714844 204.016113 0.0 0.0 0.0 0.0 0.0 0.0 0.0 0.921074
Person 0.0 0 0.0 973.535156 423.193359 1150.839844 817.119141 0.0 0.0 0.0 0.0 0.0 0.0 0.0 0.928149
Person 0.0 0 0.0 1263.164062 145.546875 1359.960938 408.164062 0.0 0.0 0.0 0.0 0.0 0.0 0.0 0.930205
Person 0.0 0 0.0 1398.134766 76.992188 1468.740234 241.523438 0.0 0.0 0.0 0.0 0.0 0.0 0.0 0.940790
Person 0.0 0 0.0 357.246094 67.236328 449.003906 395.507812 0.0 0.0 0.0 0.0 0.0 0.0 0.0 0.944587
Person 0.0 0 0.0 437.988281 105.600586 543.574219 428.071289 0.0 0.0 0.0 0.0 0.0 0.0 0.0 0.961389
Person 0.0 0 0.0 1163.525391 59.326172 1260.849609 304.013672 0.0 0.0 0.0 0.0 0.0 0.0 0.0 0.967287
