Person 0.0 0 0.0 1491.708984 100.854492 1581.416016 275.141602 0.0 0.0 0.0 0.0 0.0 0.0 0.0 0.395134
Person 0.0 0 0.0 1110.791016 0.000000 1148.583984 87.802734 0.0 0.0 0.0 0.0 0.0 0.0 0.0 0.456167
Person 0.0 0 0.0 1643.320312 171.848145 1720.429688 376.589355 0.0 0.0 0.0 0.0 0.0 0.0 0.0 0.521471
Person 0.0 0 0.0 1075.605469 321.679688 1243.769531 693.984375 0.0 0.0 0.0 0.0 0.0 0.0 0.0 0.602997
Person 0.0 0 0.0 254.692383 0.000000 304.995117 103.392334 0.0 0.0 0.0 0.0 0.0 0.0 0.0 0.641535
Person 0.0 0 0.0 123.896484 0.000000 169.541016 91.263428 0.0 0.0 0.0 0.0 0.0 0.0 0.0 0.808067
Person 0.0 0 0.0 40.502930 22.148438 81.372070 167.036133 0.0 0.0 0.0 0.0 0.0 0.0 0.0 0.833325
Person 0.0 0 0.0 1436.074219 61.171875 1487.050781 219.638672 0.0 0.0 0.0 0.0 0.0 0.0 0.0 0.838680
Person 0.0 0 0.0 1555.458984 74.685059 1609.541016 206.125488 0.0 0.0 0.0 0.0 0.0 0.0 0.0 0.840259
Person 0.0 0 0.0 180.205078 0.000000 236.044922 133.714600 0.0 0.0 0.0 0.0 0.0 0.0 0.0 0.868827
Person 0.0 0 0.0 889.628906 104.150391 951.621094 395.771484 0.0 0.0 0.0 0.0 0.0 0.0 0.0 0.872347
Person 0.0 0 0.0 158.789062 118.256836 309.726562 444.418945 0.0 0.0 0.0 0.0 0.0 0.0 0.0 0.926570
Person 0.0 0 0.0 1073.906250 426.752930 1258.593750 814.614258 0.0 0.0 0.0 0.0 0.0 0.0 0.0 0.937669
Person 0.0 0 0.0 957.216797 165.717773 1052.783203 500.844727 0.0 0.0 0.0 0.0 0.0 0.0 0.0 0.943764
Person 0.0 0 0.0 1521.914062 234.602051 1656.210938 475.729980 0.0 0.0 0.0 0.0 0.0 0.0 0.0 0.946399
Person 0.0 0 0.0 330.205078 122.871094 422.138672 436.640625 0.0 0.0 0.0 0.0 0.0 0.0 0.0 0.952220
Person 0.0 0 0.0 1265.156250 38.166504 1341.093750 259.255371 0.0 0.0 0.0 0.0 0.0 0.0 0.0 0.953275
Person 0.0 0 0.0 816.005859 151.479492 923.994141 500.317383 0.0 0.0 0.0 0.0 0.0 0.0 0.0 0.954137
Person 0.0 0 0.0 1273.593750 76.333008 1372.031250 303.090820 0.0 0.0 0.0 0.0 0.0 0.0 0.0 0.956472
Person 0.0 0 0.0 1144.628906 35.266113 1274.121094 280.876465 0.0 0.0 0.0 0.0 0.0 0.0 0.0 0.967778
