Person 0.0 0 0.0 431.777344 37.441406 500.566406 157.807617 0.0 0.0 0.0 0.0 0.0 0.0 0.0 0.314051
Person 0.0 0 0.0 1306.772461 58.535156 1365.102539 269.736328 0.0 0.0 0.0 0.0 0.0 0.0 0.0 0.320396
Person 0.0 0 0.0 1314.067383 58.864746 1363.432617 153.786621 0.0 0.0 0.0 0.0 0.0 0.0 0.0 0.354433
Person 0.0 0 0.0 1109.604492 0.164795 1147.895508 87.572021 0.0 0.0 0.0 0.0 0.0 0.0 0.0 0.404507
Person 0.0 0 0.0 431.835938 36.914062 533.789062 285.556641 0.0 0.0 0.0 0.0 0.0 0.0 0.0 0.428233
Person 0.0 0 0.0 420.117188 0.000000 465.351562 84.605713 0.0 0.0 0.0 0.0 0.0 0.0 0.0 0.450359
Person 0.0 0 0.0 459.873047 0.000000 513.251953 108.533936 0.0 0.0 0.0 0.0 0.0 0.0 0.0 0.458106
Person 0.0 0 0.0 222.758789 0.000000 268.491211 86.912842 0.0 0.0 0.0 0.0 0.0 0.0 0.0 0.534127
Person 0.0 0 0.0 1464.902344 65.720215 1542.597656 256.486816 0.0 0.0 0.0 0.0 0.0 0.0 0.0 0.596433
Person 0.0 0 0.0 268.652344 0.000000 314.472656 108.336182 0.0 0.0 0.0 0.0 0.0 0.0 0.0 0.654011
Person 0.0 0 0.0 1254.111328 88.461914 1344.638672 307.836914 0.0 0.0 0.0 0.0 0.0 0.0 0.0 0.802556
Person 0.0 0 0.0 1.640625 43.439941 56.455078 220.363770 0.0 0.0 0.0 0.0 0.0 0.0 0.0 0.855851
Person 0.0 0 0.0 187.265625 0.593262 238.359375 131.572266 0.0 0.0 0.0 0.0 0.0 0.0 0.0 0.882022
Person 0.0 0 0.0 882.597656 119.707031 961.464844 426.621094 0.0 0.0 0.0 0.0 0.0 0.0 0.0 0.901575
Person 0.0 0 0.0 1054.394531 292.939453 1169.355469 673.154297 0.0 0.0 0.0 0.0 0.0 0.0 0.0 0.913984
Person 0.0 0 0.0 1397.607422 76.530762 1467.392578 241.984863 0.0 0.0 0.0 0.0 0.0 0.0 0.0 0.927363
Person 0.0 0 0.0 977.460938 407.109375 1135.664062 819.492188 0.0 0.0 0.0 0.0 0.0 0.0 0.0 0.932453
Person 0.0 0 0.0 1130.156250 140.800781 1228.593750 406.054688 0.0 0.0 0.0 0.0 0.0 0.0 0.0 0.935110
Person 0.0 0 0.0 355.898438 70.400391 446.601562 395.771484 0.0 0.0 0.0 0.0 0.0 0.0 0.0 0.943348
Person 0.0 0 0.0 443.261719 107.578125 544.863281 430.312500 0.0 0.0 0.0 0.0 0.0 0.0 0.0 0.944177
