Person 0.0 0 0.0 1485.644531 112.060547 1591.230469 270.527344 0.0 0.0 0.0 0.0 0.0 0.0 0.0 0.308190
Person 0.0 0 0.0 1112.080078 0.000000 1147.294922 85.561523 0.0 0.0 0.0 0.0 0.0 0.0 0.0 0.466846
Person 0.0 0 0.0 1680.996094 301.475830 1774.628906 415.711670 0.0 0.0 0.0 0.0 0.0 0.0 0.0 0.526343
Person 0.0 0 0.0 431.748047 35.925293 522.626953 288.654785 0.0 0.0 0.0 0.0 0.0 0.0 0.0 0.535098
Person 0.0 0 0.0 987.773438 299.926758 1140.351562 673.022461 0.0 0.0 0.0 0.0 0.0 0.0 0.0 0.539954
Person 0.0 0 0.0 266.455078 0.000000 316.669922 107.545166 0.0 0.0 0.0 0.0 0.0 0.0 0.0 0.587943
Person 0.0 0 0.0 358.037109 0.000000 398.994141 83.715820 0.0 0.0 0.0 0.0 0.0 0.0 0.0 0.590779
Person 0.0 0 0.0 1471.699219 71.718750 1558.300781 268.681641 0.0 0.0 0.0 0.0 0.0 0.0 0.0 0.626124
Person 0.0 0 0.0 401.396484 0.000000 460.166016 112.126465 0.0 0.0 0.0 0.0 0.0 0.0 0.0 0.647798
Person 0.0 0 0.0 193.520508 0.000000 240.307617 131.671143 0.0 0.0 0.0 0.0 0.0 0.0 0.0 0.664540
Person 0.0 0 0.0 154.453125 0.296631 210.937500 130.682373 0.0 0.0 0.0 0.0 0.0 0.0 0.0 0.771843
Person 0.0 0 0.0 491.337891 0.000000 569.912109 159.191895 0.0 0.0 0.0 0.0 0.0 0.0 0.0 0.815233
Person 0.0 0 0.0 973.886719 417.788086 1135.488281 816.196289 0.0 0.0 0.0 0.0 0.0 0.0 0.0 0.949482
Person 0.0 0 0.0 359.062500 68.159180 445.312500 394.584961 0.0 0.0 0.0 0.0 0.0 0.0 0.0 0.954478
Person 0.0 0 0.0 438.486328 106.655273 540.263672 427.543945 0.0 0.0 0.0 0.0 0.0 0.0 0.0 0.957754
Person 0.0 0 0.0 1295.273438 118.850098 1397.226562 364.460449 0.0 0.0 0.0 0.0 0.0 0.0 0.0 0.959459
Person 0.0 0 0.0 1163.671875 66.379395 1256.953125 316.472168 0.0 0.0 0.0 0.0 0.0 0.0 0.0 0.964187
Person 0.0 0 0.0 1464.082031 182.592773 1592.167969 389.047852 0.0 0.0 0.0 0.0 0.0 0.0 0.0 0.966789
Person 0.0 0 0.0 1397.812500 75.805664 1469.062500 241.391602 0.0 0.0 0.0 0.0 0.0 0.0 0.0 0.967656
Person 0.0 0 0.0 1135.839844 21.555176 1202.285156 241.062012 0.0 0.0 0.0 0.0 0.0 0.0 0.0 0.977023
