Person 0.0 0 0.0 1313.041992 59.293213 1362.583008 154.017334 0.0 0.0 0.0 0.0 0.0 0.0 0.0 0.386763
Person 0.0 0 0.0 434.443359 36.320801 501.650391 154.577637 0.0 0.0 0.0 0.0 0.0 0.0 0.0 0.399812
Person 0.0 0 0.0 1109.311523 0.065918 1148.188477 87.473145 0.0 0.0 0.0 0.0 0.0 0.0 0.0 0.404507
Person 0.0 0 0.0 436.054688 35.595703 537.070312 285.029297 0.0 0.0 0.0 0.0 0.0 0.0 0.0 0.448426
Person 0.0 0 0.0 1465.371094 66.774902 1545.878906 262.287598 0.0 0.0 0.0 0.0 0.0 0.0 0.0 0.479504
Person 0.0 0 0.0 460.429688 0.000000 512.695312 110.808105 0.0 0.0 0.0 0.0 0.0 0.0 0.0 0.529263
Person 0.0 0 0.0 222.084961 0.000000 268.696289 87.473145 0.0 0.0 0.0 0.0 0.0 0.0 0.0 0.568895
Person 0.0 0 0.0 411.635742 0.000000 452.739258 114.367676 0.0 0.0 0.0 0.0 0.0 0.0 0.0 0.695131
Person 0.0 0 0.0 1255.458984 88.659668 1345.166016 307.639160 0.0 0.0 0.0 0.0 0.0 0.0 0.0 0.695958
Person 0.0 0 0.0 268.652344 0.000000 314.472656 109.028320 0.0 0.0 0.0 0.0 0.0 0.0 0.0 0.762070
Person 0.0 0 0.0 0.585938 36.650391 51.972656 207.905273 0.0 0.0 0.0 0.0 0.0 0.0 0.0 0.862468
Person 0.0 0 0.0 187.280273 0.494385 239.047852 131.934814 0.0 0.0 0.0 0.0 0.0 0.0 0.0 0.898767
Person 0.0 0 0.0 882.539062 119.707031 961.523438 426.621094 0.0 0.0 0.0 0.0 0.0 0.0 0.0 0.921074
Person 0.0 0 0.0 975.878906 397.221680 1099.746094 817.778320 0.0 0.0 0.0 0.0 0.0 0.0 0.0 0.929696
Person 0.0 0 0.0 1397.460938 76.530762 1467.539062 241.984863 0.0 0.0 0.0 0.0 0.0 0.0 0.0 0.944587
Person 0.0 0 0.0 1140.322266 136.977539 1233.427734 415.151367 0.0 0.0 0.0 0.0 0.0 0.0 0.0 0.952574
Person 0.0 0 0.0 1059.609375 292.016602 1173.515625 669.858398 0.0 0.0 0.0 0.0 0.0 0.0 0.0 0.956957
Person 0.0 0 0.0 445.869141 106.787109 545.068359 430.839844 0.0 0.0 0.0 0.0 0.0 0.0 0.0 0.958070
Person 0.0 0 0.0 356.455078 70.400391 450.263672 395.771484 0.0 0.0 0.0 0.0 0.0 0.0 0.0 0.962108
