Person 0.0 0 0.0 1096.003418 0.000000 1120.246582 72.147217 0.0 0.0 0.0 0.0 0.0 0.0 0.0 0.317426
Person 0.0 0 0.0 1494.580078 99.667969 1589.794922 274.218750 0.0 0.0 0.0 0.0 0.0 0.0 0.0 0.433022
Person 0.0 0 0.0 1462.324219 71.323242 1530.175781 255.629883 0.0 0.0 0.0 0.0 0.0 0.0 0.0 0.452294
Person 0.0 0 0.0 1339.101562 53.459473 1392.773438 269.538574 0.0 0.0 0.0 0.0 0.0 0.0 0.0 0.459076
Person 0.0 0 0.0 1112.226562 0.000000 1147.148438 86.715088 0.0 0.0 0.0 0.0 0.0 0.0 0.0 0.461017
Person 0.0 0 0.0 1442.211914 65.192871 1499.663086 212.980957 0.0 0.0 0.0 0.0 0.0 0.0 0.0 0.554470
Person 0.0 0 0.0 795.761719 125.244141 872.988281 431.103516 0.0 0.0 0.0 0.0 0.0 0.0 0.0 0.665411
Person 0.0 0 0.0 1156.171875 317.592773 1262.578125 663.266602 0.0 0.0 0.0 0.0 0.0 0.0 0.0 0.763484
Person 0.0 0 0.0 1214.179688 0.000000 1287.070312 182.460938 0.0 0.0 0.0 0.0 0.0 0.0 0.0 0.832781
Person 0.0 0 0.0 215.537109 0.131836 270.556641 114.565430 0.0 0.0 0.0 0.0 0.0 0.0 0.0 0.851953
Person 0.0 0 0.0 155.097656 4.350586 197.167969 147.260742 0.0 0.0 0.0 0.0 0.0 0.0 0.0 0.861072
Person 0.0 0 0.0 796.347656 191.030273 921.152344 560.961914 0.0 0.0 0.0 0.0 0.0 0.0 0.0 0.916708
Person 0.0 0 0.0 444.814453 11.601562 524.560547 214.892578 0.0 0.0 0.0 0.0 0.0 0.0 0.0 0.922203
Person 0.0 0 0.0 1073.378906 423.720703 1260.996094 814.482422 0.0 0.0 0.0 0.0 0.0 0.0 0.0 0.934155
Person 0.0 0 0.0 127.910156 102.568359 251.308594 417.919922 0.0 0.0 0.0 0.0 0.0 0.0 0.0 0.950041
Person 0.0 0 0.0 1034.824219 92.021484 1121.425781 383.115234 0.0 0.0 0.0 0.0 0.0 0.0 0.0 0.954137
Person 0.0 0 0.0 1170.556641 5.998535 1255.693359 227.351074 0.0 0.0 0.0 0.0 0.0 0.0 0.0 0.959459
Person 0.0 0 0.0 1289.121094 88.791504 1379.003906 319.899902 0.0 0.0 0.0 0.0 0.0 0.0 0.0 0.964987
Person 0.0 0 0.0 1063.183594 134.736328 1190.566406 442.705078 0.0 0.0 0.0 0.0 0.0 0.0 0.0 0.969091
Person 0.0 0 0.0 1267.675781 19.248047 1351.699219 202.104492 0.0 0.0 0.0 0.0 0.0 0.0 0.0 0.972204
