Person 0.0 0 0.0 1125.351562 344.058838 1261.523438 473.323975 0.0 0.0 0.0 0.0 0.0 0.0 0.0 0.373876
Person 0.0 0 0.0 199.475098 0.000000 229.196777 57.892456 0.0 0.0 0.0 0.0 0.0 0.0 0.0 0.416797
Person 0.0 0 0.0 268.769531 0.000000 297.480469 80.848389 0.0 0.0 0.0 0.0 0.0 0.0 0.0 0.425367
Person 0.0 0 0.0 1434.492188 63.610840 1498.007812 211.662598 0.0 0.0 0.0 0.0 0.0 0.0 0.0 0.441673
Person 0.0 0 0.0 0.468750 230.449219 87.070312 533.144531 0.0 0.0 0.0 0.0 0.0 0.0 0.0 0.582254
Person 0.0 0 0.0 1496.367188 111.071777 1591.757812 275.207520 0.0 0.0 0.0 0.0 0.0 0.0 0.0 0.622459
Person 0.0 0 0.0 231.489258 0.000000 277.573242 113.939209 0.0 0.0 0.0 0.0 0.0 0.0 0.0 0.867036
Person 0.0 0 0.0 1236.943359 13.776855 1314.931641 200.324707 0.0 0.0 0.0 0.0 0.0 0.0 0.0 0.924415
Person 0.0 0 0.0 157.924805 1.516113 216.606445 137.570801 0.0 0.0 0.0 0.0 0.0 0.0 0.0 0.929951
Person 0.0 0 0.0 929.941406 103.754883 1014.433594 399.594727 0.0 0.0 0.0 0.0 0.0 0.0 0.0 0.930711
Person 0.0 0 0.0 1073.027344 408.295898 1255.722656 815.141602 0.0 0.0 0.0 0.0 0.0 0.0 0.0 0.934872
Person 0.0 0 0.0 1043.701172 143.173828 1163.173828 454.306641 0.0 0.0 0.0 0.0 0.0 0.0 0.0 0.939471
Person 0.0 0 0.0 1122.392578 0.000000 1193.232422 198.413086 0.0 0.0 0.0 0.0 0.0 0.0 0.0 0.949482
Person 0.0 0 0.0 1242.011719 241.523438 1367.988281 562.148438 0.0 0.0 0.0 0.0 0.0 0.0 0.0 0.949856
Person 0.0 0 0.0 474.492188 35.727539 548.320312 286.479492 0.0 0.0 0.0 0.0 0.0 0.0 0.0 0.953275
Person 0.0 0 0.0 77.080078 22.346191 123.076172 165.124512 0.0 0.0 0.0 0.0 0.0 0.0 0.0 0.954478
Person 0.0 0 0.0 1417.968750 144.689941 1512.656250 386.608887 0.0 0.0 0.0 0.0 0.0 0.0 0.0 0.964987
Person 0.0 0 0.0 1310.507812 58.337402 1398.867188 274.943848 0.0 0.0 0.0 0.0 0.0 0.0 0.0 0.969324
Person 0.0 0 0.0 1402.998047 44.230957 1482.626953 226.560059 0.0 0.0 0.0 0.0 0.0 0.0 0.0 0.978219
