Person 0.0 0 0.0 431.132812 36.254883 523.710938 288.061523 0.0 0.0 0.0 0.0 0.0 0.0 0.0 0.466846
Person 0.0 0 0.0 167.973633 0.000000 202.104492 87.967529 0.0 0.0 0.0 0.0 0.0 0.0 0.0 0.517571
Person 0.0 0 0.0 357.407227 0.000000 398.217773 75.080566 0.0 0.0 0.0 0.0 0.0 0.0 0.0 0.543832
Person 0.0 0 0.0 265.473633 0.000000 315.776367 108.237305 0.0 0.0 0.0 0.0 0.0 0.0 0.0 0.554470
Person 0.0 0 0.0 1464.873047 62.226562 1544.501953 252.070312 0.0 0.0 0.0 0.0 0.0 0.0 0.0 0.564098
Person 0.0 0 0.0 1113.222656 0.000000 1148.027344 80.024414 0.0 0.0 0.0 0.0 0.0 0.0 0.0 0.567937
Person 0.0 0 0.0 540.703125 713.825684 761.484375 983.166504 0.0 0.0 0.0 0.0 0.0 0.0 0.0 0.574633
Person 0.0 0 0.0 1674.228516 296.894531 1781.396484 543.691406 0.0 0.0 0.0 0.0 0.0 0.0 0.0 0.639736
Person 0.0 0 0.0 986.484375 295.180664 1151.015625 671.967773 0.0 0.0 0.0 0.0 0.0 0.0 0.0 0.675765
Person 0.0 0 0.0 391.406250 0.000000 452.343750 111.829834 0.0 0.0 0.0 0.0 0.0 0.0 0.0 0.681727
Person 0.0 0 0.0 192.641602 0.922852 238.374023 130.319824 0.0 0.0 0.0 0.0 0.0 0.0 0.0 0.791821
Person 0.0 0 0.0 467.197266 0.000000 550.927734 173.232422 0.0 0.0 0.0 0.0 0.0 0.0 0.0 0.875361
Person 0.0 0 0.0 1290.234375 130.385742 1379.765625 391.948242 0.0 0.0 0.0 0.0 0.0 0.0 0.0 0.932453
Person 0.0 0 0.0 1397.138672 74.882812 1467.861328 241.523438 0.0 0.0 0.0 0.0 0.0 0.0 0.0 0.943764
Person 0.0 0 0.0 973.007812 417.260742 1125.117188 816.723633 0.0 0.0 0.0 0.0 0.0 0.0 0.0 0.944995
Person 0.0 0 0.0 1538.847656 194.787598 1671.152344 406.911621 0.0 0.0 0.0 0.0 0.0 0.0 0.0 0.946794
Person 0.0 0 0.0 358.242188 68.950195 448.476562 394.848633 0.0 0.0 0.0 0.0 0.0 0.0 0.0 0.958070
Person 0.0 0 0.0 438.251953 107.841797 543.310547 429.785156 0.0 0.0 0.0 0.0 0.0 0.0 0.0 0.960805
Person 0.0 0 0.0 1163.261719 59.853516 1264.863281 304.013672 0.0 0.0 0.0 0.0 0.0 0.0 0.0 0.973037
Person 0.0 0 0.0 1113.339844 7.976074 1189.160156 218.913574 0.0 0.0 0.0 0.0 0.0 0.0 0.0 0.974043
