Person 0.0 0 0.0 329.941406 0.065918 363.808594 82.727051 0.0 0.0 0.0 0.0 0.0 0.0 0.0 0.372962
Person 0.0 0 0.0 478.608398 0.000000 528.266602 107.545166 0.0 0.0 0.0 0.0 0.0 0.0 0.0 0.575588
Person 0.0 0 0.0 357.084961 0.000000 415.415039 117.268066 0.0 0.0 0.0 0.0 0.0 0.0 0.0 0.641535
Person 0.0 0 0.0 187.426758 0.032959 238.901367 131.671143 0.0 0.0 0.0 0.0 0.0 0.0 0.0 0.800692
Person 0.0 0 0.0 260.639648 4.482422 310.766602 209.223633 0.0 0.0 0.0 0.0 0.0 0.0 0.0 0.819893
Person 0.0 0 0.0 435.439453 0.000000 490.341797 113.049316 0.0 0.0 0.0 0.0 0.0 0.0 0.0 0.826712
Person 0.0 0 0.0 288.984375 42.253418 357.890625 275.734863 0.0 0.0 0.0 0.0 0.0 0.0 0.0 0.902610
Person 0.0 0 0.0 1086.093750 287.666016 1207.031250 601.435547 0.0 0.0 0.0 0.0 0.0 0.0 0.0 0.907312
Person 0.0 0 0.0 1401.884766 76.135254 1468.740234 242.644043 0.0 0.0 0.0 0.0 0.0 0.0 0.0 0.920790
Person 0.0 0 0.0 1313.730469 127.419434 1414.394531 362.482910 0.0 0.0 0.0 0.0 0.0 0.0 0.0 0.939692
Person 0.0 0 0.0 1065.527344 0.988770 1141.347656 181.472168 0.0 0.0 0.0 0.0 0.0 0.0 0.0 0.946200
Person 0.0 0 0.0 973.066406 418.315430 1138.183594 815.668945 0.0 0.0 0.0 0.0 0.0 0.0 0.0 0.959611
Person 0.0 0 0.0 999.697266 101.909180 1090.927734 400.385742 0.0 0.0 0.0 0.0 0.0 0.0 0.0 0.961965
Person 0.0 0 0.0 436.406250 101.909180 545.156250 430.708008 0.0 0.0 0.0 0.0 0.0 0.0 0.0 0.962953
Person 0.0 0 0.0 357.304688 69.082031 445.195312 396.826172 0.0 0.0 0.0 0.0 0.0 0.0 0.0 0.963092
Person 0.0 0 0.0 1060.107422 93.339844 1176.767578 368.613281 0.0 0.0 0.0 0.0 0.0 0.0 0.0 0.969785
Person 0.0 0 0.0 1270.488281 65.654297 1348.886719 287.929688 0.0 0.0 0.0 0.0 0.0 0.0 0.0 0.971564
