Person 0.0 0 0.0 1508.598633 56.854248 1568.276367 189.283447 0.0 0.0 0.0 0.0 0.0 0.0 0.0 0.344223
Person 0.0 0 0.0 1516.889648 56.936646 1567.485352 121.964722 0.0 0.0 0.0 0.0 0.0 0.0 0.0 0.352648
Person 0.0 0 0.0 1542.363281 114.235840 1611.386719 310.012207 0.0 0.0 0.0 0.0 0.0 0.0 0.0 0.402627
Person 0.0 0 0.0 1112.182617 0.098877 1147.192383 87.967529 0.0 0.0 0.0 0.0 0.0 0.0 0.0 0.449393
Person 0.0 0 0.0 0.468750 231.767578 87.246094 537.626953 0.0 0.0 0.0 0.0 0.0 0.0 0.0 0.596433
Person 0.0 0 0.0 978.193359 132.890625 1063.681641 439.804688 0.0 0.0 0.0 0.0 0.0 0.0 0.0 0.655777
Person 0.0 0 0.0 1073.203125 340.532227 1238.671875 697.280273 0.0 0.0 0.0 0.0 0.0 0.0 0.0 0.684264
Person 0.0 0 0.0 1074.023438 426.489258 1265.976562 813.823242 0.0 0.0 0.0 0.0 0.0 0.0 0.0 0.763484
Person 0.0 0 0.0 1436.718750 64.138184 1488.281250 219.309082 0.0 0.0 0.0 0.0 0.0 0.0 0.0 0.782662
Person 0.0 0 0.0 240.512695 0.000000 300.424805 109.588623 0.0 0.0 0.0 0.0 0.0 0.0 0.0 0.793106
Person 0.0 0 0.0 1685.800781 348.244629 1844.824219 592.009277 0.0 0.0 0.0 0.0 0.0 0.0 0.0 0.818737
Person 0.0 0 0.0 132.875977 2.109375 174.624023 126.694336 0.0 0.0 0.0 0.0 0.0 0.0 0.0 0.868827
Person 0.0 0 0.0 1119.609375 0.263672 1205.390625 174.814453 0.0 0.0 0.0 0.0 0.0 0.0 0.0 0.907640
Person 0.0 0 0.0 172.104492 0.131836 222.817383 135.922852 0.0 0.0 0.0 0.0 0.0 0.0 0.0 0.915205
Person 0.0 0 0.0 831.796875 164.399414 923.203125 502.163086 0.0 0.0 0.0 0.0 0.0 0.0 0.0 0.920504
Person 0.0 0 0.0 1274.707031 46.604004 1357.792969 260.837402 0.0 0.0 0.0 0.0 0.0 0.0 0.0 0.926835
Person 0.0 0 0.0 1159.687500 39.287109 1259.062500 292.412109 0.0 0.0 0.0 0.0 0.0 0.0 0.0 0.944382
Person 0.0 0 0.0 350.712891 118.916016 448.037109 430.048828 0.0 0.0 0.0 0.0 0.0 0.0 0.0 0.945601
Person 0.0 0 0.0 1298.671875 90.703125 1388.203125 322.207031 0.0 0.0 0.0 0.0 0.0 0.0 0.0 0.948917
Person 0.0 0 0.0 998.378906 130.122070 1124.121094 481.596680 0.0 0.0 0.0 0.0 0.0 0.0 0.0 0.951323
