Person 0.0 0 0.0 86.381836 0.032959 115.649414 99.964600 0.0 0.0 0.0 0.0 0.0 0.0 0.0 0.382141
Person 0.0 0 0.0 1082.753906 280.019531 1219.746094 660.234375 0.0 0.0 0.0 0.0 0.0 0.0 0.0 0.383988
Person 0.0 0 0.0 1090.488281 280.942383 1219.511719 554.370117 0.0 0.0 0.0 0.0 0.0 0.0 0.0 0.405449
Person 0.0 0 0.0 265.737305 0.065918 310.356445 109.226074 0.0 0.0 0.0 0.0 0.0 0.0 0.0 0.534127
Person 0.0 0 0.0 103.754883 0.000000 146.791992 107.281494 0.0 0.0 0.0 0.0 0.0 0.0 0.0 0.680029
Person 0.0 0 0.0 1154.853516 0.000000 1226.396484 188.063965 0.0 0.0 0.0 0.0 0.0 0.0 0.0 0.706596
Person 0.0 0 0.0 1464.257812 63.544922 1539.492188 253.388672 0.0 0.0 0.0 0.0 0.0 0.0 0.0 0.740174
Person 0.0 0 0.0 403.432617 0.000000 459.067383 118.190918 0.0 0.0 0.0 0.0 0.0 0.0 0.0 0.750553
Person 0.0 0 0.0 800.625000 162.685547 886.875000 524.970703 0.0 0.0 0.0 0.0 0.0 0.0 0.0 0.766294
Person 0.0 0 0.0 183.793945 0.000000 233.159180 132.033691 0.0 0.0 0.0 0.0 0.0 0.0 0.0 0.797557
Person 0.0 0 0.0 1226.718750 451.010742 1411.406250 848.364258 0.0 0.0 0.0 0.0 0.0 0.0 0.0 0.825590
Person 0.0 0 0.0 749.414062 250.092773 871.523438 663.266602 0.0 0.0 0.0 0.0 0.0 0.0 0.0 0.911495
Person 0.0 0 0.0 1038.046875 443.100586 1249.453125 826.743164 0.0 0.0 0.0 0.0 0.0 0.0 0.0 0.919353
Person 0.0 0 0.0 328.037109 78.046875 424.306641 410.800781 0.0 0.0 0.0 0.0 0.0 0.0 0.0 0.928668
Person 0.0 0 0.0 1398.339844 74.157715 1464.785156 242.248535 0.0 0.0 0.0 0.0 0.0 0.0 0.0 0.942295
Person 0.0 0 0.0 432.773438 140.009766 540.351562 427.412109 0.0 0.0 0.0 0.0 0.0 0.0 0.0 0.943764
Person 0.0 0 0.0 1066.318359 0.000000 1133.056641 224.648438 0.0 0.0 0.0 0.0 0.0 0.0 0.0 0.948728
Person 0.0 0 0.0 1149.404297 25.971680 1226.220703 237.041016 0.0 0.0 0.0 0.0 0.0 0.0 0.0 0.956634
Person 0.0 0 0.0 861.943359 113.774414 969.931641 426.225586 0.0 0.0 0.0 0.0 0.0 0.0 0.0 0.957912
Person 0.0 0 0.0 955.136719 150.424805 1067.988281 477.641602 0.0 0.0 0.0 0.0 0.0 0.0 0.0 0.960952
