Person 0.0 0 0.0 1096.420898 0.000000 1119.829102 71.619873 0.0 0.0 0.0 0.0 0.0 0.0 0.0 0.320821
Person 0.0 0 0.0 1491.767578 99.008789 1592.607422 275.405273 0.0 0.0 0.0 0.0 0.0 0.0 0.0 0.332852
Person 0.0 0 0.0 1462.441406 67.631836 1528.183594 254.838867 0.0 0.0 0.0 0.0 0.0 0.0 0.0 0.361165
Person 0.0 0 0.0 1286.806641 18.424072 1351.318359 149.271240 0.0 0.0 0.0 0.0 0.0 0.0 0.0 0.449393
Person 0.0 0 0.0 1108.139648 0.032959 1147.485352 85.726318 0.0 0.0 0.0 0.0 0.0 0.0 0.0 0.467818
Person 0.0 0 0.0 1442.592773 65.324707 1501.157227 211.794434 0.0 0.0 0.0 0.0 0.0 0.0 0.0 0.576542
Person 0.0 0 0.0 607.558594 122.343750 736.816406 438.222656 0.0 0.0 0.0 0.0 0.0 0.0 0.0 0.671471
Person 0.0 0 0.0 1146.650391 313.901367 1255.224609 660.629883 0.0 0.0 0.0 0.0 0.0 0.0 0.0 0.791821
Person 0.0 0 0.0 222.026367 0.032959 276.723633 114.466553 0.0 0.0 0.0 0.0 0.0 0.0 0.0 0.818156
Person 0.0 0 0.0 1220.859375 0.000000 1282.265625 182.724609 0.0 0.0 0.0 0.0 0.0 0.0 0.0 0.846451
Person 0.0 0 0.0 163.930664 0.131836 215.991211 140.537109 0.0 0.0 0.0 0.0 0.0 0.0 0.0 0.900879
Person 0.0 0 0.0 1326.474609 66.181641 1407.275391 286.347656 0.0 0.0 0.0 0.0 0.0 0.0 0.0 0.929184
Person 0.0 0 0.0 1073.496094 423.325195 1266.503906 814.877930 0.0 0.0 0.0 0.0 0.0 0.0 0.0 0.931463
Person 0.0 0 0.0 1034.179688 93.076172 1122.070312 382.587891 0.0 0.0 0.0 0.0 0.0 0.0 0.0 0.935346
Person 0.0 0 0.0 431.396484 11.140137 513.134766 211.003418 0.0 0.0 0.0 0.0 0.0 0.0 0.0 0.939692
Person 0.0 0 0.0 4.746094 160.839844 151.230469 498.339844 0.0 0.0 0.0 0.0 0.0 0.0 0.0 0.945399
Person 0.0 0 0.0 914.765625 197.226562 1037.109375 536.308594 0.0 0.0 0.0 0.0 0.0 0.0 0.0 0.953449
Person 0.0 0 0.0 1241.601562 79.299316 1355.273438 303.552246 0.0 0.0 0.0 0.0 0.0 0.0 0.0 0.955981
Person 0.0 0 0.0 1169.970703 5.603027 1250.654297 222.077637 0.0 0.0 0.0 0.0 0.0 0.0 0.0 0.959001
Person 0.0 0 0.0 1062.919922 132.231445 1179.580078 443.100586 0.0 0.0 0.0 0.0 0.0 0.0 0.0 0.968381
