Person 0.0 0 0.0 197.709961 0.000000 228.618164 57.299194 0.0 0.0 0.0 0.0 0.0 0.0 0.0 0.400749
Person 0.0 0 0.0 1121.308594 339.971924 1254.316406 474.246826 0.0 0.0 0.0 0.0 0.0 0.0 0.0 0.442636
Person 0.0 0 0.0 1517.138672 109.951172 1587.861328 276.328125 0.0 0.0 0.0 0.0 0.0 0.0 0.0 0.467818
Person 0.0 0 0.0 268.117676 0.000000 296.726074 81.507568 0.0 0.0 0.0 0.0 0.0 0.0 0.0 0.473657
Person 0.0 0 0.0 0.556641 230.581055 87.158203 533.012695 0.0 0.0 0.0 0.0 0.0 0.0 0.0 0.597373
Person 0.0 0 0.0 1441.230469 61.962891 1495.019531 214.101562 0.0 0.0 0.0 0.0 0.0 0.0 0.0 0.829492
Person 0.0 0 0.0 230.786133 0.000000 276.870117 112.126465 0.0 0.0 0.0 0.0 0.0 0.0 0.0 0.861072
Person 0.0 0 0.0 1237.529297 14.370117 1316.220703 201.577148 0.0 0.0 0.0 0.0 0.0 0.0 0.0 0.933431
Person 0.0 0 0.0 476.894531 34.475098 549.667969 285.886230 0.0 0.0 0.0 0.0 0.0 0.0 0.0 0.935817
Person 0.0 0 0.0 1044.404297 145.283203 1158.720703 453.779297 0.0 0.0 0.0 0.0 0.0 0.0 0.0 0.936981
Person 0.0 0 0.0 931.142578 104.941406 1030.107422 399.990234 0.0 0.0 0.0 0.0 0.0 0.0 0.0 0.937669
Person 0.0 0 0.0 161.367188 0.922852 215.976562 138.164062 0.0 0.0 0.0 0.0 0.0 0.0 0.0 0.938124
Person 0.0 0 0.0 1072.910156 407.636719 1250.214844 814.746094 0.0 0.0 0.0 0.0 0.0 0.0 0.0 0.938350
Person 0.0 0 0.0 70.869141 25.905762 120.615234 180.021973 0.0 0.0 0.0 0.0 0.0 0.0 0.0 0.939913
Person 0.0 0 0.0 1219.277344 241.391602 1360.722656 562.280273 0.0 0.0 0.0 0.0 0.0 0.0 0.0 0.951863
Person 0.0 0 0.0 1121.572266 0.000000 1194.052734 199.665527 0.0 0.0 0.0 0.0 0.0 0.0 0.0 0.955817
Person 0.0 0 0.0 1418.056641 154.050293 1533.193359 398.078613 0.0 0.0 0.0 0.0 0.0 0.0 0.0 0.967778
Person 0.0 0 0.0 1335.878906 58.535156 1403.496094 272.636719 0.0 0.0 0.0 0.0 0.0 0.0 0.0 0.971129
Person 0.0 0 0.0 1380.761719 36.386719 1457.988281 227.153320 0.0 0.0 0.0 0.0 0.0 0.0 0.0 0.975390
