Person 0.0 0 0.0 216.870117 0.000000 256.801758 90.736084 0.0 0.0 0.0 0.0 0.0 0.0 0.0 0.493164
Person 0.0 0 0.0 120.498047 0.000000 160.048828 106.094971 0.0 0.0 0.0 0.0 0.0 0.0 0.0 0.500000
Person 0.0 0 0.0 1242.978516 44.230957 1327.646484 249.235840 0.0 0.0 0.0 0.0 0.0 0.0 0.0 0.513668
Person 0.0 0 0.0 1218.076172 44.626465 1315.048828 248.312988 0.0 0.0 0.0 0.0 0.0 0.0 0.0 0.601125
Person 0.0 0 0.0 321.430664 0.000000 365.288086 74.190674 0.0 0.0 0.0 0.0 0.0 0.0 0.0 0.610453
Person 0.0 0 0.0 269.399414 0.000000 319.819336 107.083740 0.0 0.0 0.0 0.0 0.0 0.0 0.0 0.712232
Person 0.0 0 0.0 1463.613281 62.292480 1540.136719 254.641113 0.0 0.0 0.0 0.0 0.0 0.0 0.0 0.810479
Person 0.0 0 0.0 1040.683594 294.521484 1263.691406 694.775391 0.0 0.0 0.0 0.0 0.0 0.0 0.0 0.811676
Person 0.0 0 0.0 1202.753906 63.017578 1274.121094 284.501953 0.0 0.0 0.0 0.0 0.0 0.0 0.0 0.826151
Person 0.0 0 0.0 468.500977 0.000000 528.061523 117.268066 0.0 0.0 0.0 0.0 0.0 0.0 0.0 0.872782
Person 0.0 0 0.0 186.738281 0.263672 240.527344 131.704102 0.0 0.0 0.0 0.0 0.0 0.0 0.0 0.884439
Person 0.0 0 0.0 405.292969 10.678711 453.925781 128.935547 0.0 0.0 0.0 0.0 0.0 0.0 0.0 0.897336
Person 0.0 0 0.0 1035.996094 435.585938 1206.503906 816.328125 0.0 0.0 0.0 0.0 0.0 0.0 0.0 0.903975
Person 0.0 0 0.0 66.445312 23.928223 128.671875 200.588379 0.0 0.0 0.0 0.0 0.0 0.0 0.0 0.912124
Person 0.0 0 0.0 1103.115234 99.272461 1190.009766 368.481445 0.0 0.0 0.0 0.0 0.0 0.0 0.0 0.930205
Person 0.0 0 0.0 1396.728516 76.135254 1466.396484 242.116699 0.0 0.0 0.0 0.0 0.0 0.0 0.0 0.944791
Person 0.0 0 0.0 441.181641 97.954102 545.068359 430.180664 0.0 0.0 0.0 0.0 0.0 0.0 0.0 0.952574
Person 0.0 0 0.0 971.455078 143.173828 1072.294922 468.544922 0.0 0.0 0.0 0.0 0.0 0.0 0.0 0.957278
Person 0.0 0 0.0 358.242188 71.718750 448.476562 394.189453 0.0 0.0 0.0 0.0 0.0 0.0 0.0 0.957912
Person 0.0 0 0.0 891.914062 111.137695 980.273438 427.280273 0.0 0.0 0.0 0.0 0.0 0.0 0.0 0.960952
