Person 0.0 0 0.0 508.461914 0.000000 549.038086 112.719727 0.0 0.0 0.0 0.0 0.0 0.0 0.0 0.380299
Person 0.0 0 0.0 1109.780273 0.032959 1147.719727 88.363037 0.0 0.0 0.0 0.0 0.0 0.0 0.0 0.423458
Person 0.0 0 0.0 212.255859 0.000000 252.509766 92.680664 0.0 0.0 0.0 0.0 0.0 0.0 0.0 0.557364
Person 0.0 0 0.0 1063.344727 0.032959 1109.780273 103.590088 0.0 0.0 0.0 0.0 0.0 0.0 0.0 0.566019
Person 0.0 0 0.0 436.083984 46.604004 522.978516 170.529785 0.0 0.0 0.0 0.0 0.0 0.0 0.0 0.609524
Person 0.0 0 0.0 1463.203125 63.149414 1544.296875 263.012695 0.0 0.0 0.0 0.0 0.0 0.0 0.0 0.700075
Person 0.0 0 0.0 406.523438 0.000000 469.570312 119.805908 0.0 0.0 0.0 0.0 0.0 0.0 0.0 0.773216
Person 0.0 0 0.0 260.771484 0.032959 308.759766 109.720459 0.0 0.0 0.0 0.0 0.0 0.0 0.0 0.785966
Person 0.0 0 0.0 26.572266 21.225586 80.771484 161.894531 0.0 0.0 0.0 0.0 0.0 0.0 0.0 0.892563
Person 0.0 0 0.0 1133.715820 0.065918 1191.284180 176.330566 0.0 0.0 0.0 0.0 0.0 0.0 0.0 0.899828
Person 0.0 0 0.0 1036.523438 424.643555 1204.101562 816.723633 0.0 0.0 0.0 0.0 0.0 0.0 0.0 0.917893
Person 0.0 0 0.0 1281.855469 144.887695 1382.519531 401.440430 0.0 0.0 0.0 0.0 0.0 0.0 0.0 0.924959
Person 0.0 0 0.0 1034.296875 292.148438 1176.328125 671.835938 0.0 0.0 0.0 0.0 0.0 0.0 0.0 0.928926
Person 0.0 0 0.0 446.074219 105.073242 544.863281 429.916992 0.0 0.0 0.0 0.0 0.0 0.0 0.0 0.934155
Person 0.0 0 0.0 184.116211 0.164795 232.836914 133.253174 0.0 0.0 0.0 0.0 0.0 0.0 0.0 0.935110
Person 0.0 0 0.0 1174.804688 130.385742 1296.445312 427.016602 0.0 0.0 0.0 0.0 0.0 0.0 0.0 0.937211
Person 0.0 0 0.0 1396.992188 74.816895 1466.132812 241.853027 0.0 0.0 0.0 0.0 0.0 0.0 0.0 0.939248
Person 0.0 0 0.0 346.230469 72.905273 446.894531 394.848633 0.0 0.0 0.0 0.0 0.0 0.0 0.0 0.948155
Person 0.0 0 0.0 964.218750 147.260742 1068.281250 470.786133 0.0 0.0 0.0 0.0 0.0 0.0 0.0 0.961822
Person 0.0 0 0.0 878.847656 107.050781 993.339844 418.183594 0.0 0.0 0.0 0.0 0.0 0.0 0.0 0.970240
