Person 0.0 0 0.0 127.192383 0.593262 171.635742 122.014160 0.0 0.0 0.0 0.0 0.0 0.0 0.0 0.387690
Person 0.0 0 0.0 1490.800781 103.359375 1587.949219 275.273438 0.0 0.0 0.0 0.0 0.0 0.0 0.0 0.463930
Person 0.0 0 0.0 127.236328 1.450195 176.982422 158.598633 0.0 0.0 0.0 0.0 0.0 0.0 0.0 0.494141
Person 0.0 0 0.0 1376.396484 49.899902 1432.353516 240.666504 0.0 0.0 0.0 0.0 0.0 0.0 0.0 0.539954
Person 0.0 0 0.0 1113.881836 0.197754 1147.368164 87.011719 0.0 0.0 0.0 0.0 0.0 0.0 0.0 0.547706
Person 0.0 0 0.0 0.498047 231.503906 87.392578 537.363281 0.0 0.0 0.0 0.0 0.0 0.0 0.0 0.595493
Person 0.0 0 0.0 1671.708984 224.780273 1763.291016 391.157227 0.0 0.0 0.0 0.0 0.0 0.0 0.0 0.720172
Person 0.0 0 0.0 240.805664 0.000000 288.413086 109.786377 0.0 0.0 0.0 0.0 0.0 0.0 0.0 0.739422
Person 0.0 0 0.0 1437.011719 64.797363 1493.613281 219.968262 0.0 0.0 0.0 0.0 0.0 0.0 0.0 0.769080
Person 0.0 0 0.0 1072.792969 342.905273 1239.082031 697.016602 0.0 0.0 0.0 0.0 0.0 0.0 0.0 0.775265
Person 0.0 0 0.0 1057.792969 0.065918 1119.082031 161.433105 0.0 0.0 0.0 0.0 0.0 0.0 0.0 0.868381
Person 0.0 0 0.0 172.177734 0.000000 224.150391 136.054688 0.0 0.0 0.0 0.0 0.0 0.0 0.0 0.898411
Person 0.0 0 0.0 1074.609375 427.675781 1276.640625 814.746094 0.0 0.0 0.0 0.0 0.0 0.0 0.0 0.916708
Person 0.0 0 0.0 896.162109 152.666016 994.775391 489.111328 0.0 0.0 0.0 0.0 0.0 0.0 0.0 0.935582
Person 0.0 0 0.0 346.523438 115.488281 434.882812 430.312500 0.0 0.0 0.0 0.0 0.0 0.0 0.0 0.938350
Person 0.0 0 0.0 952.822266 99.272461 1029.052734 396.166992 0.0 0.0 0.0 0.0 0.0 0.0 0.0 0.940572
Person 0.0 0 0.0 1274.882812 51.218262 1368.867188 259.650879 0.0 0.0 0.0 0.0 0.0 0.0 0.0 0.953275
Person 0.0 0 0.0 1295.361328 99.997559 1399.013672 334.533691 0.0 0.0 0.0 0.0 0.0 0.0 0.0 0.953966
Person 0.0 0 0.0 1042.382812 206.323242 1160.742188 555.688477 0.0 0.0 0.0 0.0 0.0 0.0 0.0 0.964722
Person 0.0 0 0.0 1181.367188 48.515625 1276.757812 290.302734 0.0 0.0 0.0 0.0 0.0 0.0 0.0 0.966156
