Person 0.0 0 0.0 232.397461 0.560303 270.102539 124.749756 0.0 0.0 0.0 0.0 0.0 0.0 0.0 0.326808
Person 0.0 0 0.0 1213.505859 0.000000 1283.994141 164.135742 0.0 0.0 0.0 0.0 0.0 0.0 0.0 0.327238
Person 0.0 0 0.0 196.362305 0.000000 227.856445 58.452759 0.0 0.0 0.0 0.0 0.0 0.0 0.0 0.358465
Person 0.0 0 0.0 1225.605469 284.633789 1326.269531 594.448242 0.0 0.0 0.0 0.0 0.0 0.0 0.0 0.380299
Person 0.0 0 0.0 1223.789062 0.000000 1284.960938 85.891113 0.0 0.0 0.0 0.0 0.0 0.0 0.0 0.397938
Person 0.0 0 0.0 1197.597656 284.633789 1326.152344 663.002930 0.0 0.0 0.0 0.0 0.0 0.0 0.0 0.420600
Person 0.0 0 0.0 232.236328 0.197754 267.919922 91.428223 0.0 0.0 0.0 0.0 0.0 0.0 0.0 0.423458
Person 0.0 0 0.0 1443.017578 63.676758 1498.857422 212.651367 0.0 0.0 0.0 0.0 0.0 0.0 0.0 0.557364
Person 0.0 0 0.0 0.556641 229.130859 86.513672 531.826172 0.0 0.0 0.0 0.0 0.0 0.0 0.0 0.564098
Person 0.0 0 0.0 1159.804688 311.660156 1275.820312 662.871094 0.0 0.0 0.0 0.0 0.0 0.0 0.0 0.677474
Person 0.0 0 0.0 168.017578 1.779785 215.888672 137.834473 0.0 0.0 0.0 0.0 0.0 0.0 0.0 0.814643
Person 0.0 0 0.0 398.144531 80.419922 482.636719 357.802734 0.0 0.0 0.0 0.0 0.0 0.0 0.0 0.893309
Person 0.0 0 0.0 1081.582031 0.131836 1151.542969 143.701172 0.0 0.0 0.0 0.0 0.0 0.0 0.0 0.928668
Person 0.0 0 0.0 1073.730469 421.347656 1258.769531 814.746094 0.0 0.0 0.0 0.0 0.0 0.0 0.0 0.939025
Person 0.0 0 0.0 1318.593750 61.633301 1400.156250 287.731934 0.0 0.0 0.0 0.0 0.0 0.0 0.0 0.953966
Person 0.0 0 0.0 253.242188 30.915527 343.945312 230.778809 0.0 0.0 0.0 0.0 0.0 0.0 0.0 0.954137
Person 0.0 0 0.0 1268.964844 18.786621 1350.410156 207.707520 0.0 0.0 0.0 0.0 0.0 0.0 0.0 0.956796
Person 0.0 0 0.0 1033.271484 92.812500 1119.228516 382.324219 0.0 0.0 0.0 0.0 0.0 0.0 0.0 0.957754
Person 0.0 0 0.0 1061.953125 131.308594 1180.546875 442.441406 0.0 0.0 0.0 0.0 0.0 0.0 0.0 0.964987
Person 0.0 0 0.0 1201.406250 46.010742 1279.218750 267.495117 0.0 0.0 0.0 0.0 0.0 0.0 0.0 0.965119
