Person 0.0 0 0.0 349.262695 0.000000 385.268555 57.628784 0.0 0.0 0.0 0.0 0.0 0.0 0.0 0.381220
Person 0.0 0 0.0 1111.289062 0.000000 1146.210938 86.912842 0.0 0.0 0.0 0.0 0.0 0.0 0.0 0.463930
Person 0.0 0 0.0 1463.085938 63.940430 1542.539062 255.102539 0.0 0.0 0.0 0.0 0.0 0.0 0.0 0.523420
Person 0.0 0 0.0 159.008789 0.000000 191.850586 86.748047 0.0 0.0 0.0 0.0 0.0 0.0 0.0 0.533154
Person 0.0 0 0.0 252.670898 0.000000 303.266602 108.533936 0.0 0.0 0.0 0.0 0.0 0.0 0.0 0.669745
Person 0.0 0 0.0 66.752930 0.000000 112.661133 102.238770 0.0 0.0 0.0 0.0 0.0 0.0 0.0 0.685107
Person 0.0 0 0.0 1054.848633 4.350586 1097.651367 188.920898 0.0 0.0 0.0 0.0 0.0 0.0 0.0 0.851953
Person 0.0 0 0.0 1194.433594 494.648438 1391.191406 861.679688 0.0 0.0 0.0 0.0 0.0 0.0 0.0 0.880386
Person 0.0 0 0.0 1068.398438 278.437500 1219.101562 660.761719 0.0 0.0 0.0 0.0 0.0 0.0 0.0 0.905322
Person 0.0 0 0.0 183.120117 0.494385 233.833008 131.473389 0.0 0.0 0.0 0.0 0.0 0.0 0.0 0.910863
Person 0.0 0 0.0 1072.382812 466.699219 1265.742188 814.746094 0.0 0.0 0.0 0.0 0.0 0.0 0.0 0.926304
Person 0.0 0 0.0 973.798828 147.260742 1075.576172 466.567383 0.0 0.0 0.0 0.0 0.0 0.0 0.0 0.933431
Person 0.0 0 0.0 928.476562 233.085938 1111.523438 581.132812 0.0 0.0 0.0 0.0 0.0 0.0 0.0 0.946597
Person 0.0 0 0.0 765.468750 179.033203 888.281250 529.189453 0.0 0.0 0.0 0.0 0.0 0.0 0.0 0.952750
Person 0.0 0 0.0 327.890625 76.728516 422.578125 410.273438 0.0 0.0 0.0 0.0 0.0 0.0 0.0 0.953275
Person 0.0 0 0.0 1397.373047 74.619141 1465.751953 241.787109 0.0 0.0 0.0 0.0 0.0 0.0 0.0 0.956796
Person 0.0 0 0.0 1155.732422 0.000000 1225.517578 198.149414 0.0 0.0 0.0 0.0 0.0 0.0 0.0 0.962108
Person 0.0 0 0.0 422.197266 99.799805 504.521484 419.633789 0.0 0.0 0.0 0.0 0.0 0.0 0.0 0.964321
Person 0.0 0 0.0 853.886719 111.137695 964.863281 420.161133 0.0 0.0 0.0 0.0 0.0 0.0 0.0 0.968620
Person 0.0 0 0.0 1175.478516 32.233887 1248.896484 248.312988 0.0 0.0 0.0 0.0 0.0 0.0 0.0 0.970909
