Person 0.0 0 0.0 1265.859375 33.618164 1389.140625 258.266602 0.0 0.0 0.0 0.0 0.0 0.0 0.0 0.384912
Person 0.0 0 0.0 928.710938 101.645508 1002.539062 390.366211 0.0 0.0 0.0 0.0 0.0 0.0 0.0 0.399812
Person 0.0 0 0.0 111.899414 2.241211 152.241211 117.465820 0.0 0.0 0.0 0.0 0.0 0.0 0.0 0.405449
Person 0.0 0 0.0 1267.382812 55.041504 1376.367188 260.310059 0.0 0.0 0.0 0.0 0.0 0.0 0.0 0.450359
Person 0.0 0 0.0 1111.816406 0.000000 1147.558594 87.736816 0.0 0.0 0.0 0.0 0.0 0.0 0.0 0.463930
Person 0.0 0 0.0 928.945312 101.645508 1022.929688 389.311523 0.0 0.0 0.0 0.0 0.0 0.0 0.0 0.538012
Person 0.0 0 0.0 0.468750 230.976562 87.070312 537.890625 0.0 0.0 0.0 0.0 0.0 0.0 0.0 0.590779
Person 0.0 0 0.0 1437.626953 64.401855 1483.623047 221.154785 0.0 0.0 0.0 0.0 0.0 0.0 0.0 0.608594
Person 0.0 0 0.0 1081.582031 214.233398 1207.792969 540.922852 0.0 0.0 0.0 0.0 0.0 0.0 0.0 0.616012
Person 0.0 0 0.0 1556.865234 77.156982 1608.134766 208.927002 0.0 0.0 0.0 0.0 0.0 0.0 0.0 0.669745
Person 0.0 0 0.0 1624.511719 175.869141 1714.863281 357.011719 0.0 0.0 0.0 0.0 0.0 0.0 0.0 0.684264
Person 0.0 0 0.0 1074.550781 342.114258 1237.324219 695.698242 0.0 0.0 0.0 0.0 0.0 0.0 0.0 0.697609
Person 0.0 0 0.0 229.702148 0.000000 285.454102 110.808105 0.0 0.0 0.0 0.0 0.0 0.0 0.0 0.773216
Person 0.0 0 0.0 1056.240234 0.329590 1107.509766 158.796387 0.0 0.0 0.0 0.0 0.0 0.0 0.0 0.794385
Person 0.0 0 0.0 1073.671875 427.675781 1275.703125 814.746094 0.0 0.0 0.0 0.0 0.0 0.0 0.0 0.896976
Person 0.0 0 0.0 173.159180 0.395508 223.872070 135.922852 0.0 0.0 0.0 0.0 0.0 0.0 0.0 0.901575
Person 0.0 0 0.0 922.060547 159.521484 1024.189453 494.384766 0.0 0.0 0.0 0.0 0.0 0.0 0.0 0.939248
Person 0.0 0 0.0 372.099609 102.172852 463.681641 428.334961 0.0 0.0 0.0 0.0 0.0 0.0 0.0 0.944177
Person 0.0 0 0.0 1294.277344 95.317383 1390.722656 334.731445 0.0 0.0 0.0 0.0 0.0 0.0 0.0 0.950411
Person 0.0 0 0.0 1192.441406 45.944824 1275.058594 291.818848 0.0 0.0 0.0 0.0 0.0 0.0 0.0 0.966789
