Person 0.0 0 0.0 1126.699219 315.681152 1258.300781 547.580566 0.0 0.0 0.0 0.0 0.0 0.0 0.0 0.328529
Person 0.0 0 0.0 1104.433594 313.901367 1256.191406 674.340820 0.0 0.0 0.0 0.0 0.0 0.0 0.0 0.362969
Person 0.0 0 0.0 1110.527344 0.032959 1146.972656 88.692627 0.0 0.0 0.0 0.0 0.0 0.0 0.0 0.433022
Person 0.0 0 0.0 328.974609 78.574219 425.244141 385.224609 0.0 0.0 0.0 0.0 0.0 0.0 0.0 0.562177
Person 0.0 0 0.0 259.863281 0.000000 303.574219 104.117432 0.0 0.0 0.0 0.0 0.0 0.0 0.0 0.569853
Person 0.0 0 0.0 110.083008 0.000000 145.620117 98.778076 0.0 0.0 0.0 0.0 0.0 0.0 0.0 0.653127
Person 0.0 0 0.0 67.016602 0.000000 111.459961 100.426025 0.0 0.0 0.0 0.0 0.0 0.0 0.0 0.668880
Person 0.0 0 0.0 436.611328 0.000000 485.888672 103.359375 0.0 0.0 0.0 0.0 0.0 0.0 0.0 0.689306
Person 0.0 0 0.0 184.511719 0.329590 234.550781 132.099609 0.0 0.0 0.0 0.0 0.0 0.0 0.0 0.793106
Person 0.0 0 0.0 1230.996094 467.885742 1442.753906 827.270508 0.0 0.0 0.0 0.0 0.0 0.0 0.0 0.840783
Person 0.0 0 0.0 1397.666016 76.398926 1467.333984 242.116699 0.0 0.0 0.0 0.0 0.0 0.0 0.0 0.872782
Person 0.0 0 0.0 328.769531 142.646484 465.761719 470.654297 0.0 0.0 0.0 0.0 0.0 0.0 0.0 0.905657
Person 0.0 0 0.0 1073.964844 423.325195 1245.410156 814.877930 0.0 0.0 0.0 0.0 0.0 0.0 0.0 0.918187
Person 0.0 0 0.0 758.583984 162.685547 852.041016 518.115234 0.0 0.0 0.0 0.0 0.0 0.0 0.0 0.935817
Person 0.0 0 0.0 944.003906 169.672852 1056.621094 500.581055 0.0 0.0 0.0 0.0 0.0 0.0 0.0 0.945601
Person 0.0 0 0.0 1198.066406 11.074219 1265.683594 223.857422 0.0 0.0 0.0 0.0 0.0 0.0 0.0 0.952397
Person 0.0 0 0.0 1289.062500 109.885254 1397.812500 362.087402 0.0 0.0 0.0 0.0 0.0 0.0 0.0 0.961244
Person 0.0 0 0.0 871.757812 113.378906 985.429688 424.511719 0.0 0.0 0.0 0.0 0.0 0.0 0.0 0.961965
Person 0.0 0 0.0 1133.906250 19.709473 1222.968750 260.573730 0.0 0.0 0.0 0.0 0.0 0.0 0.0 0.962953
Person 0.0 0 0.0 1254.814453 57.084961 1328.935547 281.733398 0.0 0.0 0.0 0.0 0.0 0.0 0.0 0.964589
