Person 0.0 0 0.0 301.757812 0.000000 350.742188 56.887207 0.0 0.0 0.0 0.0 0.0 0.0 0.0 0.342462
Person 0.0 0 0.0 196.289062 0.000000 230.039062 59.095459 0.0 0.0 0.0 0.0 0.0 0.0 0.0 0.357568
Person 0.0 0 0.0 1442.314453 66.115723 1501.435547 212.321777 0.0 0.0 0.0 0.0 0.0 0.0 0.0 0.487307
Person 0.0 0 0.0 0.556641 230.053711 86.982422 532.485352 0.0 0.0 0.0 0.0 0.0 0.0 0.0 0.597373
Person 0.0 0 0.0 232.016602 0.000000 275.639648 114.763184 0.0 0.0 0.0 0.0 0.0 0.0 0.0 0.731059
Person 0.0 0 0.0 471.005859 35.200195 540.556641 289.643555 0.0 0.0 0.0 0.0 0.0 0.0 0.0 0.858244
Person 0.0 0 0.0 166.303711 1.713867 216.430664 138.427734 0.0 0.0 0.0 0.0 0.0 0.0 0.0 0.870597
Person 0.0 0 0.0 1210.312500 268.022461 1354.687500 596.821289 0.0 0.0 0.0 0.0 0.0 0.0 0.0 0.913368
Person 0.0 0 0.0 1210.371094 0.000000 1281.503906 180.878906 0.0 0.0 0.0 0.0 0.0 0.0 0.0 0.913984
Person 0.0 0 0.0 1073.964844 422.006836 1256.660156 814.086914 0.0 0.0 0.0 0.0 0.0 0.0 0.0 0.919063
Person 0.0 0 0.0 1060.078125 132.758789 1182.421875 434.663086 0.0 0.0 0.0 0.0 0.0 0.0 0.0 0.919643
Person 0.0 0 0.0 1332.773438 62.160645 1399.101562 279.821777 0.0 0.0 0.0 0.0 0.0 0.0 0.0 0.935346
Person 0.0 0 0.0 125.068359 58.930664 227.197266 257.211914 0.0 0.0 0.0 0.0 0.0 0.0 0.0 0.941654
Person 0.0 0 0.0 1028.437500 251.279297 1236.562500 619.365234 0.0 0.0 0.0 0.0 0.0 0.0 0.0 0.946597
Person 0.0 0 0.0 1034.560547 94.394531 1127.314453 381.269531 0.0 0.0 0.0 0.0 0.0 0.0 0.0 0.950227
Person 0.0 0 0.0 1098.310547 0.065918 1166.689453 137.570801 0.0 0.0 0.0 0.0 0.0 0.0 0.0 0.953794
Person 0.0 0 0.0 1290.527344 18.654785 1353.222656 208.630371 0.0 0.0 0.0 0.0 0.0 0.0 0.0 0.957437
Person 0.0 0 0.0 1212.861328 76.003418 1314.638672 302.893066 0.0 0.0 0.0 0.0 0.0 0.0 0.0 0.970013
