Person 0.0 0 0.0 1106.865234 0.000000 1146.884766 85.957031 0.0 0.0 0.0 0.0 0.0 0.0 0.0 0.319546
Person 0.0 0 0.0 32.622070 0.000000 53.627930 40.968018 0.0 0.0 0.0 0.0 0.0 0.0 0.0 0.325950
Person 0.0 0 0.0 0.117188 23.499756 17.167969 147.227783 0.0 0.0 0.0 0.0 0.0 0.0 0.0 0.362066
Person 0.0 0 0.0 229.599609 0.296631 265.400391 77.486572 0.0 0.0 0.0 0.0 0.0 0.0 0.0 0.433022
Person 0.0 0 0.0 1063.491211 0.230713 1105.883789 100.689697 0.0 0.0 0.0 0.0 0.0 0.0 0.0 0.499023
Person 0.0 0 0.0 266.674805 0.065918 306.606445 109.028320 0.0 0.0 0.0 0.0 0.0 0.0 0.0 0.597373
Person 0.0 0 0.0 1462.939453 63.149414 1542.685547 262.485352 0.0 0.0 0.0 0.0 0.0 0.0 0.0 0.663669
Person 0.0 0 0.0 1035.468750 286.083984 1192.031250 670.517578 0.0 0.0 0.0 0.0 0.0 0.0 0.0 0.701713
Person 0.0 0 0.0 89.458008 0.000000 130.502930 104.974365 0.0 0.0 0.0 0.0 0.0 0.0 0.0 0.770465
Person 0.0 0 0.0 410.419922 0.000000 467.548828 118.553467 0.0 0.0 0.0 0.0 0.0 0.0 0.0 0.817575
Person 0.0 0 0.0 182.431641 0.560303 233.818359 132.330322 0.0 0.0 0.0 0.0 0.0 0.0 0.0 0.868827
Person 0.0 0 0.0 600.205078 84.506836 690.732422 383.510742 0.0 0.0 0.0 0.0 0.0 0.0 0.0 0.905990
Person 0.0 0 0.0 1034.238281 414.096680 1178.261719 821.997070 0.0 0.0 0.0 0.0 0.0 0.0 0.0 0.910863
Person 0.0 0 0.0 436.992188 97.163086 544.570312 430.708008 0.0 0.0 0.0 0.0 0.0 0.0 0.0 0.927888
Person 0.0 0 0.0 1408.432617 73.498535 1464.067383 230.778809 0.0 0.0 0.0 0.0 0.0 0.0 0.0 0.942718
Person 0.0 0 0.0 1290.468750 183.251953 1430.156250 450.087891 0.0 0.0 0.0 0.0 0.0 0.0 0.0 0.946794
Person 0.0 0 0.0 965.009766 149.501953 1058.115234 468.017578 0.0 0.0 0.0 0.0 0.0 0.0 0.0 0.955319
Person 0.0 0 0.0 319.511719 64.599609 452.519531 396.562500 0.0 0.0 0.0 0.0 0.0 0.0 0.0 0.956634
Person 0.0 0 0.0 859.628906 113.115234 966.621094 426.884766 0.0 0.0 0.0 0.0 0.0 0.0 0.0 0.965512
Person 0.0 0 0.0 1199.472656 171.782227 1324.277344 481.596680 0.0 0.0 0.0 0.0 0.0 0.0 0.0 0.969324
