Person 0.0 0 0.0 550.429688 371.711426 699.257812 525.300293 0.0 0.0 0.0 0.0 0.0 0.0 0.0 0.356223
Person 0.0 0 0.0 1017.656250 300.849609 1140.468750 498.603516 0.0 0.0 0.0 0.0 0.0 0.0 0.0 0.365683
Person 0.0 0 0.0 212.607422 0.000000 250.751953 101.777344 0.0 0.0 0.0 0.0 0.0 0.0 0.0 0.375706
Person 0.0 0 0.0 989.882812 299.399414 1140.117188 677.241211 0.0 0.0 0.0 0.0 0.0 0.0 0.0 0.428233
Person 0.0 0 0.0 362.050781 0.000000 403.886719 69.345703 0.0 0.0 0.0 0.0 0.0 0.0 0.0 0.464902
Person 0.0 0 0.0 1463.906250 62.819824 1547.343750 257.277832 0.0 0.0 0.0 0.0 0.0 0.0 0.0 0.476580
Person 0.0 0 0.0 1594.863281 174.946289 1699.511719 372.436523 0.0 0.0 0.0 0.0 0.0 0.0 0.0 0.484380
Person 0.0 0 0.0 1175.361328 33.684082 1250.888672 264.265137 0.0 0.0 0.0 0.0 0.0 0.0 0.0 0.497070
Person 0.0 0 0.0 411.254883 0.000000 464.838867 112.324219 0.0 0.0 0.0 0.0 0.0 0.0 0.0 0.500977
Person 0.0 0 0.0 443.320312 36.584473 523.242188 289.050293 0.0 0.0 0.0 0.0 0.0 0.0 0.0 0.633410
Person 0.0 0 0.0 489.726562 0.000000 552.773438 184.438477 0.0 0.0 0.0 0.0 0.0 0.0 0.0 0.647798
Person 0.0 0 0.0 188.085938 0.922852 235.429688 131.242676 0.0 0.0 0.0 0.0 0.0 0.0 0.0 0.747616
Person 0.0 0 0.0 652.851562 831.225586 926.835938 1072.485352 0.0 0.0 0.0 0.0 0.0 0.0 0.0 0.795658
Person 0.0 0 0.0 1527.011719 253.652344 1688.613281 487.792969 0.0 0.0 0.0 0.0 0.0 0.0 0.0 0.856812
Person 0.0 0 0.0 1409.311523 73.696289 1465.063477 242.709961 0.0 0.0 0.0 0.0 0.0 0.0 0.0 0.883236
Person 0.0 0 0.0 416.660156 103.886719 544.277344 431.103516 0.0 0.0 0.0 0.0 0.0 0.0 0.0 0.934872
Person 0.0 0 0.0 1266.914062 165.520020 1423.710938 426.159668 0.0 0.0 0.0 0.0 0.0 0.0 0.0 0.939248
Person 0.0 0 0.0 973.183594 419.897461 1153.066406 816.196289 0.0 0.0 0.0 0.0 0.0 0.0 0.0 0.941223
Person 0.0 0 0.0 356.748047 67.236328 444.345703 394.980469 0.0 0.0 0.0 0.0 0.0 0.0 0.0 0.941439
Person 0.0 0 0.0 1164.052734 59.985352 1250.947266 303.618164 0.0 0.0 0.0 0.0 0.0 0.0 0.0 0.948728
