Person 0.0 0 0.0 987.949219 300.322266 1128.925781 676.318359 0.0 0.0 0.0 0.0 0.0 0.0 0.0 0.454230
Person 0.0 0 0.0 368.671875 0.000000 411.796875 76.333008 0.0 0.0 0.0 0.0 0.0 0.0 0.0 0.500977
Person 0.0 0 0.0 635.859375 254.377441 770.390625 502.888184 0.0 0.0 0.0 0.0 0.0 0.0 0.0 0.525369
Person 0.0 0 0.0 280.737305 0.000000 321.137695 108.830566 0.0 0.0 0.0 0.0 0.0 0.0 0.0 0.550607
Person 0.0 0 0.0 407.167969 0.000000 475.019531 114.334717 0.0 0.0 0.0 0.0 0.0 0.0 0.0 0.578448
Person 0.0 0 0.0 444.023438 37.045898 523.476562 290.170898 0.0 0.0 0.0 0.0 0.0 0.0 0.0 0.605799
Person 0.0 0 0.0 151.977539 0.000000 198.413086 91.164551 0.0 0.0 0.0 0.0 0.0 0.0 0.0 0.737158
Person 0.0 0 0.0 1465.781250 63.347168 1543.593750 215.617676 0.0 0.0 0.0 0.0 0.0 0.0 0.0 0.756358
Person 0.0 0 0.0 191.103516 0.098877 238.271484 130.616455 0.0 0.0 0.0 0.0 0.0 0.0 0.0 0.759939
Person 0.0 0 0.0 512.021484 0.263672 579.228516 198.544922 0.0 0.0 0.0 0.0 0.0 0.0 0.0 0.886027
Person 0.0 0 0.0 620.214844 552.656250 843.222656 1006.171875 0.0 0.0 0.0 0.0 0.0 0.0 0.0 0.923592
Person 0.0 0 0.0 418.652344 100.458984 544.160156 430.048828 0.0 0.0 0.0 0.0 0.0 0.0 0.0 0.928409
Person 0.0 0 0.0 1590.029297 149.963379 1668.720703 342.048340 0.0 0.0 0.0 0.0 0.0 0.0 0.0 0.928926
Person 0.0 0 0.0 358.359375 67.104492 444.609375 395.112305 0.0 0.0 0.0 0.0 0.0 0.0 0.0 0.942507
Person 0.0 0 0.0 973.769531 424.511719 1158.105469 815.800781 0.0 0.0 0.0 0.0 0.0 0.0 0.0 0.946597
Person 0.0 0 0.0 1184.121094 46.867676 1277.753906 266.638184 0.0 0.0 0.0 0.0 0.0 0.0 0.0 0.947769
Person 0.0 0 0.0 1449.082031 190.634766 1582.792969 428.994141 0.0 0.0 0.0 0.0 0.0 0.0 0.0 0.948537
Person 0.0 0 0.0 1397.666016 75.080566 1467.333984 241.853027 0.0 0.0 0.0 0.0 0.0 0.0 0.0 0.957596
Person 0.0 0 0.0 1362.246094 187.800293 1508.378906 455.031738 0.0 0.0 0.0 0.0 0.0 0.0 0.0 0.968381
Person 0.0 0 0.0 1153.476562 54.909668 1240.898438 301.311035 0.0 0.0 0.0 0.0 0.0 0.0 0.0 0.970240
