Person 0.0 0 0.0 1496.865234 100.129395 1593.134766 274.812012 0.0 0.0 0.0 0.0 0.0 0.0 0.0 0.307358
Person 0.0 0 0.0 1096.003418 0.000000 1120.246582 71.356201 0.0 0.0 0.0 0.0 0.0 0.0 0.0 0.308190
Person 0.0 0 0.0 225.410156 0.000000 269.121094 45.499878 0.0 0.0 0.0 0.0 0.0 0.0 0.0 0.310276
Person 0.0 0 0.0 1109.707031 0.000000 1147.792969 86.846924 0.0 0.0 0.0 0.0 0.0 0.0 0.0 0.484380
Person 0.0 0 0.0 1462.470703 75.278320 1531.904297 266.440430 0.0 0.0 0.0 0.0 0.0 0.0 0.0 0.579400
Person 0.0 0 0.0 1207.734375 1.582031 1282.265625 181.538086 0.0 0.0 0.0 0.0 0.0 0.0 0.0 0.668015
Person 0.0 0 0.0 1155.556641 315.087891 1253.818359 663.134766 0.0 0.0 0.0 0.0 0.0 0.0 0.0 0.774583
Person 0.0 0 0.0 134.194336 4.943848 177.055664 162.751465 0.0 0.0 0.0 0.0 0.0 0.0 0.0 0.836555
Person 0.0 0 0.0 210.761719 21.225586 290.800781 272.504883 0.0 0.0 0.0 0.0 0.0 0.0 0.0 0.871912
Person 0.0 0 0.0 1329.199219 287.270508 1515.175781 606.049805 0.0 0.0 0.0 0.0 0.0 0.0 0.0 0.923592
Person 0.0 0 0.0 1075.136719 419.238281 1242.363281 814.746094 0.0 0.0 0.0 0.0 0.0 0.0 0.0 0.937669
Person 0.0 0 0.0 490.693359 35.332031 549.931641 253.652344 0.0 0.0 0.0 0.0 0.0 0.0 0.0 0.941007
Person 0.0 0 0.0 1268.085938 18.786621 1347.539062 208.498535 0.0 0.0 0.0 0.0 0.0 0.0 0.0 0.943556
Person 0.0 0 0.0 1391.015625 73.103027 1472.109375 273.098145 0.0 0.0 0.0 0.0 0.0 0.0 0.0 0.947769
Person 0.0 0 0.0 1034.443359 91.757812 1119.931641 383.906250 0.0 0.0 0.0 0.0 0.0 0.0 0.0 0.949295
Person 0.0 0 0.0 517.675781 79.628906 623.261719 374.677734 0.0 0.0 0.0 0.0 0.0 0.0 0.0 0.950041
Person 0.0 0 0.0 1291.494141 43.901367 1380.380859 261.694336 0.0 0.0 0.0 0.0 0.0 0.0 0.0 0.963506
Person 0.0 0 0.0 1189.394531 14.238281 1300.605469 227.680664 0.0 0.0 0.0 0.0 0.0 0.0 0.0 0.964187
Person 0.0 0 0.0 1063.125000 135.922852 1185.000000 433.608398 0.0 0.0 0.0 0.0 0.0 0.0 0.0 0.966789
