Person 0.0 0 0.0 32.475586 0.000000 53.247070 40.638428 0.0 0.0 0.0 0.0 0.0 0.0 0.0 0.343342
Person 0.0 0 0.0 1303.007812 54.448242 1378.242188 233.481445 0.0 0.0 0.0 0.0 0.0 0.0 0.0 0.381220
Person 0.0 0 0.0 1516.435547 60.644531 1573.564453 196.435547 0.0 0.0 0.0 0.0 0.0 0.0 0.0 0.388618
Person 0.0 0 0.0 1111.083984 0.000000 1146.416016 88.033447 0.0 0.0 0.0 0.0 0.0 0.0 0.0 0.417746
Person 0.0 0 0.0 218.510742 0.000000 253.520508 81.507568 0.0 0.0 0.0 0.0 0.0 0.0 0.0 0.483405
Person 0.0 0 0.0 1361.850586 53.393555 1418.774414 237.963867 0.0 0.0 0.0 0.0 0.0 0.0 0.0 0.561215
Person 0.0 0 0.0 112.265625 17.863770 168.750000 160.378418 0.0 0.0 0.0 0.0 0.0 0.0 0.0 0.569853
Person 0.0 0 0.0 0.556641 231.899414 87.333984 533.276367 0.0 0.0 0.0 0.0 0.0 0.0 0.0 0.596433
Person 0.0 0 0.0 1443.251953 62.819824 1492.998047 213.244629 0.0 0.0 0.0 0.0 0.0 0.0 0.0 0.665411
Person 0.0 0 0.0 1144.218750 320.559082 1267.031250 571.706543 0.0 0.0 0.0 0.0 0.0 0.0 0.0 0.720958
Person 0.0 0 0.0 240.175781 0.000000 286.699219 111.500244 0.0 0.0 0.0 0.0 0.0 0.0 0.0 0.847968
Person 0.0 0 0.0 1223.994141 232.822266 1327.880859 554.501953 0.0 0.0 0.0 0.0 0.0 0.0 0.0 0.876211
Person 0.0 0 0.0 172.924805 0.000000 224.106445 136.120605 0.0 0.0 0.0 0.0 0.0 0.0 0.0 0.921074
Person 0.0 0 0.0 1017.011719 144.360352 1148.613281 460.502930 0.0 0.0 0.0 0.0 0.0 0.0 0.0 0.933673
Person 0.0 0 0.0 1254.990234 15.820312 1340.009766 195.249023 0.0 0.0 0.0 0.0 0.0 0.0 0.0 0.942929
Person 0.0 0 0.0 497.548828 38.957520 577.763672 299.597168 0.0 0.0 0.0 0.0 0.0 0.0 0.0 0.950227
Person 0.0 0 0.0 1074.902344 430.971680 1280.097656 814.614258 0.0 0.0 0.0 0.0 0.0 0.0 0.0 0.950411
Person 0.0 0 0.0 930.703125 101.777344 1026.796875 399.990234 0.0 0.0 0.0 0.0 0.0 0.0 0.0 0.954984
Person 0.0 0 0.0 1281.767578 88.923340 1369.482422 309.221191 0.0 0.0 0.0 0.0 0.0 0.0 0.0 0.961534
Person 0.0 0 0.0 1138.681641 7.580566 1221.943359 236.975098 0.0 0.0 0.0 0.0 0.0 0.0 0.0 0.962673
