Person 0.0 0 0.0 348.662109 0.000000 384.462891 63.099976 0.0 0.0 0.0 0.0 0.0 0.0 0.0 0.404507
Person 0.0 0 0.0 1111.215820 0.065918 1146.284180 87.143555 0.0 0.0 0.0 0.0 0.0 0.0 0.0 0.459076
Person 0.0 0 0.0 1082.050781 209.355469 1201.699219 544.218750 0.0 0.0 0.0 0.0 0.0 0.0 0.0 0.520496
Person 0.0 0 0.0 223.198242 0.000000 263.833008 79.002686 0.0 0.0 0.0 0.0 0.0 0.0 0.0 0.586049
Person 0.0 0 0.0 1461.708984 65.983887 1542.041016 261.496582 0.0 0.0 0.0 0.0 0.0 0.0 0.0 0.663669
Person 0.0 0 0.0 67.968750 0.000000 113.437500 102.139893 0.0 0.0 0.0 0.0 0.0 0.0 0.0 0.730290
Person 0.0 0 0.0 254.692383 0.000000 304.057617 109.819336 0.0 0.0 0.0 0.0 0.0 0.0 0.0 0.755637
Person 0.0 0 0.0 1052.153320 3.361816 1096.596680 189.514160 0.0 0.0 0.0 0.0 0.0 0.0 0.0 0.851459
Person 0.0 0 0.0 184.028320 0.725098 232.924805 131.704102 0.0 0.0 0.0 0.0 0.0 0.0 0.0 0.894789
Person 0.0 0 0.0 1195.136719 494.780273 1396.113281 860.493164 0.0 0.0 0.0 0.0 0.0 0.0 0.0 0.904651
Person 0.0 0 0.0 1070.156250 283.842773 1219.218750 660.629883 0.0 0.0 0.0 0.0 0.0 0.0 0.0 0.909586
Person 0.0 0 0.0 1396.992188 76.992188 1466.132812 241.523438 0.0 0.0 0.0 0.0 0.0 0.0 0.0 0.925769
Person 0.0 0 0.0 751.230469 189.975586 878.144531 573.090820 0.0 0.0 0.0 0.0 0.0 0.0 0.0 0.927100
Person 0.0 0 0.0 1074.726562 484.233398 1246.523438 814.086914 0.0 0.0 0.0 0.0 0.0 0.0 0.0 0.935346
Person 0.0 0 0.0 328.359375 76.860352 424.453125 410.141602 0.0 0.0 0.0 0.0 0.0 0.0 0.0 0.946200
Person 0.0 0 0.0 963.955078 158.466797 1066.669922 493.330078 0.0 0.0 0.0 0.0 0.0 0.0 0.0 0.947769
Person 0.0 0 0.0 417.509766 99.667969 503.115234 419.238281 0.0 0.0 0.0 0.0 0.0 0.0 0.0 0.954984
Person 0.0 0 0.0 1155.937500 0.000000 1227.187500 195.578613 0.0 0.0 0.0 0.0 0.0 0.0 0.0 0.955486
Person 0.0 0 0.0 862.675781 112.851562 967.324219 419.765625 0.0 0.0 0.0 0.0 0.0 0.0 0.0 0.961678
Person 0.0 0 0.0 1184.707031 33.090820 1250.917969 247.456055 0.0 0.0 0.0 0.0 0.0 0.0 0.0 0.969785
