Person 0.0 0 0.0 1110.937500 0.065918 1148.437500 87.473145 0.0 0.0 0.0 0.0 0.0 0.0 0.0 0.447460
Person 0.0 0 0.0 1263.837891 38.232422 1340.537109 255.234375 0.0 0.0 0.0 0.0 0.0 0.0 0.0 0.478529
Person 0.0 0 0.0 1565.976562 103.359375 1653.398438 287.666016 0.0 0.0 0.0 0.0 0.0 0.0 0.0 0.568895
Person 0.0 0 0.0 1074.375000 324.052734 1258.125000 694.775391 0.0 0.0 0.0 0.0 0.0 0.0 0.0 0.654895
Person 0.0 0 0.0 256.259766 0.000000 303.427734 108.336182 0.0 0.0 0.0 0.0 0.0 0.0 0.0 0.675765
Person 0.0 0 0.0 1434.594727 63.083496 1486.655273 218.254395 0.0 0.0 0.0 0.0 0.0 0.0 0.0 0.879561
Person 0.0 0 0.0 179.956055 0.461426 235.590820 137.702637 0.0 0.0 0.0 0.0 0.0 0.0 0.0 0.898767
Person 0.0 0 0.0 1074.550781 427.807617 1274.824219 814.614258 0.0 0.0 0.0 0.0 0.0 0.0 0.0 0.919063
Person 0.0 0 0.0 45.131836 9.887695 96.313477 137.109375 0.0 0.0 0.0 0.0 0.0 0.0 0.0 0.922482
Person 0.0 0 0.0 1254.931641 65.258789 1340.068359 285.424805 0.0 0.0 0.0 0.0 0.0 0.0 0.0 0.934395
Person 0.0 0 0.0 1367.636719 230.251465 1529.238281 485.881348 0.0 0.0 0.0 0.0 0.0 0.0 0.0 0.934872
Person 0.0 0 0.0 897.832031 119.707031 1003.417969 426.093750 0.0 0.0 0.0 0.0 0.0 0.0 0.0 0.947186
Person 0.0 0 0.0 276.503906 80.683594 391.464844 416.601562 0.0 0.0 0.0 0.0 0.0 0.0 0.0 0.954984
Person 0.0 0 0.0 955.429688 170.859375 1050.820312 501.503906 0.0 0.0 0.0 0.0 0.0 0.0 0.0 0.955319
Person 0.0 0 0.0 386.279297 113.510742 483.251953 427.016602 0.0 0.0 0.0 0.0 0.0 0.0 0.0 0.957596
Person 0.0 0 0.0 821.337891 183.120117 934.599609 514.028320 0.0 0.0 0.0 0.0 0.0 0.0 0.0 0.959154
Person 0.0 0 0.0 1559.531250 137.438965 1648.593750 345.344238 0.0 0.0 0.0 0.0 0.0 0.0 0.0 0.966914
Person 0.0 0 0.0 1144.746094 35.266113 1272.128906 280.876465 0.0 0.0 0.0 0.0 0.0 0.0 0.0 0.968381
