Person 0.0 0 0.0 165.849609 0.000000 199.072266 90.175781 0.0 0.0 0.0 0.0 0.0 0.0 0.0 0.472683
Person 0.0 0 0.0 600.468750 294.785156 734.531250 561.621094 0.0 0.0 0.0 0.0 0.0 0.0 0.0 0.477554
Person 0.0 0 0.0 1470.791016 64.533691 1544.208984 249.235840 0.0 0.0 0.0 0.0 0.0 0.0 0.0 0.485356
Person 0.0 0 0.0 361.054688 0.000000 404.414062 74.586182 0.0 0.0 0.0 0.0 0.0 0.0 0.0 0.494141
Person 0.0 0 0.0 269.956055 0.000000 321.137695 108.929443 0.0 0.0 0.0 0.0 0.0 0.0 0.0 0.518546
Person 0.0 0 0.0 986.015625 297.949219 1132.734375 676.582031 0.0 0.0 0.0 0.0 0.0 0.0 0.0 0.556400
Person 0.0 0 0.0 1490.273438 106.721191 1592.226562 274.812012 0.0 0.0 0.0 0.0 0.0 0.0 0.0 0.560253
Person 0.0 0 0.0 444.550781 37.243652 522.949219 290.236816 0.0 0.0 0.0 0.0 0.0 0.0 0.0 0.649579
Person 0.0 0 0.0 187.529297 0.395508 238.798828 131.044922 0.0 0.0 0.0 0.0 0.0 0.0 0.0 0.710628
Person 0.0 0 0.0 499.775391 0.527344 574.599609 189.316406 0.0 0.0 0.0 0.0 0.0 0.0 0.0 0.864768
Person 0.0 0 0.0 1186.523438 47.526855 1277.226562 267.297363 0.0 0.0 0.0 0.0 0.0 0.0 0.0 0.902266
Person 0.0 0 0.0 1397.109375 75.607910 1466.015625 238.952637 0.0 0.0 0.0 0.0 0.0 0.0 0.0 0.913984
Person 0.0 0 0.0 583.945312 649.291992 826.992188 1073.012695 0.0 0.0 0.0 0.0 0.0 0.0 0.0 0.920504
Person 0.0 0 0.0 419.238281 97.954102 544.511719 430.971680 0.0 0.0 0.0 0.0 0.0 0.0 0.0 0.923316
Person 0.0 0 0.0 1589.033203 159.982910 1679.091797 354.968262 0.0 0.0 0.0 0.0 0.0 0.0 0.0 0.926835
Person 0.0 0 0.0 974.648438 423.852539 1160.976562 815.405273 0.0 0.0 0.0 0.0 0.0 0.0 0.0 0.932944
Person 0.0 0 0.0 1479.726562 213.244629 1614.023438 469.665527 0.0 0.0 0.0 0.0 0.0 0.0 0.0 0.934155
Person 0.0 0 0.0 358.037109 66.840820 444.462891 395.375977 0.0 0.0 0.0 0.0 0.0 0.0 0.0 0.937211
Person 0.0 0 0.0 1331.894531 184.174805 1486.230469 455.493164 0.0 0.0 0.0 0.0 0.0 0.0 0.0 0.939471
Person 0.0 0 0.0 1153.417969 60.183105 1252.207031 302.365723 0.0 0.0 0.0 0.0 0.0 0.0 0.0 0.969785
