Person 0.0 0 0.0 427.734375 31.047363 506.015625 172.375488 0.0 0.0 0.0 0.0 0.0 0.0 0.0 0.322099
Person 0.0 0 0.0 428.906250 31.113281 522.187500 289.775391 0.0 0.0 0.0 0.0 0.0 0.0 0.0 0.341583
Person 0.0 0 0.0 437.446289 0.000000 494.897461 77.947998 0.0 0.0 0.0 0.0 0.0 0.0 0.0 0.426322
Person 0.0 0 0.0 1110.102539 0.000000 1147.397461 87.407227 0.0 0.0 0.0 0.0 0.0 0.0 0.0 0.431105
Person 0.0 0 0.0 1031.806641 286.413574 1143.193359 544.680176 0.0 0.0 0.0 0.0 0.0 0.0 0.0 0.438785
Person 0.0 0 0.0 351.284180 0.000000 396.840820 110.412598 0.0 0.0 0.0 0.0 0.0 0.0 0.0 0.465873
Person 0.0 0 0.0 273.295898 0.000000 319.204102 110.313721 0.0 0.0 0.0 0.0 0.0 0.0 0.0 0.504883
Person 0.0 0 0.0 1463.613281 65.390625 1542.011719 268.945312 0.0 0.0 0.0 0.0 0.0 0.0 0.0 0.581303
Person 0.0 0 0.0 183.354492 0.000000 240.161133 131.737061 0.0 0.0 0.0 0.0 0.0 0.0 0.0 0.697609
Person 0.0 0 0.0 309.433594 0.000000 371.191406 126.958008 0.0 0.0 0.0 0.0 0.0 0.0 0.0 0.788583
Person 0.0 0 0.0 1344.902344 185.756836 1471.347656 464.458008 0.0 0.0 0.0 0.0 0.0 0.0 0.0 0.814053
Person 0.0 0 0.0 1396.875000 76.333008 1468.125000 240.336914 0.0 0.0 0.0 0.0 0.0 0.0 0.0 0.886420
Person 0.0 0 0.0 44.589844 48.713379 106.464844 239.479980 0.0 0.0 0.0 0.0 0.0 0.0 0.0 0.892563
Person 0.0 0 0.0 1250.771484 34.541016 1304.853516 170.727539 0.0 0.0 0.0 0.0 0.0 0.0 0.0 0.901921
Person 0.0 0 0.0 973.710938 419.897461 1135.664062 816.196289 0.0 0.0 0.0 0.0 0.0 0.0 0.0 0.918187
Person 0.0 0 0.0 356.894531 67.368164 445.605469 394.584961 0.0 0.0 0.0 0.0 0.0 0.0 0.0 0.929951
Person 0.0 0 0.0 421.171875 104.677734 544.453125 430.312500 0.0 0.0 0.0 0.0 0.0 0.0 0.0 0.932453
Person 0.0 0 0.0 975.878906 90.439453 1058.496094 371.777344 0.0 0.0 0.0 0.0 0.0 0.0 0.0 0.942082
Person 0.0 0 0.0 1179.785156 131.044922 1297.089844 412.646484 0.0 0.0 0.0 0.0 0.0 0.0 0.0 0.944995
Person 0.0 0 0.0 1293.691406 96.174316 1372.558594 321.745605 0.0 0.0 0.0 0.0 0.0 0.0 0.0 0.956309
