Person 0.0 0 0.0 1493.232422 100.393066 1591.142578 274.812012 0.0 0.0 0.0 0.0 0.0 0.0 0.0 0.329823
Person 0.0 0 0.0 1064.765625 0.000000 1110.234375 170.661621 0.0 0.0 0.0 0.0 0.0 0.0 0.0 0.393268
Person 0.0 0 0.0 981.064453 144.492188 1096.435547 456.152344 0.0 0.0 0.0 0.0 0.0 0.0 0.0 0.517571
Person 0.0 0 0.0 1463.115234 64.467773 1540.634766 252.993164 0.0 0.0 0.0 0.0 0.0 0.0 0.0 0.595493
Person 0.0 0 0.0 261.079102 0.000000 301.420898 111.401367 0.0 0.0 0.0 0.0 0.0 0.0 0.0 0.671471
Person 0.0 0 0.0 93.457031 0.000000 127.324219 113.049316 0.0 0.0 0.0 0.0 0.0 0.0 0.0 0.760651
Person 0.0 0 0.0 411.650391 0.000000 464.912109 112.719727 0.0 0.0 0.0 0.0 0.0 0.0 0.0 0.766992
Person 0.0 0 0.0 37.031250 1.614990 82.089844 117.432861 0.0 0.0 0.0 0.0 0.0 0.0 0.0 0.825027
Person 0.0 0 0.0 182.651367 1.054688 235.004883 132.561035 0.0 0.0 0.0 0.0 0.0 0.0 0.0 0.879974
Person 0.0 0 0.0 1076.835938 412.382812 1227.539062 815.273438 0.0 0.0 0.0 0.0 0.0 0.0 0.0 0.881615
Person 0.0 0 0.0 1025.800781 288.852539 1233.574219 673.022461 0.0 0.0 0.0 0.0 0.0 0.0 0.0 0.902610
Person 0.0 0 0.0 1157.080078 0.000000 1227.919922 196.040039 0.0 0.0 0.0 0.0 0.0 0.0 0.0 0.913058
Person 0.0 0 0.0 1397.314453 74.553223 1465.810547 241.853027 0.0 0.0 0.0 0.0 0.0 0.0 0.0 0.927100
Person 0.0 0 0.0 429.199219 96.635742 543.925781 429.916992 0.0 0.0 0.0 0.0 0.0 0.0 0.0 0.939913
Person 0.0 0 0.0 336.884766 72.905273 441.708984 394.848633 0.0 0.0 0.0 0.0 0.0 0.0 0.0 0.940790
Person 0.0 0 0.0 968.964844 200.522461 1086.035156 544.086914 0.0 0.0 0.0 0.0 0.0 0.0 0.0 0.944382
Person 0.0 0 0.0 1279.511719 315.747070 1435.488281 649.291992 0.0 0.0 0.0 0.0 0.0 0.0 0.0 0.945197
Person 0.0 0 0.0 729.990234 276.723633 848.759766 660.366211 0.0 0.0 0.0 0.0 0.0 0.0 0.0 0.946001
Person 0.0 0 0.0 1076.367188 0.197754 1149.257812 213.903809 0.0 0.0 0.0 0.0 0.0 0.0 0.0 0.949856
Person 0.0 0 0.0 867.216797 111.796875 967.470703 426.621094 0.0 0.0 0.0 0.0 0.0 0.0 0.0 0.968381
