Person 0.0 0 0.0 432.817383 0.049438 465.307617 67.351685 0.0 0.0 0.0 0.0 0.0 0.0 0.0 0.479504
Person 0.0 0 0.0 1059.975586 0.000000 1116.899414 111.829834 0.0 0.0 0.0 0.0 0.0 0.0 0.0 0.570810
Person 0.0 0 0.0 205.869141 0.000000 251.865234 94.295654 0.0 0.0 0.0 0.0 0.0 0.0 0.0 0.576542
Person 0.0 0 0.0 269.868164 0.000000 310.913086 108.533936 0.0 0.0 0.0 0.0 0.0 0.0 0.0 0.679179
Person 0.0 0 0.0 90.190430 0.032959 135.512695 103.919678 0.0 0.0 0.0 0.0 0.0 0.0 0.0 0.734881
Person 0.0 0 0.0 1463.320312 63.347168 1540.429688 253.322754 0.0 0.0 0.0 0.0 0.0 0.0 0.0 0.757794
Person 0.0 0 0.0 463.593750 0.000000 515.156250 118.322754 0.0 0.0 0.0 0.0 0.0 0.0 0.0 0.825590
Person 0.0 0 0.0 407.226562 27.751465 478.242188 129.133301 0.0 0.0 0.0 0.0 0.0 0.0 0.0 0.864310
Person 0.0 0 0.0 1200.439453 14.271240 1259.560547 145.250244 0.0 0.0 0.0 0.0 0.0 0.0 0.0 0.901921
Person 0.0 0 0.0 1036.171875 439.672852 1208.203125 816.459961 0.0 0.0 0.0 0.0 0.0 0.0 0.0 0.911180
Person 0.0 0 0.0 174.492188 0.230713 234.492188 134.176025 0.0 0.0 0.0 0.0 0.0 0.0 0.0 0.924688
Person 0.0 0 0.0 27.436523 28.015137 80.317383 187.536621 0.0 0.0 0.0 0.0 0.0 0.0 0.0 0.929951
Person 0.0 0 0.0 1033.125000 296.762695 1177.500000 686.206055 0.0 0.0 0.0 0.0 0.0 0.0 0.0 0.945801
Person 0.0 0 0.0 1251.884766 106.193848 1337.490234 341.520996 0.0 0.0 0.0 0.0 0.0 0.0 0.0 0.952042
Person 0.0 0 0.0 1397.753906 74.553223 1465.371094 241.853027 0.0 0.0 0.0 0.0 0.0 0.0 0.0 0.953966
Person 0.0 0 0.0 439.951172 102.963867 544.423828 430.444336 0.0 0.0 0.0 0.0 0.0 0.0 0.0 0.954984
Person 0.0 0 0.0 359.589844 70.004883 446.660156 396.166992 0.0 0.0 0.0 0.0 0.0 0.0 0.0 0.956145
Person 0.0 0 0.0 891.503906 110.478516 979.746094 427.412109 0.0 0.0 0.0 0.0 0.0 0.0 0.0 0.959762
Person 0.0 0 0.0 970.019531 146.601562 1096.230469 470.917969 0.0 0.0 0.0 0.0 0.0 0.0 0.0 0.961534
Person 0.0 0 0.0 1161.884766 106.918945 1254.990234 379.291992 0.0 0.0 0.0 0.0 0.0 0.0 0.0 0.974821
