Person 0.0 0 0.0 1097.131348 0.000000 1120.993652 70.631104 0.0 0.0 0.0 0.0 0.0 0.0 0.0 0.349089
Person 0.0 0 0.0 1491.298828 99.140625 1591.201172 274.746094 0.0 0.0 0.0 0.0 0.0 0.0 0.0 0.411111
Person 0.0 0 0.0 1462.470703 74.816895 1531.904297 256.618652 0.0 0.0 0.0 0.0 0.0 0.0 0.0 0.583203
Person 0.0 0 0.0 0.468750 232.558594 87.246094 538.417969 0.0 0.0 0.0 0.0 0.0 0.0 0.0 0.601125
Person 0.0 0 0.0 1426.347656 64.731445 1489.277344 233.745117 0.0 0.0 0.0 0.0 0.0 0.0 0.0 0.651355
Person 0.0 0 0.0 1688.437500 314.296875 1806.562500 572.167969 0.0 0.0 0.0 0.0 0.0 0.0 0.0 0.737158
Person 0.0 0 0.0 244.467773 0.000000 288.500977 109.193115 0.0 0.0 0.0 0.0 0.0 0.0 0.0 0.769773
Person 0.0 0 0.0 1074.082031 344.882812 1243.417969 697.148438 0.0 0.0 0.0 0.0 0.0 0.0 0.0 0.790530
Person 0.0 0 0.0 1112.182617 0.065918 1164.067383 171.320801 0.0 0.0 0.0 0.0 0.0 0.0 0.0 0.882833
Person 0.0 0 0.0 131.015625 1.351318 175.312500 127.452393 0.0 0.0 0.0 0.0 0.0 0.0 0.0 0.886420
Person 0.0 0 0.0 1275.351562 51.152344 1362.773438 259.716797 0.0 0.0 0.0 0.0 0.0 0.0 0.0 0.900179
Person 0.0 0 0.0 172.382812 0.065918 223.945312 136.252441 0.0 0.0 0.0 0.0 0.0 0.0 0.0 0.901575
Person 0.0 0 0.0 1074.375000 428.334961 1275.000000 814.086914 0.0 0.0 0.0 0.0 0.0 0.0 0.0 0.903294
Person 0.0 0 0.0 818.203125 142.514648 909.609375 481.333008 0.0 0.0 0.0 0.0 0.0 0.0 0.0 0.914901
Person 0.0 0 0.0 967.500000 120.102539 1076.250000 420.424805 0.0 0.0 0.0 0.0 0.0 0.0 0.0 0.940353
Person 0.0 0 0.0 334.599609 114.565430 435.087891 430.180664 0.0 0.0 0.0 0.0 0.0 0.0 0.0 0.940790
Person 0.0 0 0.0 1180.751953 45.681152 1267.998047 290.236816 0.0 0.0 0.0 0.0 0.0 0.0 0.0 0.942507
Person 0.0 0 0.0 1297.529297 94.987793 1393.095703 334.270020 0.0 0.0 0.0 0.0 0.0 0.0 0.0 0.947186
Person 0.0 0 0.0 1009.453125 153.061523 1161.796875 488.188477 0.0 0.0 0.0 0.0 0.0 0.0 0.0 0.959913
