Person 0.0 0 0.0 1448.320312 66.181641 1527.304688 210.410156 0.0 0.0 0.0 0.0 0.0 0.0 0.0 0.366590
Person 0.0 0 0.0 194.340820 0.000000 228.471680 57.793579 0.0 0.0 0.0 0.0 0.0 0.0 0.0 0.372049
Person 0.0 0 0.0 1505.888672 103.886719 1593.486328 275.800781 0.0 0.0 0.0 0.0 0.0 0.0 0.0 0.393268
Person 0.0 0 0.0 1441.875000 65.983887 1501.875000 210.344238 0.0 0.0 0.0 0.0 0.0 0.0 0.0 0.399812
Person 0.0 0 0.0 1264.130859 0.395508 1340.244141 175.737305 0.0 0.0 0.0 0.0 0.0 0.0 0.0 0.597373
Person 0.0 0 0.0 0.585938 230.712891 86.835938 532.880859 0.0 0.0 0.0 0.0 0.0 0.0 0.0 0.620622
Person 0.0 0 0.0 1132.792969 304.936523 1265.332031 561.489258 0.0 0.0 0.0 0.0 0.0 0.0 0.0 0.678327
Person 0.0 0 0.0 1164.624023 0.000000 1220.375977 166.970215 0.0 0.0 0.0 0.0 0.0 0.0 0.0 0.688468
Person 0.0 0 0.0 40.781250 53.129883 98.789062 222.934570 0.0 0.0 0.0 0.0 0.0 0.0 0.0 0.822189
Person 0.0 0 0.0 231.020508 0.000000 290.698242 114.466553 0.0 0.0 0.0 0.0 0.0 0.0 0.0 0.833325
Person 0.0 0 0.0 165.468750 0.461426 216.562500 137.438965 0.0 0.0 0.0 0.0 0.0 0.0 0.0 0.916110
Person 0.0 0 0.0 1232.402344 266.440430 1386.972656 610.532227 0.0 0.0 0.0 0.0 0.0 0.0 0.0 0.938124
Person 0.0 0 0.0 1074.257812 427.807617 1243.242188 814.614258 0.0 0.0 0.0 0.0 0.0 0.0 0.0 0.952397
Person 0.0 0 0.0 491.074219 23.994141 555.175781 284.765625 0.0 0.0 0.0 0.0 0.0 0.0 0.0 0.956472
Person 0.0 0 0.0 1420.429688 151.083984 1521.445312 383.115234 0.0 0.0 0.0 0.0 0.0 0.0 0.0 0.961678
Person 0.0 0 0.0 1117.939453 0.000000 1192.060547 176.923828 0.0 0.0 0.0 0.0 0.0 0.0 0.0 0.962250
Person 0.0 0 0.0 1275.878906 15.161133 1341.621094 203.818359 0.0 0.0 0.0 0.0 0.0 0.0 0.0 0.964722
Person 0.0 0 0.0 1318.330078 61.765137 1398.544922 288.127441 0.0 0.0 0.0 0.0 0.0 0.0 0.0 0.968856
Person 0.0 0 0.0 1046.660156 140.141602 1192.089844 452.592773 0.0 0.0 0.0 0.0 0.0 0.0 0.0 0.972415
Person 0.0 0 0.0 974.648438 96.899414 1132.851562 378.764648 0.0 0.0 0.0 0.0 0.0 0.0 0.0 0.979036
