Person 0.0 0 0.0 1169.926758 0.065918 1226.323242 109.028320 0.0 0.0 0.0 0.0 0.0 0.0 0.0 0.433981
Person 0.0 0 0.0 131.733398 0.000000 181.391602 154.907227 0.0 0.0 0.0 0.0 0.0 0.0 0.0 0.457137
Person 0.0 0 0.0 1112.416992 0.065918 1146.958008 87.802734 0.0 0.0 0.0 0.0 0.0 0.0 0.0 0.462959
Person 0.0 0 0.0 783.896484 175.209961 873.603516 527.211914 0.0 0.0 0.0 0.0 0.0 0.0 0.0 0.553505
Person 0.0 0 0.0 334.335938 0.000000 389.882812 88.692627 0.0 0.0 0.0 0.0 0.0 0.0 0.0 0.662796
Person 0.0 0 0.0 1463.818359 64.072266 1539.931641 252.597656 0.0 0.0 0.0 0.0 0.0 0.0 0.0 0.671471
Person 0.0 0 0.0 256.538086 0.000000 298.930664 113.543701 0.0 0.0 0.0 0.0 0.0 0.0 0.0 0.769080
Person 0.0 0 0.0 60.585938 0.000000 99.257812 116.641846 0.0 0.0 0.0 0.0 0.0 0.0 0.0 0.806243
Person 0.0 0 0.0 1195.898438 494.912109 1397.226562 860.361328 0.0 0.0 0.0 0.0 0.0 0.0 0.0 0.845433
Person 0.0 0 0.0 185.200195 0.000000 234.565430 131.341553 0.0 0.0 0.0 0.0 0.0 0.0 0.0 0.848471
Person 0.0 0 0.0 1075.253906 444.418945 1266.621094 814.877930 0.0 0.0 0.0 0.0 0.0 0.0 0.0 0.863392
Person 0.0 0 0.0 735.234375 247.719727 874.453125 661.420898 0.0 0.0 0.0 0.0 0.0 0.0 0.0 0.899828
Person 0.0 0 0.0 1068.515625 279.096680 1220.859375 661.157227 0.0 0.0 0.0 0.0 0.0 0.0 0.0 0.900179
Person 0.0 0 0.0 1397.636719 74.289551 1465.488281 241.325684 0.0 0.0 0.0 0.0 0.0 0.0 0.0 0.928409
Person 0.0 0 0.0 327.304688 76.201172 425.039062 410.800781 0.0 0.0 0.0 0.0 0.0 0.0 0.0 0.932944
Person 0.0 0 0.0 1049.121094 0.000000 1107.128906 190.502930 0.0 0.0 0.0 0.0 0.0 0.0 0.0 0.937897
Person 0.0 0 0.0 1148.115234 23.730469 1216.259766 236.909180 0.0 0.0 0.0 0.0 0.0 0.0 0.0 0.946200
Person 0.0 0 0.0 874.980469 124.980469 973.769531 427.148438 0.0 0.0 0.0 0.0 0.0 0.0 0.0 0.951323
Person 0.0 0 0.0 431.132812 106.787109 527.929688 420.292969 0.0 0.0 0.0 0.0 0.0 0.0 0.0 0.955981
Person 0.0 0 0.0 950.449219 152.929688 1052.050781 478.828125 0.0 0.0 0.0 0.0 0.0 0.0 0.0 0.957278
