Person 0.0 0 0.0 1108.300781 0.032959 1147.324219 89.022217 0.0 0.0 0.0 0.0 0.0 0.0 0.0 0.373876
Person 0.0 0 0.0 1230.820312 37.935791 1296.679688 112.884521 0.0 0.0 0.0 0.0 0.0 0.0 0.0 0.381220
Person 0.0 0 0.0 1222.792969 36.848145 1297.207031 245.017090 0.0 0.0 0.0 0.0 0.0 0.0 0.0 0.394201
Person 0.0 0 0.0 119.750977 0.000000 161.264648 112.027588 0.0 0.0 0.0 0.0 0.0 0.0 0.0 0.458106
Person 0.0 0 0.0 321.386719 0.000000 360.644531 66.593628 0.0 0.0 0.0 0.0 0.0 0.0 0.0 0.549641
Person 0.0 0 0.0 207.553711 0.000000 257.211914 93.867188 0.0 0.0 0.0 0.0 0.0 0.0 0.0 0.600188
Person 0.0 0 0.0 257.578125 0.000000 319.921875 107.841797 0.0 0.0 0.0 0.0 0.0 0.0 0.0 0.740925
Person 0.0 0 0.0 1463.466797 62.951660 1540.283203 253.718262 0.0 0.0 0.0 0.0 0.0 0.0 0.0 0.806243
Person 0.0 0 0.0 466.464844 0.000000 527.285156 116.542969 0.0 0.0 0.0 0.0 0.0 0.0 0.0 0.871475
Person 0.0 0 0.0 1033.593750 296.235352 1203.281250 686.206055 0.0 0.0 0.0 0.0 0.0 0.0 0.0 0.889144
Person 0.0 0 0.0 412.866211 12.030029 471.196289 131.539307 0.0 0.0 0.0 0.0 0.0 0.0 0.0 0.901575
Person 0.0 0 0.0 1036.406250 436.640625 1206.093750 816.328125 0.0 0.0 0.0 0.0 0.0 0.0 0.0 0.913984
Person 0.0 0 0.0 180.468750 0.230713 237.187500 126.990967 0.0 0.0 0.0 0.0 0.0 0.0 0.0 0.920218
Person 0.0 0 0.0 40.751953 28.542480 121.435547 199.138184 0.0 0.0 0.0 0.0 0.0 0.0 0.0 0.938350
Person 0.0 0 0.0 970.400391 142.382812 1067.724609 467.753906 0.0 0.0 0.0 0.0 0.0 0.0 0.0 0.943971
Person 0.0 0 0.0 1199.296875 77.519531 1305.703125 305.332031 0.0 0.0 0.0 0.0 0.0 0.0 0.0 0.946990
Person 0.0 0 0.0 1107.158203 98.481445 1197.216797 357.407227 0.0 0.0 0.0 0.0 0.0 0.0 0.0 0.950960
Person 0.0 0 0.0 1397.812500 74.553223 1465.312500 241.853027 0.0 0.0 0.0 0.0 0.0 0.0 0.0 0.952574
Person 0.0 0 0.0 357.744141 70.795898 446.630859 396.958008 0.0 0.0 0.0 0.0 0.0 0.0 0.0 0.955319
Person 0.0 0 0.0 891.269531 112.192383 996.855469 427.016602 0.0 0.0 0.0 0.0 0.0 0.0 0.0 0.964855
