Person 0.0 0 0.0 1109.780273 0.065918 1147.719727 88.132324 0.0 0.0 0.0 0.0 0.0 0.0 0.0 0.404507
Person 0.0 0 0.0 1178.056641 29.992676 1246.318359 112.521973 0.0 0.0 0.0 0.0 0.0 0.0 0.0 0.411111
Person 0.0 0 0.0 989.296875 301.245117 1146.328125 678.032227 0.0 0.0 0.0 0.0 0.0 0.0 0.0 0.413004
Person 0.0 0 0.0 1464.814453 63.017578 1544.560547 253.388672 0.0 0.0 0.0 0.0 0.0 0.0 0.0 0.415847
Person 0.0 0 0.0 362.270508 0.098877 405.073242 70.037842 0.0 0.0 0.0 0.0 0.0 0.0 0.0 0.418697
Person 0.0 0 0.0 1463.906250 62.885742 1545.468750 254.575195 0.0 0.0 0.0 0.0 0.0 0.0 0.0 0.453262
Person 0.0 0 0.0 421.845703 0.032959 466.904297 111.104736 0.0 0.0 0.0 0.0 0.0 0.0 0.0 0.460046
Person 0.0 0 0.0 273.750000 0.000000 320.625000 109.028320 0.0 0.0 0.0 0.0 0.0 0.0 0.0 0.477554
Person 0.0 0 0.0 437.431641 36.188965 522.568359 287.600098 0.0 0.0 0.0 0.0 0.0 0.0 0.0 0.578448
Person 0.0 0 0.0 489.433594 0.000000 550.253906 186.218262 0.0 0.0 0.0 0.0 0.0 0.0 0.0 0.595493
Person 0.0 0 0.0 1583.847656 266.044922 1714.277344 484.892578 0.0 0.0 0.0 0.0 0.0 0.0 0.0 0.668880
Person 0.0 0 0.0 190.942383 0.131836 236.323242 130.847168 0.0 0.0 0.0 0.0 0.0 0.0 0.0 0.745398
Person 0.0 0 0.0 668.320312 905.053711 935.742188 1072.485352 0.0 0.0 0.0 0.0 0.0 0.0 0.0 0.776623
Person 0.0 0 0.0 1397.548828 74.948730 1469.326172 241.457520 0.0 0.0 0.0 0.0 0.0 0.0 0.0 0.913984
Person 0.0 0 0.0 1262.988281 157.675781 1382.636719 424.511719 0.0 0.0 0.0 0.0 0.0 0.0 0.0 0.914901
Person 0.0 0 0.0 431.806641 99.536133 543.193359 428.334961 0.0 0.0 0.0 0.0 0.0 0.0 0.0 0.933188
Person 0.0 0 0.0 357.216797 67.631836 445.283203 395.112305 0.0 0.0 0.0 0.0 0.0 0.0 0.0 0.940353
Person 0.0 0 0.0 1597.705078 177.978516 1692.919922 379.423828 0.0 0.0 0.0 0.0 0.0 0.0 0.0 0.954984
Person 0.0 0 0.0 974.003906 421.479492 1150.371094 815.668945 0.0 0.0 0.0 0.0 0.0 0.0 0.0 0.958226
Person 0.0 0 0.0 1164.023438 60.117188 1256.601562 303.222656 0.0 0.0 0.0 0.0 0.0 0.0 0.0 0.962391
