Person 0.0 0 0.0 1463.730469 68.884277 1532.519531 262.023926 0.0 0.0 0.0 0.0 0.0 0.0 0.0 0.301568
Person 0.0 0 0.0 195.673828 0.000000 229.951172 58.930664 0.0 0.0 0.0 0.0 0.0 0.0 0.0 0.341583
Person 0.0 0 0.0 1442.255859 66.313477 1501.494141 212.124023 0.0 0.0 0.0 0.0 0.0 0.0 0.0 0.478529
Person 0.0 0 0.0 0.556641 230.317383 86.982422 532.749023 0.0 0.0 0.0 0.0 0.0 0.0 0.0 0.595493
Person 0.0 0 0.0 231.357422 0.000000 274.892578 114.862061 0.0 0.0 0.0 0.0 0.0 0.0 0.0 0.688468
Person 0.0 0 0.0 165.322266 1.318359 216.708984 139.614258 0.0 0.0 0.0 0.0 0.0 0.0 0.0 0.839208
Person 0.0 0 0.0 467.197266 36.716309 539.677734 290.500488 0.0 0.0 0.0 0.0 0.0 0.0 0.0 0.894789
Person 0.0 0 0.0 1073.203125 422.534180 1251.796875 814.614258 0.0 0.0 0.0 0.0 0.0 0.0 0.0 0.917893
Person 0.0 0 0.0 1029.785156 251.938477 1253.964844 619.233398 0.0 0.0 0.0 0.0 0.0 0.0 0.0 0.920504
Person 0.0 0 0.0 1060.195312 133.286133 1182.304688 442.045898 0.0 0.0 0.0 0.0 0.0 0.0 0.0 0.925230
Person 0.0 0 0.0 1210.634766 0.000000 1281.240234 180.483398 0.0 0.0 0.0 0.0 0.0 0.0 0.0 0.931960
Person 0.0 0 0.0 1332.773438 62.028809 1399.101562 281.799316 0.0 0.0 0.0 0.0 0.0 0.0 0.0 0.934872
Person 0.0 0 0.0 1208.496094 268.549805 1354.628906 596.821289 0.0 0.0 0.0 0.0 0.0 0.0 0.0 0.937211
Person 0.0 0 0.0 1090.898438 0.000000 1160.976562 134.901123 0.0 0.0 0.0 0.0 0.0 0.0 0.0 0.943348
Person 0.0 0 0.0 1034.882812 95.185547 1126.992188 381.796875 0.0 0.0 0.0 0.0 0.0 0.0 0.0 0.948728
Person 0.0 0 0.0 1292.519531 18.654785 1353.105469 208.630371 0.0 0.0 0.0 0.0 0.0 0.0 0.0 0.957118
Person 0.0 0 0.0 1212.890625 72.377930 1308.984375 301.245117 0.0 0.0 0.0 0.0 0.0 0.0 0.0 0.969324
