Person 0.0 0 0.0 395.976562 0.000000 430.898438 82.957764 0.0 0.0 0.0 0.0 0.0 0.0 0.0 0.390476
Person 0.0 0 0.0 365.683594 0.098877 428.847656 85.330811 0.0 0.0 0.0 0.0 0.0 0.0 0.0 0.408277
Person 0.0 0 0.0 361.640625 0.000000 400.078125 77.189941 0.0 0.0 0.0 0.0 0.0 0.0 0.0 0.454230
Person 0.0 0 0.0 1464.755859 65.258789 1542.744141 255.629883 0.0 0.0 0.0 0.0 0.0 0.0 0.0 0.461988
Person 0.0 0 0.0 988.945312 306.914062 1133.554688 676.054688 0.0 0.0 0.0 0.0 0.0 0.0 0.0 0.545770
Person 0.0 0 0.0 1111.948242 0.065918 1147.426758 86.352539 0.0 0.0 0.0 0.0 0.0 0.0 0.0 0.572723
Person 0.0 0 0.0 429.169922 33.815918 521.923828 288.918457 0.0 0.0 0.0 0.0 0.0 0.0 0.0 0.599251
Person 0.0 0 0.0 1422.377930 75.344238 1466.997070 235.261230 0.0 0.0 0.0 0.0 0.0 0.0 0.0 0.649579
Person 0.0 0 0.0 262.485352 0.000000 314.545898 107.841797 0.0 0.0 0.0 0.0 0.0 0.0 0.0 0.748352
Person 0.0 0 0.0 193.696289 0.000000 240.131836 131.671143 0.0 0.0 0.0 0.0 0.0 0.0 0.0 0.856332
Person 0.0 0 0.0 524.560547 0.000000 581.689453 140.471191 0.0 0.0 0.0 0.0 0.0 0.0 0.0 0.870597
Person 0.0 0 0.0 1516.992188 248.181152 1678.007812 495.373535 0.0 0.0 0.0 0.0 0.0 0.0 0.0 0.895157
Person 0.0 0 0.0 91.274414 1.054688 137.709961 165.717773 0.0 0.0 0.0 0.0 0.0 0.0 0.0 0.913984
Person 0.0 0 0.0 973.476562 418.051758 1130.273438 815.932617 0.0 0.0 0.0 0.0 0.0 0.0 0.0 0.944995
Person 0.0 0 0.0 358.710938 67.104492 446.132812 395.112305 0.0 0.0 0.0 0.0 0.0 0.0 0.0 0.951863
Person 0.0 0 0.0 1220.097656 92.944336 1311.152344 360.571289 0.0 0.0 0.0 0.0 0.0 0.0 0.0 0.958538
Person 0.0 0 0.0 437.431641 106.259766 541.318359 427.412109 0.0 0.0 0.0 0.0 0.0 0.0 0.0 0.962250
Person 0.0 0 0.0 1118.027344 42.978516 1190.097656 281.074219 0.0 0.0 0.0 0.0 0.0 0.0 0.0 0.967899
Person 0.0 0 0.0 1293.603516 110.412598 1389.521484 346.267090 0.0 0.0 0.0 0.0 0.0 0.0 0.0 0.972415
Person 0.0 0 0.0 1349.091797 120.629883 1444.658203 337.368164 0.0 0.0 0.0 0.0 0.0 0.0 0.0 0.978052
