Person 0.0 0 0.0 260.039062 0.000000 303.398438 103.656006 0.0 0.0 0.0 0.0 0.0 0.0 0.0 0.550607
Person 0.0 0 0.0 1463.378906 63.347168 1542.246094 265.187988 0.0 0.0 0.0 0.0 0.0 0.0 0.0 0.566019
Person 0.0 0 0.0 66.796875 0.000000 109.921875 100.590820 0.0 0.0 0.0 0.0 0.0 0.0 0.0 0.707405
Person 0.0 0 0.0 105.527344 0.000000 147.832031 103.656006 0.0 0.0 0.0 0.0 0.0 0.0 0.0 0.759939
Person 0.0 0 0.0 370.092773 0.000000 414.125977 95.152588 0.0 0.0 0.0 0.0 0.0 0.0 0.0 0.798187
Person 0.0 0 0.0 184.687500 0.000000 233.671875 132.890625 0.0 0.0 0.0 0.0 0.0 0.0 0.0 0.832237
Person 0.0 0 0.0 1069.335938 298.081055 1261.289062 661.684570 0.0 0.0 0.0 0.0 0.0 0.0 0.0 0.870597
Person 0.0 0 0.0 1194.375000 493.725586 1395.000000 861.547852 0.0 0.0 0.0 0.0 0.0 0.0 0.0 0.884838
Person 0.0 0 0.0 1073.027344 429.257812 1255.722656 814.218750 0.0 0.0 0.0 0.0 0.0 0.0 0.0 0.920218
Person 0.0 0 0.0 1099.101562 0.000000 1160.273438 189.052734 0.0 0.0 0.0 0.0 0.0 0.0 0.0 0.932944
Person 0.0 0 0.0 1397.958984 73.828125 1465.166016 241.523438 0.0 0.0 0.0 0.0 0.0 0.0 0.0 0.936285
Person 0.0 0 0.0 325.839844 77.783203 424.628906 411.064453 0.0 0.0 0.0 0.0 0.0 0.0 0.0 0.939248
Person 0.0 0 0.0 433.974609 117.729492 544.775391 431.762695 0.0 0.0 0.0 0.0 0.0 0.0 0.0 0.947575
Person 0.0 0 0.0 936.474609 164.794922 1047.275391 504.931641 0.0 0.0 0.0 0.0 0.0 0.0 0.0 0.954308
Person 0.0 0 0.0 758.701172 176.660156 847.236328 550.546875 0.0 0.0 0.0 0.0 0.0 0.0 0.0 0.955152
Person 0.0 0 0.0 866.865234 111.401367 956.572266 417.260742 0.0 0.0 0.0 0.0 0.0 0.0 0.0 0.963643
Person 0.0 0 0.0 1261.318359 137.109375 1369.306641 407.109375 0.0 0.0 0.0 0.0 0.0 0.0 0.0 0.971564
Person 0.0 0 0.0 1136.630859 11.865234 1237.119141 241.259766 0.0 0.0 0.0 0.0 0.0 0.0 0.0 0.973844
Person 0.0 0 0.0 1217.343750 51.481934 1315.781250 266.770020 0.0 0.0 0.0 0.0 0.0 0.0 0.0 0.974043
