Person 0.0 0 0.0 1508.071289 68.686523 1550.053711 165.454102 0.0 0.0 0.0 0.0 0.0 0.0 0.0 0.358465
Person 0.0 0 0.0 399.272461 0.000000 430.415039 81.573486 0.0 0.0 0.0 0.0 0.0 0.0 0.0 0.362969
Person 0.0 0 0.0 1587.597656 288.391113 1742.402344 492.077637 0.0 0.0 0.0 0.0 0.0 0.0 0.0 0.467818
Person 0.0 0 0.0 989.062500 299.135742 1133.437500 673.286133 0.0 0.0 0.0 0.0 0.0 0.0 0.0 0.484380
Person 0.0 0 0.0 1110.571289 0.000000 1146.928711 87.868652 0.0 0.0 0.0 0.0 0.0 0.0 0.0 0.521471
Person 0.0 0 0.0 432.656250 35.002441 521.718750 288.786621 0.0 0.0 0.0 0.0 0.0 0.0 0.0 0.552540
Person 0.0 0 0.0 425.229492 0.000000 480.864258 98.975830 0.0 0.0 0.0 0.0 0.0 0.0 0.0 0.562177
Person 0.0 0 0.0 358.198242 0.000000 401.645508 79.727783 0.0 0.0 0.0 0.0 0.0 0.0 0.0 0.608594
Person 0.0 0 0.0 265.327148 0.000000 315.922852 107.182617 0.0 0.0 0.0 0.0 0.0 0.0 0.0 0.638835
Person 0.0 0 0.0 517.148438 0.000000 577.851562 158.400879 0.0 0.0 0.0 0.0 0.0 0.0 0.0 0.709019
Person 0.0 0 0.0 123.662109 0.000000 174.462891 158.071289 0.0 0.0 0.0 0.0 0.0 0.0 0.0 0.713032
Person 0.0 0 0.0 192.041016 0.000000 240.380859 132.725830 0.0 0.0 0.0 0.0 0.0 0.0 0.0 0.828939
Person 0.0 0 0.0 974.003906 417.392578 1139.121094 816.591797 0.0 0.0 0.0 0.0 0.0 0.0 0.0 0.933673
Person 0.0 0 0.0 1398.808594 75.739746 1469.941406 241.457520 0.0 0.0 0.0 0.0 0.0 0.0 0.0 0.947962
Person 0.0 0 0.0 360.322266 66.708984 445.927734 395.244141 0.0 0.0 0.0 0.0 0.0 0.0 0.0 0.950778
Person 0.0 0 0.0 439.423828 105.073242 543.076172 429.389648 0.0 0.0 0.0 0.0 0.0 0.0 0.0 0.954647
Person 0.0 0 0.0 1294.394531 112.192383 1399.980469 345.541992 0.0 0.0 0.0 0.0 0.0 0.0 0.0 0.956634
Person 0.0 0 0.0 1401.035156 161.960449 1525.839844 378.566895 0.0 0.0 0.0 0.0 0.0 0.0 0.0 0.960063
Person 0.0 0 0.0 1165.722656 81.013184 1294.277344 338.752441 0.0 0.0 0.0 0.0 0.0 0.0 0.0 0.965771
Person 0.0 0 0.0 1137.568359 33.618164 1213.681641 263.012695 0.0 0.0 0.0 0.0 0.0 0.0 0.0 0.968020
