Person 0.0 0 0.0 220.063477 0.065918 254.077148 85.891113 0.0 0.0 0.0 0.0 0.0 0.0 0.0 0.326808
Person 0.0 0 0.0 1465.781250 67.368164 1551.093750 263.803711 0.0 0.0 0.0 0.0 0.0 0.0 0.0 0.391406
Person 0.0 0 0.0 1109.238281 0.000000 1148.261719 87.407227 0.0 0.0 0.0 0.0 0.0 0.0 0.0 0.416797
Person 0.0 0 0.0 226.640625 0.000000 272.109375 87.407227 0.0 0.0 0.0 0.0 0.0 0.0 0.0 0.494141
Person 0.0 0 0.0 462.758789 0.000000 513.178711 108.237305 0.0 0.0 0.0 0.0 0.0 0.0 0.0 0.574633
Person 0.0 0 0.0 400.429688 0.000000 443.789062 114.862061 0.0 0.0 0.0 0.0 0.0 0.0 0.0 0.630685
Person 0.0 0 0.0 265.283203 0.000000 314.560547 108.336182 0.0 0.0 0.0 0.0 0.0 0.0 0.0 0.658418
Person 0.0 0 0.0 438.574219 36.683350 507.363281 162.125244 0.0 0.0 0.0 0.0 0.0 0.0 0.0 0.664540
Person 0.0 0 0.0 0.380859 33.090820 47.724609 191.425781 0.0 0.0 0.0 0.0 0.0 0.0 0.0 0.744656
Person 0.0 0 0.0 1255.019531 89.121094 1349.355469 307.441406 0.0 0.0 0.0 0.0 0.0 0.0 0.0 0.868827
Person 0.0 0 0.0 187.587891 0.395508 235.927734 132.033691 0.0 0.0 0.0 0.0 0.0 0.0 0.0 0.874935
Person 0.0 0 0.0 883.798828 119.707031 961.201172 426.621094 0.0 0.0 0.0 0.0 0.0 0.0 0.0 0.909265
Person 0.0 0 0.0 953.789062 408.955078 1202.460938 819.755859 0.0 0.0 0.0 0.0 0.0 0.0 0.0 0.922761
Person 0.0 0 0.0 1397.343750 76.662598 1467.656250 241.853027 0.0 0.0 0.0 0.0 0.0 0.0 0.0 0.925769
Person 0.0 0 0.0 355.693359 68.027344 450.556641 395.244141 0.0 0.0 0.0 0.0 0.0 0.0 0.0 0.942082
Person 0.0 0 0.0 1047.392578 294.125977 1165.107422 667.749023 0.0 0.0 0.0 0.0 0.0 0.0 0.0 0.943348
Person 0.0 0 0.0 447.275391 105.996094 544.599609 430.048828 0.0 0.0 0.0 0.0 0.0 0.0 0.0 0.954478
Person 0.0 0 0.0 1150.810547 120.893555 1252.939453 424.907227 0.0 0.0 0.0 0.0 0.0 0.0 0.0 0.962813
