Person 0.0 0 0.0 1042.089844 297.949219 1162.910156 678.691406 0.0 0.0 0.0 0.0 0.0 0.0 0.0 0.397938
Person 0.0 0 0.0 1043.027344 299.201660 1163.847656 548.767090 0.0 0.0 0.0 0.0 0.0 0.0 0.0 0.398875
Person 0.0 0 0.0 1110.102539 0.000000 1147.397461 87.176514 0.0 0.0 0.0 0.0 0.0 0.0 0.0 0.426322
Person 0.0 0 0.0 1304.414062 59.589844 1365.585938 272.636719 0.0 0.0 0.0 0.0 0.0 0.0 0.0 0.472683
Person 0.0 0 0.0 438.251953 0.000000 487.529297 80.617676 0.0 0.0 0.0 0.0 0.0 0.0 0.0 0.496094
Person 0.0 0 0.0 437.841797 34.606934 511.845703 173.166504 0.0 0.0 0.0 0.0 0.0 0.0 0.0 0.609524
Person 0.0 0 0.0 1463.378906 63.149414 1540.371094 263.803711 0.0 0.0 0.0 0.0 0.0 0.0 0.0 0.655777
Person 0.0 0 0.0 490.502930 0.000000 536.059570 107.380371 0.0 0.0 0.0 0.0 0.0 0.0 0.0 0.691810
Person 0.0 0 0.0 0.351562 3.691406 32.080078 133.417969 0.0 0.0 0.0 0.0 0.0 0.0 0.0 0.713032
Person 0.0 0 0.0 359.545898 0.000000 412.016602 111.302490 0.0 0.0 0.0 0.0 0.0 0.0 0.0 0.719384
Person 0.0 0 0.0 325.839844 0.000000 368.378906 128.441162 0.0 0.0 0.0 0.0 0.0 0.0 0.0 0.725649
Person 0.0 0 0.0 261.972656 0.000000 317.402344 109.390869 0.0 0.0 0.0 0.0 0.0 0.0 0.0 0.773216
Person 0.0 0 0.0 187.500000 0.098877 239.765625 132.066650 0.0 0.0 0.0 0.0 0.0 0.0 0.0 0.847968
Person 0.0 0 0.0 1253.583984 86.813965 1345.166016 307.639160 0.0 0.0 0.0 0.0 0.0 0.0 0.0 0.902610
Person 0.0 0 0.0 973.476562 420.424805 1143.398438 815.668945 0.0 0.0 0.0 0.0 0.0 0.0 0.0 0.926304
Person 0.0 0 0.0 1397.695312 75.146484 1465.429688 241.259766 0.0 0.0 0.0 0.0 0.0 0.0 0.0 0.931463
Person 0.0 0 0.0 352.646484 69.477539 446.103516 396.430664 0.0 0.0 0.0 0.0 0.0 0.0 0.0 0.937211
Person 0.0 0 0.0 883.007812 114.960938 980.742188 426.093750 0.0 0.0 0.0 0.0 0.0 0.0 0.0 0.946200
Person 0.0 0 0.0 443.642578 105.864258 545.419922 431.235352 0.0 0.0 0.0 0.0 0.0 0.0 0.0 0.952220
Person 0.0 0 0.0 1002.099609 121.948242 1088.525391 426.489258 0.0 0.0 0.0 0.0 0.0 0.0 0.0 0.955981
