Person 0.0 0 0.0 169.248047 0.164795 199.423828 87.572021 0.0 0.0 0.0 0.0 0.0 0.0 0.0 0.394201
Person 0.0 0 0.0 1108.666992 0.000000 1148.833008 87.868652 0.0 0.0 0.0 0.0 0.0 0.0 0.0 0.413004
Person 0.0 0 0.0 1493.173828 101.975098 1593.076172 274.812012 0.0 0.0 0.0 0.0 0.0 0.0 0.0 0.515620
Person 0.0 0 0.0 113.891602 0.000000 146.499023 99.503174 0.0 0.0 0.0 0.0 0.0 0.0 0.0 0.604866
Person 0.0 0 0.0 1461.240234 80.222168 1529.384766 253.850098 0.0 0.0 0.0 0.0 0.0 0.0 0.0 0.616012
Person 0.0 0 0.0 259.086914 0.000000 299.663086 108.533936 0.0 0.0 0.0 0.0 0.0 0.0 0.0 0.648689
Person 0.0 0 0.0 1080.058594 319.833984 1231.816406 688.974609 0.0 0.0 0.0 0.0 0.0 0.0 0.0 0.750553
Person 0.0 0 0.0 18.647461 0.000000 55.356445 114.664307 0.0 0.0 0.0 0.0 0.0 0.0 0.0 0.794385
Person 0.0 0 0.0 1231.582031 473.686523 1449.667969 827.797852 0.0 0.0 0.0 0.0 0.0 0.0 0.0 0.862004
Person 0.0 0 0.0 189.638672 0.131836 235.986328 135.263672 0.0 0.0 0.0 0.0 0.0 0.0 0.0 0.875787
Person 0.0 0 0.0 1605.205078 128.144531 1700.419922 329.589844 0.0 0.0 0.0 0.0 0.0 0.0 0.0 0.922203
Person 0.0 0 0.0 400.986328 114.829102 506.044922 443.100586 0.0 0.0 0.0 0.0 0.0 0.0 0.0 0.924415
Person 0.0 0 0.0 1074.785156 420.820312 1248.339844 814.218750 0.0 0.0 0.0 0.0 0.0 0.0 0.0 0.924959
Person 0.0 0 0.0 1253.759766 62.160645 1343.115234 286.413574 0.0 0.0 0.0 0.0 0.0 0.0 0.0 0.938350
Person 0.0 0 0.0 1363.857422 60.578613 1461.767578 255.563965 0.0 0.0 0.0 0.0 0.0 0.0 0.0 0.950411
Person 0.0 0 0.0 735.000000 156.752930 870.937500 512.973633 0.0 0.0 0.0 0.0 0.0 0.0 0.0 0.960952
Person 0.0 0 0.0 330.029297 77.783203 422.783203 399.726562 0.0 0.0 0.0 0.0 0.0 0.0 0.0 0.963369
Person 0.0 0 0.0 955.458984 170.595703 1048.916016 501.767578 0.0 0.0 0.0 0.0 0.0 0.0 0.0 0.965641
Person 0.0 0 0.0 1145.214844 36.386719 1273.535156 280.546875 0.0 0.0 0.0 0.0 0.0 0.0 0.0 0.966411
Person 0.0 0 0.0 883.271484 112.192383 995.478516 424.379883 0.0 0.0 0.0 0.0 0.0 0.0 0.0 0.979196
