Person 0.0 0 0.0 119.897461 0.000000 155.493164 86.352539 0.0 0.0 0.0 0.0 0.0 0.0 0.0 0.379378
Person 0.0 0 0.0 430.122070 2.570801 462.846680 82.727051 0.0 0.0 0.0 0.0 0.0 0.0 0.0 0.388618
Person 0.0 0 0.0 1110.073242 0.065918 1147.426758 86.352539 0.0 0.0 0.0 0.0 0.0 0.0 0.0 0.424412
Person 0.0 0 0.0 1462.734375 61.633301 1541.015625 251.081543 0.0 0.0 0.0 0.0 0.0 0.0 0.0 0.533154
Person 0.0 0 0.0 217.485352 0.000000 258.295898 91.494141 0.0 0.0 0.0 0.0 0.0 0.0 0.0 0.534127
Person 0.0 0 0.0 439.863281 23.269043 508.886719 162.487793 0.0 0.0 0.0 0.0 0.0 0.0 0.0 0.548674
Person 0.0 0 0.0 457.236328 0.000000 521.513672 115.587158 0.0 0.0 0.0 0.0 0.0 0.0 0.0 0.572723
Person 0.0 0 0.0 349.057617 0.000000 394.379883 74.388428 0.0 0.0 0.0 0.0 0.0 0.0 0.0 0.604866
Person 0.0 0 0.0 268.256836 0.000000 320.024414 107.083740 0.0 0.0 0.0 0.0 0.0 0.0 0.0 0.654011
Person 0.0 0 0.0 137.695312 21.159668 193.242188 207.707520 0.0 0.0 0.0 0.0 0.0 0.0 0.0 0.798815
Person 0.0 0 0.0 181.801758 0.032959 239.370117 131.671143 0.0 0.0 0.0 0.0 0.0 0.0 0.0 0.863392
Person 0.0 0 0.0 1039.453125 247.060547 1279.921875 685.283203 0.0 0.0 0.0 0.0 0.0 0.0 0.0 0.864768
Person 0.0 0 0.0 1037.226562 432.421875 1209.023438 817.382812 0.0 0.0 0.0 0.0 0.0 0.0 0.0 0.892187
Person 0.0 0 0.0 1398.134766 74.421387 1464.990234 241.193848 0.0 0.0 0.0 0.0 0.0 0.0 0.0 0.934872
Person 0.0 0 0.0 1045.224609 93.339844 1126.025391 380.478516 0.0 0.0 0.0 0.0 0.0 0.0 0.0 0.935110
Person 0.0 0 0.0 438.925781 101.909180 544.511719 430.708008 0.0 0.0 0.0 0.0 0.0 0.0 0.0 0.953275
Person 0.0 0 0.0 1205.185547 47.658691 1312.939453 277.976074 0.0 0.0 0.0 0.0 0.0 0.0 0.0 0.955817
Person 0.0 0 0.0 350.332031 70.927734 444.667969 392.871094 0.0 0.0 0.0 0.0 0.0 0.0 0.0 0.957754
Person 0.0 0 0.0 969.960938 148.710938 1071.914062 469.335938 0.0 0.0 0.0 0.0 0.0 0.0 0.0 0.958693
Person 0.0 0 0.0 891.591797 110.610352 979.658203 427.280273 0.0 0.0 0.0 0.0 0.0 0.0 0.0 0.960510
