Person 0.0 0 0.0 1431.181641 67.829590 1525.693359 241.193848 0.0 0.0 0.0 0.0 0.0 0.0 0.0 0.357568
Person 0.0 0 0.0 194.267578 0.000000 228.544922 58.156128 0.0 0.0 0.0 0.0 0.0 0.0 0.0 0.370225
Person 0.0 0 0.0 1494.462891 103.820801 1591.787109 275.339355 0.0 0.0 0.0 0.0 0.0 0.0 0.0 0.383064
Person 0.0 0 0.0 1128.808594 308.496094 1259.941406 547.910156 0.0 0.0 0.0 0.0 0.0 0.0 0.0 0.559290
Person 0.0 0 0.0 0.468750 231.108398 87.070312 533.540039 0.0 0.0 0.0 0.0 0.0 0.0 0.0 0.614163
Person 0.0 0 0.0 229.921875 0.000000 290.390625 113.642578 0.0 0.0 0.0 0.0 0.0 0.0 0.0 0.834946
Person 0.0 0 0.0 1254.199219 0.000000 1320.175781 177.978516 0.0 0.0 0.0 0.0 0.0 0.0 0.0 0.901227
Person 0.0 0 0.0 30.878906 59.326172 96.621094 218.056641 0.0 0.0 0.0 0.0 0.0 0.0 0.0 0.917303
Person 0.0 0 0.0 165.424805 0.725098 218.481445 137.438965 0.0 0.0 0.0 0.0 0.0 0.0 0.0 0.917598
Person 0.0 0 0.0 491.015625 18.720703 553.359375 284.765625 0.0 0.0 0.0 0.0 0.0 0.0 0.0 0.934155
Person 0.0 0 0.0 1073.906250 426.621094 1258.593750 814.746094 0.0 0.0 0.0 0.0 0.0 0.0 0.0 0.946597
Person 0.0 0 0.0 1119.667969 0.000000 1194.082031 158.928223 0.0 0.0 0.0 0.0 0.0 0.0 0.0 0.949856
Person 0.0 0 0.0 1385.068359 149.106445 1504.306641 375.336914 0.0 0.0 0.0 0.0 0.0 0.0 0.0 0.951142
Person 0.0 0 0.0 1240.957031 256.025391 1354.042969 608.818359 0.0 0.0 0.0 0.0 0.0 0.0 0.0 0.952220
Person 0.0 0 0.0 1332.949219 62.556152 1398.925781 278.371582 0.0 0.0 0.0 0.0 0.0 0.0 0.0 0.954984
Person 0.0 0 0.0 1271.982422 18.325195 1341.767578 206.982422 0.0 0.0 0.0 0.0 0.0 0.0 0.0 0.964722
Person 0.0 0 0.0 1046.191406 139.614258 1186.933594 452.592773 0.0 0.0 0.0 0.0 0.0 0.0 0.0 0.968856
Person 0.0 0 0.0 1014.287109 98.876953 1130.712891 378.896484 0.0 0.0 0.0 0.0 0.0 0.0 0.0 0.978549
