Person 0.0 0 0.0 181.274414 0.000000 227.006836 59.111938 0.0 0.0 0.0 0.0 0.0 0.0 0.0 0.341583
Person 0.0 0 0.0 1494.169922 99.602051 1592.080078 274.284668 0.0 0.0 0.0 0.0 0.0 0.0 0.0 0.405449
Person 0.0 0 0.0 1461.181641 72.575684 1529.443359 254.377441 0.0 0.0 0.0 0.0 0.0 0.0 0.0 0.413004
Person 0.0 0 0.0 1102.133789 0.000000 1147.866211 86.846924 0.0 0.0 0.0 0.0 0.0 0.0 0.0 0.433981
Person 0.0 0 0.0 1442.255859 65.061035 1501.494141 213.376465 0.0 0.0 0.0 0.0 0.0 0.0 0.0 0.557364
Person 0.0 0 0.0 1208.876953 1.186523 1282.998047 176.528320 0.0 0.0 0.0 0.0 0.0 0.0 0.0 0.627951
Person 0.0 0 0.0 232.250977 0.000000 271.655273 88.099365 0.0 0.0 0.0 0.0 0.0 0.0 0.0 0.672332
Person 0.0 0 0.0 1155.527344 316.933594 1261.347656 662.343750 0.0 0.0 0.0 0.0 0.0 0.0 0.0 0.765593
Person 0.0 0 0.0 147.480469 4.746094 198.457031 161.499023 0.0 0.0 0.0 0.0 0.0 0.0 0.0 0.814643
Person 0.0 0 0.0 902.578125 168.486328 1054.921875 497.548828 0.0 0.0 0.0 0.0 0.0 0.0 0.0 0.904313
Person 0.0 0 0.0 724.716797 169.145508 843.720703 516.928711 0.0 0.0 0.0 0.0 0.0 0.0 0.0 0.909586
Person 0.0 0 0.0 470.683594 16.215820 537.128906 219.902344 0.0 0.0 0.0 0.0 0.0 0.0 0.0 0.911495
Person 0.0 0 0.0 1290.439453 46.142578 1377.685547 243.632812 0.0 0.0 0.0 0.0 0.0 0.0 0.0 0.917598
Person 0.0 0 0.0 1267.880859 19.050293 1345.869141 204.675293 0.0 0.0 0.0 0.0 0.0 0.0 0.0 0.929696
Person 0.0 0 0.0 1037.958984 92.153320 1120.166016 382.719727 0.0 0.0 0.0 0.0 0.0 0.0 0.0 0.935346
Person 0.0 0 0.0 1074.199219 423.720703 1260.175781 814.482422 0.0 0.0 0.0 0.0 0.0 0.0 0.0 0.937669
Person 0.0 0 0.0 222.597656 59.985352 348.808594 359.252930 0.0 0.0 0.0 0.0 0.0 0.0 0.0 0.947769
Person 0.0 0 0.0 1310.244141 88.264160 1399.130859 316.472168 0.0 0.0 0.0 0.0 0.0 0.0 0.0 0.953101
Person 0.0 0 0.0 1190.800781 14.370117 1299.199219 227.548828 0.0 0.0 0.0 0.0 0.0 0.0 0.0 0.958226
Person 0.0 0 0.0 1063.593750 133.813477 1186.406250 443.627930 0.0 0.0 0.0 0.0 0.0 0.0 0.0 0.958382
