Person 0.0 0 0.0 1112.812500 0.000000 1146.562500 86.616211 0.0 0.0 0.0 0.0 0.0 0.0 0.0 0.490236
Person 0.0 0 0.0 1171.142578 0.000000 1226.982422 109.819336 0.0 0.0 0.0 0.0 0.0 0.0 0.0 0.529263
Person 0.0 0 0.0 372.802734 0.000000 418.447266 96.042480 0.0 0.0 0.0 0.0 0.0 0.0 0.0 0.601125
Person 0.0 0 0.0 147.788086 0.000000 185.493164 89.846191 0.0 0.0 0.0 0.0 0.0 0.0 0.0 0.633410
Person 0.0 0 0.0 776.337891 159.521484 873.662109 526.552734 0.0 0.0 0.0 0.0 0.0 0.0 0.0 0.715424
Person 0.0 0 0.0 1463.320312 63.874512 1540.429688 253.322754 0.0 0.0 0.0 0.0 0.0 0.0 0.0 0.734120
Person 0.0 0 0.0 254.399414 0.000000 298.256836 113.214111 0.0 0.0 0.0 0.0 0.0 0.0 0.0 0.767690
Person 0.0 0 0.0 87.817383 0.000000 142.104492 114.565430 0.0 0.0 0.0 0.0 0.0 0.0 0.0 0.800068
Person 0.0 0 0.0 725.859375 249.960938 872.578125 662.871094 0.0 0.0 0.0 0.0 0.0 0.0 0.0 0.907967
Person 0.0 0 0.0 183.471680 0.000000 234.184570 132.791748 0.0 0.0 0.0 0.0 0.0 0.0 0.0 0.917303
Person 0.0 0 0.0 1077.246094 435.058594 1259.003906 814.746094 0.0 0.0 0.0 0.0 0.0 0.0 0.0 0.917598
Person 0.0 0 0.0 1262.167969 489.902344 1460.332031 851.660156 0.0 0.0 0.0 0.0 0.0 0.0 0.0 0.924142
Person 0.0 0 0.0 427.060547 112.192383 531.533203 420.688477 0.0 0.0 0.0 0.0 0.0 0.0 0.0 0.940353
Person 0.0 0 0.0 327.392578 78.178711 424.951172 410.668945 0.0 0.0 0.0 0.0 0.0 0.0 0.0 0.943556
Person 0.0 0 0.0 1047.158203 0.000000 1116.591797 190.173340 0.0 0.0 0.0 0.0 0.0 0.0 0.0 0.948917
Person 0.0 0 0.0 1068.632812 278.173828 1218.867188 660.498047 0.0 0.0 0.0 0.0 0.0 0.0 0.0 0.949295
Person 0.0 0 0.0 1397.753906 74.619141 1465.371094 241.787109 0.0 0.0 0.0 0.0 0.0 0.0 0.0 0.953449
Person 0.0 0 0.0 951.005859 152.006836 1036.494141 472.895508 0.0 0.0 0.0 0.0 0.0 0.0 0.0 0.961244
Person 0.0 0 0.0 1148.378906 23.862305 1215.996094 236.909180 0.0 0.0 0.0 0.0 0.0 0.0 0.0 0.961965
Person 0.0 0 0.0 875.712891 122.739258 973.974609 427.807617 0.0 0.0 0.0 0.0 0.0 0.0 0.0 0.962533
