Person 0.0 0 0.0 438.955078 37.902832 534.169922 283.513184 0.0 0.0 0.0 0.0 0.0 0.0 0.0 0.323808
Person 0.0 0 0.0 463.051758 0.000000 512.885742 105.336914 0.0 0.0 0.0 0.0 0.0 0.0 0.0 0.354880
Person 0.0 0 0.0 1317.583008 59.589844 1363.666992 150.820312 0.0 0.0 0.0 0.0 0.0 0.0 0.0 0.355327
Person 0.0 0 0.0 1109.311523 0.065918 1148.188477 87.473145 0.0 0.0 0.0 0.0 0.0 0.0 0.0 0.414899
Person 0.0 0 0.0 438.544922 37.639160 506.923828 159.060059 0.0 0.0 0.0 0.0 0.0 0.0 0.0 0.424412
Person 0.0 0 0.0 1464.785156 66.247559 1548.339844 268.088379 0.0 0.0 0.0 0.0 0.0 0.0 0.0 0.471710
Person 0.0 0 0.0 230.537109 0.000000 271.025391 86.121826 0.0 0.0 0.0 0.0 0.0 0.0 0.0 0.638835
Person 0.0 0 0.0 388.813477 0.000000 440.874023 113.247070 0.0 0.0 0.0 0.0 0.0 0.0 0.0 0.714628
Person 0.0 0 0.0 264.023438 0.000000 313.476562 108.138428 0.0 0.0 0.0 0.0 0.0 0.0 0.0 0.725649
Person 0.0 0 0.0 1254.609375 89.055176 1346.015625 307.507324 0.0 0.0 0.0 0.0 0.0 0.0 0.0 0.793106
Person 0.0 0 0.0 0.615234 27.421875 47.871094 187.075195 0.0 0.0 0.0 0.0 0.0 0.0 0.0 0.871912
Person 0.0 0 0.0 187.426758 0.230713 236.791992 132.462158 0.0 0.0 0.0 0.0 0.0 0.0 0.0 0.882428
Person 0.0 0 0.0 883.886719 119.707031 961.113281 426.621094 0.0 0.0 0.0 0.0 0.0 0.0 0.0 0.926037
Person 0.0 0 0.0 952.382812 427.543945 1091.367188 820.151367 0.0 0.0 0.0 0.0 0.0 0.0 0.0 0.946200
Person 0.0 0 0.0 1396.318359 76.596680 1466.806641 241.918945 0.0 0.0 0.0 0.0 0.0 0.0 0.0 0.947186
Person 0.0 0 0.0 356.367188 67.104492 450.351562 394.584961 0.0 0.0 0.0 0.0 0.0 0.0 0.0 0.950041
Person 0.0 0 0.0 448.212891 105.205078 545.537109 430.839844 0.0 0.0 0.0 0.0 0.0 0.0 0.0 0.954984
Person 0.0 0 0.0 1039.101562 292.807617 1162.148438 668.012695 0.0 0.0 0.0 0.0 0.0 0.0 0.0 0.960212
Person 0.0 0 0.0 1144.599609 115.224609 1247.900391 416.601562 0.0 0.0 0.0 0.0 0.0 0.0 0.0 0.971992
