Person 0.0 0 0.0 1097.036133 0.000000 1121.088867 71.488037 0.0 0.0 0.0 0.0 0.0 0.0 0.0 0.311951
Person 0.0 0 0.0 1490.771484 100.327148 1582.353516 274.877930 0.0 0.0 0.0 0.0 0.0 0.0 0.0 0.318273
Person 0.0 0 0.0 1110.717773 0.065918 1148.657227 87.802734 0.0 0.0 0.0 0.0 0.0 0.0 0.0 0.461988
Person 0.0 0 0.0 131.381836 0.000000 169.086914 90.175781 0.0 0.0 0.0 0.0 0.0 0.0 0.0 0.499023
Person 0.0 0 0.0 1076.132812 326.293945 1239.492188 694.116211 0.0 0.0 0.0 0.0 0.0 0.0 0.0 0.632503
Person 0.0 0 0.0 250.400391 0.000000 304.599609 104.479980 0.0 0.0 0.0 0.0 0.0 0.0 0.0 0.706596
Person 0.0 0 0.0 40.356445 21.752930 83.159180 166.772461 0.0 0.0 0.0 0.0 0.0 0.0 0.0 0.822189
Person 0.0 0 0.0 1616.953125 167.629395 1713.046875 373.425293 0.0 0.0 0.0 0.0 0.0 0.0 0.0 0.847968
Person 0.0 0 0.0 1548.574219 78.310547 1608.925781 208.300781 0.0 0.0 0.0 0.0 0.0 0.0 0.0 0.862930
Person 0.0 0 0.0 1436.264648 60.974121 1486.860352 219.572754 0.0 0.0 0.0 0.0 0.0 0.0 0.0 0.888759
Person 0.0 0 0.0 1514.765625 229.724121 1637.109375 471.643066 0.0 0.0 0.0 0.0 0.0 0.0 0.0 0.919931
Person 0.0 0 0.0 184.628906 113.115234 332.402344 442.705078 0.0 0.0 0.0 0.0 0.0 0.0 0.0 0.927626
Person 0.0 0 0.0 885.322266 105.073242 952.177734 395.639648 0.0 0.0 0.0 0.0 0.0 0.0 0.0 0.933915
Person 0.0 0 0.0 1073.320312 427.280273 1253.554688 815.141602 0.0 0.0 0.0 0.0 0.0 0.0 0.0 0.940353
Person 0.0 0 0.0 174.741211 0.000000 222.993164 128.605957 0.0 0.0 0.0 0.0 0.0 0.0 0.0 0.943556
Person 0.0 0 0.0 808.681641 148.710938 923.818359 499.394531 0.0 0.0 0.0 0.0 0.0 0.0 0.0 0.950227
Person 0.0 0 0.0 1264.716797 38.166504 1341.533203 259.519043 0.0 0.0 0.0 0.0 0.0 0.0 0.0 0.952397
Person 0.0 0 0.0 331.523438 121.816406 421.757812 434.003906 0.0 0.0 0.0 0.0 0.0 0.0 0.0 0.955319
Person 0.0 0 0.0 1272.392578 76.333008 1371.357422 303.090820 0.0 0.0 0.0 0.0 0.0 0.0 0.0 0.957912
Person 0.0 0 0.0 1143.574219 35.397949 1271.425781 281.271973 0.0 0.0 0.0 0.0 0.0 0.0 0.0 0.966411
