Person 0.0 0 0.0 1311.445312 57.875977 1366.054688 268.286133 0.0 0.0 0.0 0.0 0.0 0.0 0.0 0.362066
Person 0.0 0 0.0 1110.219727 0.000000 1147.280273 86.912842 0.0 0.0 0.0 0.0 0.0 0.0 0.0 0.449393
Person 0.0 0 0.0 225.644531 0.000000 269.355469 87.473145 0.0 0.0 0.0 0.0 0.0 0.0 0.0 0.526343
Person 0.0 0 0.0 1252.382812 85.297852 1346.367188 307.045898 0.0 0.0 0.0 0.0 0.0 0.0 0.0 0.649579
Person 0.0 0 0.0 427.968750 0.000000 479.531250 129.067383 0.0 0.0 0.0 0.0 0.0 0.0 0.0 0.695131
Person 0.0 0 0.0 266.616211 0.000000 318.383789 109.390869 0.0 0.0 0.0 0.0 0.0 0.0 0.0 0.716219
Person 0.0 0 0.0 1048.066406 292.939453 1226.308594 676.845703 0.0 0.0 0.0 0.0 0.0 0.0 0.0 0.739422
Person 0.0 0 0.0 1464.023438 63.413086 1539.726562 253.256836 0.0 0.0 0.0 0.0 0.0 0.0 0.0 0.813461
Person 0.0 0 0.0 185.947266 0.164795 233.115234 128.902588 0.0 0.0 0.0 0.0 0.0 0.0 0.0 0.815233
Person 0.0 0 0.0 506.938477 0.000000 566.499023 141.525879 0.0 0.0 0.0 0.0 0.0 0.0 0.0 0.836020
Person 0.0 0 0.0 463.095703 40.671387 537.216797 292.873535 0.0 0.0 0.0 0.0 0.0 0.0 0.0 0.854885
Person 0.0 0 0.0 978.339844 420.424805 1183.535156 818.833008 0.0 0.0 0.0 0.0 0.0 0.0 0.0 0.917303
Person 0.0 0 0.0 882.070312 119.311523 961.992188 426.489258 0.0 0.0 0.0 0.0 0.0 0.0 0.0 0.920218
Person 0.0 0 0.0 5.859375 63.017578 67.851562 259.189453 0.0 0.0 0.0 0.0 0.0 0.0 0.0 0.930962
Person 0.0 0 0.0 1033.798828 129.858398 1135.576172 430.708008 0.0 0.0 0.0 0.0 0.0 0.0 0.0 0.935346
Person 0.0 0 0.0 444.726562 105.864258 536.835938 423.588867 0.0 0.0 0.0 0.0 0.0 0.0 0.0 0.947381
Person 0.0 0 0.0 1397.402344 75.607910 1467.597656 241.853027 0.0 0.0 0.0 0.0 0.0 0.0 0.0 0.950595
Person 0.0 0 0.0 356.396484 67.895508 449.853516 394.848633 0.0 0.0 0.0 0.0 0.0 0.0 0.0 0.958538
