Person 0.0 0 0.0 1510.664062 61.831055 1571.835938 191.689453 0.0 0.0 0.0 0.0 0.0 0.0 0.0 0.334155
Person 0.0 0 0.0 193.710938 0.000000 222.539062 51.712646 0.0 0.0 0.0 0.0 0.0 0.0 0.0 0.349533
Person 0.0 0 0.0 1110.908203 0.065918 1148.466797 87.143555 0.0 0.0 0.0 0.0 0.0 0.0 0.0 0.415847
Person 0.0 0 0.0 136.230469 0.000000 170.097656 85.726318 0.0 0.0 0.0 0.0 0.0 0.0 0.0 0.477554
Person 0.0 0 0.0 1075.546875 335.654297 1236.328125 696.357422 0.0 0.0 0.0 0.0 0.0 0.0 0.0 0.652241
Person 0.0 0 0.0 873.134766 114.433594 962.490234 422.402344 0.0 0.0 0.0 0.0 0.0 0.0 0.0 0.662796
Person 0.0 0 0.0 1573.476562 242.380371 1685.273438 476.916504 0.0 0.0 0.0 0.0 0.0 0.0 0.0 0.680879
Person 0.0 0 0.0 1434.580078 68.884277 1490.419922 219.045410 0.0 0.0 0.0 0.0 0.0 0.0 0.0 0.736401
Person 0.0 0 0.0 247.983398 0.000000 292.954102 110.214844 0.0 0.0 0.0 0.0 0.0 0.0 0.0 0.745398
Person 0.0 0 0.0 109.306641 10.777588 152.021484 140.833740 0.0 0.0 0.0 0.0 0.0 0.0 0.0 0.795658
Person 0.0 0 0.0 1669.482422 188.129883 1741.142578 377.709961 0.0 0.0 0.0 0.0 0.0 0.0 0.0 0.798815
Person 0.0 0 0.0 0.996094 168.486328 130.488281 495.966797 0.0 0.0 0.0 0.0 0.0 0.0 0.0 0.843895
Person 0.0 0 0.0 1074.082031 427.016602 1277.167969 814.350586 0.0 0.0 0.0 0.0 0.0 0.0 0.0 0.904313
Person 0.0 0 0.0 167.373047 0.461426 226.142578 137.438965 0.0 0.0 0.0 0.0 0.0 0.0 0.0 0.920790
Person 0.0 0 0.0 340.136719 116.411133 433.769531 429.916992 0.0 0.0 0.0 0.0 0.0 0.0 0.0 0.933673
Person 0.0 0 0.0 835.195312 155.302734 991.992188 500.185547 0.0 0.0 0.0 0.0 0.0 0.0 0.0 0.943556
Person 0.0 0 0.0 985.898438 151.347656 1085.976562 479.355469 0.0 0.0 0.0 0.0 0.0 0.0 0.0 0.944587
Person 0.0 0 0.0 1291.259766 80.024414 1374.990234 311.528320 0.0 0.0 0.0 0.0 0.0 0.0 0.0 0.951142
Person 0.0 0 0.0 1160.273438 36.386719 1262.226562 290.830078 0.0 0.0 0.0 0.0 0.0 0.0 0.0 0.956957
Person 0.0 0 0.0 1265.361328 38.693848 1342.763672 259.255371 0.0 0.0 0.0 0.0 0.0 0.0 0.0 0.964187
