Person 0.0 0 0.0 987.597656 299.663086 1131.152344 676.977539 0.0 0.0 0.0 0.0 0.0 0.0 0.0 0.490236
Person 0.0 0 0.0 407.255859 0.000000 462.275391 113.642578 0.0 0.0 0.0 0.0 0.0 0.0 0.0 0.538983
Person 0.0 0 0.0 275.976562 0.000000 321.210938 108.929443 0.0 0.0 0.0 0.0 0.0 0.0 0.0 0.549641
Person 0.0 0 0.0 360.761719 0.000000 405.644531 77.980957 0.0 0.0 0.0 0.0 0.0 0.0 0.0 0.573678
Person 0.0 0 0.0 617.636719 273.427734 751.113281 526.025391 0.0 0.0 0.0 0.0 0.0 0.0 0.0 0.602997
Person 0.0 0 0.0 160.781250 0.000000 197.578125 90.241699 0.0 0.0 0.0 0.0 0.0 0.0 0.0 0.607663
Person 0.0 0 0.0 445.166016 37.111816 523.271484 289.313965 0.0 0.0 0.0 0.0 0.0 0.0 0.0 0.673192
Person 0.0 0 0.0 1497.333984 101.975098 1587.041016 272.438965 0.0 0.0 0.0 0.0 0.0 0.0 0.0 0.700895
Person 0.0 0 0.0 188.964844 0.560303 239.003906 130.418701 0.0 0.0 0.0 0.0 0.0 0.0 0.0 0.733356
Person 0.0 0 0.0 505.839844 0.461426 573.222656 191.359863 0.0 0.0 0.0 0.0 0.0 0.0 0.0 0.831143
Person 0.0 0 0.0 1483.886719 200.654297 1598.613281 440.595703 0.0 0.0 0.0 0.0 0.0 0.0 0.0 0.889144
Person 0.0 0 0.0 419.707031 100.986328 543.105469 429.521484 0.0 0.0 0.0 0.0 0.0 0.0 0.0 0.894052
Person 0.0 0 0.0 1590.380859 154.511719 1672.119141 344.355469 0.0 0.0 0.0 0.0 0.0 0.0 0.0 0.907640
Person 0.0 0 0.0 599.824219 598.007812 833.613281 1073.671875 0.0 0.0 0.0 0.0 0.0 0.0 0.0 0.916409
Person 0.0 0 0.0 1397.724609 75.607910 1467.275391 241.853027 0.0 0.0 0.0 0.0 0.0 0.0 0.0 0.930458
Person 0.0 0 0.0 1185.820312 47.329102 1277.929688 266.967773 0.0 0.0 0.0 0.0 0.0 0.0 0.0 0.933188
Person 0.0 0 0.0 973.066406 424.116211 1149.433594 816.196289 0.0 0.0 0.0 0.0 0.0 0.0 0.0 0.945601
Person 0.0 0 0.0 358.242188 67.104492 446.601562 395.112305 0.0 0.0 0.0 0.0 0.0 0.0 0.0 0.948346
Person 0.0 0 0.0 1342.382812 188.261719 1501.992188 455.097656 0.0 0.0 0.0 0.0 0.0 0.0 0.0 0.955817
Person 0.0 0 0.0 1153.095703 57.084961 1245.029297 301.245117 0.0 0.0 0.0 0.0 0.0 0.0 0.0 0.966028
