Person 0.0 0 0.0 1493.818359 100.458984 1592.431641 274.746094 0.0 0.0 0.0 0.0 0.0 0.0 0.0 0.422505
Person 0.0 0 0.0 1114.687500 0.000000 1146.562500 84.473877 0.0 0.0 0.0 0.0 0.0 0.0 0.0 0.445530
Person 0.0 0 0.0 1156.113281 0.000000 1225.136719 186.284180 0.0 0.0 0.0 0.0 0.0 0.0 0.0 0.621541
Person 0.0 0 0.0 265.751953 0.000000 310.810547 109.028320 0.0 0.0 0.0 0.0 0.0 0.0 0.0 0.626124
Person 0.0 0 0.0 399.550781 0.000000 462.011719 114.763184 0.0 0.0 0.0 0.0 0.0 0.0 0.0 0.734120
Person 0.0 0 0.0 99.418945 0.000000 146.674805 109.324951 0.0 0.0 0.0 0.0 0.0 0.0 0.0 0.741674
Person 0.0 0 0.0 1464.404297 63.610840 1539.345703 253.322754 0.0 0.0 0.0 0.0 0.0 0.0 0.0 0.767690
Person 0.0 0 0.0 183.178711 0.131836 233.774414 132.561035 0.0 0.0 0.0 0.0 0.0 0.0 0.0 0.799442
Person 0.0 0 0.0 1228.300781 439.804688 1411.699219 826.875000 0.0 0.0 0.0 0.0 0.0 0.0 0.0 0.801315
Person 0.0 0 0.0 804.609375 166.245117 886.640625 524.575195 0.0 0.0 0.0 0.0 0.0 0.0 0.0 0.803791
Person 0.0 0 0.0 1040.917969 439.804688 1244.707031 852.187500 0.0 0.0 0.0 0.0 0.0 0.0 0.0 0.876211
Person 0.0 0 0.0 746.953125 249.169922 870.234375 662.080078 0.0 0.0 0.0 0.0 0.0 0.0 0.0 0.887984
Person 0.0 0 0.0 328.125000 78.178711 424.218750 410.668945 0.0 0.0 0.0 0.0 0.0 0.0 0.0 0.921640
Person 0.0 0 0.0 1068.515625 279.755859 1218.984375 663.134766 0.0 0.0 0.0 0.0 0.0 0.0 0.0 0.922482
Person 0.0 0 0.0 434.794922 153.852539 543.955078 428.334961 0.0 0.0 0.0 0.0 0.0 0.0 0.0 0.927100
Person 0.0 0 0.0 1398.193359 74.223633 1464.931641 242.182617 0.0 0.0 0.0 0.0 0.0 0.0 0.0 0.941868
Person 0.0 0 0.0 950.419922 151.347656 1059.580078 474.609375 0.0 0.0 0.0 0.0 0.0 0.0 0.0 0.946597
Person 0.0 0 0.0 871.904297 114.038086 973.095703 426.489258 0.0 0.0 0.0 0.0 0.0 0.0 0.0 0.947769
Person 0.0 0 0.0 1148.466797 25.444336 1227.158203 236.513672 0.0 0.0 0.0 0.0 0.0 0.0 0.0 0.953622
