Person 0.0 0 0.0 1097.695312 0.032959 1146.679688 133.385010 0.0 0.0 0.0 0.0 0.0 0.0 0.0 0.325521
Person 0.0 0 0.0 192.685547 0.000000 228.486328 58.222046 0.0 0.0 0.0 0.0 0.0 0.0 0.0 0.335024
Person 0.0 0 0.0 1100.302734 0.000000 1142.197266 73.432617 0.0 0.0 0.0 0.0 0.0 0.0 0.0 0.413004
Person 0.0 0 0.0 1458.603516 68.225098 1528.271484 223.132324 0.0 0.0 0.0 0.0 0.0 0.0 0.0 0.483405
Person 0.0 0 0.0 1127.753906 308.298340 1255.371094 541.252441 0.0 0.0 0.0 0.0 0.0 0.0 0.0 0.490236
Person 0.0 0 0.0 1493.642578 102.502441 1592.607422 275.339355 0.0 0.0 0.0 0.0 0.0 0.0 0.0 0.500000
Person 0.0 0 0.0 0.556641 230.449219 87.158203 533.144531 0.0 0.0 0.0 0.0 0.0 0.0 0.0 0.590779
Person 0.0 0 0.0 230.625000 0.000000 291.093750 111.599121 0.0 0.0 0.0 0.0 0.0 0.0 0.0 0.764188
Person 0.0 0 0.0 165.571289 0.593262 218.334961 137.307129 0.0 0.0 0.0 0.0 0.0 0.0 0.0 0.886027
Person 0.0 0 0.0 1218.691406 253.256836 1344.433594 573.090820 0.0 0.0 0.0 0.0 0.0 0.0 0.0 0.900530
Person 0.0 0 0.0 30.512695 60.644531 90.190430 219.902344 0.0 0.0 0.0 0.0 0.0 0.0 0.0 0.914291
Person 0.0 0 0.0 1239.345703 0.000000 1312.529297 176.528320 0.0 0.0 0.0 0.0 0.0 0.0 0.0 0.927888
Person 0.0 0 0.0 491.660156 18.522949 552.714844 284.172363 0.0 0.0 0.0 0.0 0.0 0.0 0.0 0.928149
Person 0.0 0 0.0 1074.902344 426.093750 1263.222656 814.218750 0.0 0.0 0.0 0.0 0.0 0.0 0.0 0.946990
Person 0.0 0 0.0 1332.509766 62.687988 1399.365234 286.677246 0.0 0.0 0.0 0.0 0.0 0.0 0.0 0.949482
Person 0.0 0 0.0 1384.628906 147.788086 1499.121094 374.545898 0.0 0.0 0.0 0.0 0.0 0.0 0.0 0.954137
Person 0.0 0 0.0 1121.015625 0.000000 1194.609375 152.534180 0.0 0.0 0.0 0.0 0.0 0.0 0.0 0.955152
Person 0.0 0 0.0 1045.781250 140.537109 1181.718750 453.251953 0.0 0.0 0.0 0.0 0.0 0.0 0.0 0.966663
Person 0.0 0 0.0 1269.550781 18.325195 1346.074219 208.168945 0.0 0.0 0.0 0.0 0.0 0.0 0.0 0.968381
Person 0.0 0 0.0 1002.949219 93.999023 1127.050781 378.764648 0.0 0.0 0.0 0.0 0.0 0.0 0.0 0.975577
