Person 0.0 0 0.0 198.273926 0.000000 222.897949 52.800293 0.0 0.0 0.0 0.0 0.0 0.0 0.0 0.362969
Person 0.0 0 0.0 1491.005859 95.976562 1585.869141 274.482422 0.0 0.0 0.0 0.0 0.0 0.0 0.0 0.364778
Person 0.0 0 0.0 138.823242 0.000000 170.317383 86.715088 0.0 0.0 0.0 0.0 0.0 0.0 0.0 0.418697
Person 0.0 0 0.0 1110.043945 0.098877 1147.456055 87.967529 0.0 0.0 0.0 0.0 0.0 0.0 0.0 0.429190
Person 0.0 0 0.0 119.545898 4.680176 173.422852 160.378418 0.0 0.0 0.0 0.0 0.0 0.0 0.0 0.615088
Person 0.0 0 0.0 0.937500 204.477539 123.984375 497.416992 0.0 0.0 0.0 0.0 0.0 0.0 0.0 0.638835
Person 0.0 0 0.0 1574.501953 245.017090 1689.873047 477.443848 0.0 0.0 0.0 0.0 0.0 0.0 0.0 0.725649
Person 0.0 0 0.0 1075.312500 341.850586 1244.062500 695.961914 0.0 0.0 0.0 0.0 0.0 0.0 0.0 0.756358
Person 0.0 0 0.0 245.478516 0.000000 292.177734 109.786377 0.0 0.0 0.0 0.0 0.0 0.0 0.0 0.764892
Person 0.0 0 0.0 1435.048828 68.488770 1489.951172 219.440918 0.0 0.0 0.0 0.0 0.0 0.0 0.0 0.766992
Person 0.0 0 0.0 1670.830078 183.186035 1737.919922 377.380371 0.0 0.0 0.0 0.0 0.0 0.0 0.0 0.800068
Person 0.0 0 0.0 1074.433594 427.148438 1276.816406 814.218750 0.0 0.0 0.0 0.0 0.0 0.0 0.0 0.893681
Person 0.0 0 0.0 171.079102 0.395508 223.139648 136.713867 0.0 0.0 0.0 0.0 0.0 0.0 0.0 0.909907
Person 0.0 0 0.0 349.248047 119.970703 447.158203 430.576172 0.0 0.0 0.0 0.0 0.0 0.0 0.0 0.919063
Person 0.0 0 0.0 836.777344 162.421875 986.660156 500.976562 0.0 0.0 0.0 0.0 0.0 0.0 0.0 0.939471
Person 0.0 0 0.0 1155.996094 36.320801 1242.128906 291.159668 0.0 0.0 0.0 0.0 0.0 0.0 0.0 0.955486
Person 0.0 0 0.0 932.958984 114.433594 1026.416016 420.820312 0.0 0.0 0.0 0.0 0.0 0.0 0.0 0.957118
Person 0.0 0 0.0 982.529297 160.839844 1089.345703 487.792969 0.0 0.0 0.0 0.0 0.0 0.0 0.0 0.957437
Person 0.0 0 0.0 1291.259766 86.418457 1376.865234 316.208496 0.0 0.0 0.0 0.0 0.0 0.0 0.0 0.961389
Person 0.0 0 0.0 1259.355469 37.177734 1339.394531 258.662109 0.0 0.0 0.0 0.0 0.0 0.0 0.0 0.966789
