Person 0.0 0 0.0 89.919434 0.032959 115.510254 82.430420 0.0 0.0 0.0 0.0 0.0 0.0 0.0 0.303629
Person 0.0 0 0.0 1493.906250 100.656738 1592.343750 274.548340 0.0 0.0 0.0 0.0 0.0 0.0 0.0 0.372049
Person 0.0 0 0.0 1090.722656 280.678711 1219.277344 558.852539 0.0 0.0 0.0 0.0 0.0 0.0 0.0 0.534127
Person 0.0 0 0.0 267.026367 0.395508 310.473633 109.357910 0.0 0.0 0.0 0.0 0.0 0.0 0.0 0.548674
Person 0.0 0 0.0 104.941406 0.000000 147.011719 107.545166 0.0 0.0 0.0 0.0 0.0 0.0 0.0 0.679179
Person 0.0 0 0.0 1154.736328 0.000000 1226.513672 187.998047 0.0 0.0 0.0 0.0 0.0 0.0 0.0 0.717012
Person 0.0 0 0.0 801.650391 163.344727 885.849609 524.838867 0.0 0.0 0.0 0.0 0.0 0.0 0.0 0.738669
Person 0.0 0 0.0 1464.111328 63.742676 1539.638672 253.454590 0.0 0.0 0.0 0.0 0.0 0.0 0.0 0.759225
Person 0.0 0 0.0 404.414062 0.000000 459.023438 118.751221 0.0 0.0 0.0 0.0 0.0 0.0 0.0 0.782662
Person 0.0 0 0.0 183.515625 0.000000 233.437500 132.495117 0.0 0.0 0.0 0.0 0.0 0.0 0.0 0.798187
Person 0.0 0 0.0 1226.894531 448.242188 1411.230469 843.750000 0.0 0.0 0.0 0.0 0.0 0.0 0.0 0.818737
Person 0.0 0 0.0 1037.988281 442.573242 1245.761719 827.270508 0.0 0.0 0.0 0.0 0.0 0.0 0.0 0.905657
Person 0.0 0 0.0 749.648438 249.169922 871.289062 662.080078 0.0 0.0 0.0 0.0 0.0 0.0 0.0 0.905990
Person 0.0 0 0.0 327.949219 78.046875 424.394531 410.800781 0.0 0.0 0.0 0.0 0.0 0.0 0.0 0.930962
Person 0.0 0 0.0 1398.339844 74.157715 1464.785156 242.248535 0.0 0.0 0.0 0.0 0.0 0.0 0.0 0.940790
Person 0.0 0 0.0 1065.878906 0.000000 1129.746094 223.725586 0.0 0.0 0.0 0.0 0.0 0.0 0.0 0.949295
Person 0.0 0 0.0 432.685547 142.910156 543.251953 430.312500 0.0 0.0 0.0 0.0 0.0 0.0 0.0 0.950778
Person 0.0 0 0.0 1148.378906 26.499023 1225.371094 236.777344 0.0 0.0 0.0 0.0 0.0 0.0 0.0 0.953622
Person 0.0 0 0.0 863.173828 113.906250 970.576172 426.093750 0.0 0.0 0.0 0.0 0.0 0.0 0.0 0.955486
Person 0.0 0 0.0 955.869141 150.292969 1067.255859 477.773438 0.0 0.0 0.0 0.0 0.0 0.0 0.0 0.959611
