Person 0.0 0 0.0 1109.780273 0.164795 1147.719727 87.572021 0.0 0.0 0.0 0.0 0.0 0.0 0.0 0.383064
Person 0.0 0 0.0 164.531250 0.000000 198.281250 90.472412 0.0 0.0 0.0 0.0 0.0 0.0 0.0 0.390476
Person 0.0 0 0.0 606.503906 287.402344 743.496094 550.546875 0.0 0.0 0.0 0.0 0.0 0.0 0.0 0.405449
Person 0.0 0 0.0 1491.650391 103.095703 1588.974609 274.218750 0.0 0.0 0.0 0.0 0.0 0.0 0.0 0.485356
Person 0.0 0 0.0 360.512695 0.000000 403.549805 78.046875 0.0 0.0 0.0 0.0 0.0 0.0 0.0 0.519521
Person 0.0 0 0.0 269.575195 0.000000 321.049805 108.929443 0.0 0.0 0.0 0.0 0.0 0.0 0.0 0.522446
Person 0.0 0 0.0 986.425781 298.344727 1132.324219 676.186523 0.0 0.0 0.0 0.0 0.0 0.0 0.0 0.542863
Person 0.0 0 0.0 187.954102 0.164795 238.374023 130.352783 0.0 0.0 0.0 0.0 0.0 0.0 0.0 0.680879
Person 0.0 0 0.0 445.693359 36.716309 523.681641 289.445801 0.0 0.0 0.0 0.0 0.0 0.0 0.0 0.681727
Person 0.0 0 0.0 501.679688 0.263672 571.757812 190.239258 0.0 0.0 0.0 0.0 0.0 0.0 0.0 0.871475
Person 0.0 0 0.0 415.839844 97.426758 544.160156 430.444336 0.0 0.0 0.0 0.0 0.0 0.0 0.0 0.892563
Person 0.0 0 0.0 1186.523438 47.197266 1277.226562 267.363281 0.0 0.0 0.0 0.0 0.0 0.0 0.0 0.920218
Person 0.0 0 0.0 587.109375 635.053711 827.578125 1073.540039 0.0 0.0 0.0 0.0 0.0 0.0 0.0 0.932944
Person 0.0 0 0.0 1482.246094 207.905273 1607.753906 462.348633 0.0 0.0 0.0 0.0 0.0 0.0 0.0 0.939913
Person 0.0 0 0.0 974.414062 423.588867 1157.460938 815.668945 0.0 0.0 0.0 0.0 0.0 0.0 0.0 0.941007
Person 0.0 0 0.0 1590.117188 157.675781 1678.007812 349.101562 0.0 0.0 0.0 0.0 0.0 0.0 0.0 0.943556
Person 0.0 0 0.0 357.714844 67.104492 444.785156 395.639648 0.0 0.0 0.0 0.0 0.0 0.0 0.0 0.944382
Person 0.0 0 0.0 1397.431641 75.673828 1465.693359 240.732422 0.0 0.0 0.0 0.0 0.0 0.0 0.0 0.944587
Person 0.0 0 0.0 1335.878906 185.954590 1493.496094 455.295410 0.0 0.0 0.0 0.0 0.0 0.0 0.0 0.953101
Person 0.0 0 0.0 1154.121094 58.732910 1247.753906 301.970215 0.0 0.0 0.0 0.0 0.0 0.0 0.0 0.970688
