Person 0.0 0 0.0 1499.765625 98.481445 1595.859375 273.295898 0.0 0.0 0.0 0.0 0.0 0.0 0.0 0.395134
Person 0.0 0 0.0 1106.206055 0.000000 1147.543945 86.187744 0.0 0.0 0.0 0.0 0.0 0.0 0.0 0.495117
Person 0.0 0 0.0 1207.089844 1.120605 1282.910156 176.198730 0.0 0.0 0.0 0.0 0.0 0.0 0.0 0.669745
Person 0.0 0 0.0 1155.966797 331.831055 1270.283203 676.450195 0.0 0.0 0.0 0.0 0.0 0.0 0.0 0.732592
Person 0.0 0 0.0 1649.033203 181.274414 1722.216797 354.770508 0.0 0.0 0.0 0.0 0.0 0.0 0.0 0.791176
Person 0.0 0 0.0 500.302734 44.890137 568.447266 262.814941 0.0 0.0 0.0 0.0 0.0 0.0 0.0 0.819893
Person 0.0 0 0.0 205.854492 0.000000 258.911133 123.596191 0.0 0.0 0.0 0.0 0.0 0.0 0.0 0.828384
Person 0.0 0 0.0 138.251953 4.350586 180.966797 162.421875 0.0 0.0 0.0 0.0 0.0 0.0 0.0 0.842863
Person 0.0 0 0.0 1610.683594 427.807617 1799.941406 762.934570 0.0 0.0 0.0 0.0 0.0 0.0 0.0 0.919931
Person 0.0 0 0.0 261.386719 0.395508 324.082031 228.867188 0.0 0.0 0.0 0.0 0.0 0.0 0.0 0.937669
Person 0.0 0 0.0 352.001953 35.529785 462.216797 282.722168 0.0 0.0 0.0 0.0 0.0 0.0 0.0 0.947575
Person 0.0 0 0.0 1073.378906 423.984375 1249.746094 814.218750 0.0 0.0 0.0 0.0 0.0 0.0 0.0 0.948346
Person 0.0 0 0.0 1188.251953 14.436035 1299.873047 228.405762 0.0 0.0 0.0 0.0 0.0 0.0 0.0 0.962391
Person 0.0 0 0.0 1033.798828 91.230469 1120.576172 381.533203 0.0 0.0 0.0 0.0 0.0 0.0 0.0 0.963780
Person 0.0 0 0.0 1267.968750 19.116211 1345.781250 207.773438 0.0 0.0 0.0 0.0 0.0 0.0 0.0 0.964187
Person 0.0 0 0.0 1292.607422 44.494629 1381.142578 261.892090 0.0 0.0 0.0 0.0 0.0 0.0 0.0 0.968381
Person 0.0 0 0.0 1055.830078 133.813477 1173.544922 434.135742 0.0 0.0 0.0 0.0 0.0 0.0 0.0 0.970013
