Person 0.0 0 0.0 1493.173828 100.986328 1593.076172 274.218750 0.0 0.0 0.0 0.0 0.0 0.0 0.0 0.311113
Person 0.0 0 0.0 1111.113281 0.000000 1146.386719 87.242432 0.0 0.0 0.0 0.0 0.0 0.0 0.0 0.502930
Person 0.0 0 0.0 339.008789 0.000000 379.584961 68.554688 0.0 0.0 0.0 0.0 0.0 0.0 0.0 0.535098
Person 0.0 0 0.0 259.775391 0.000000 306.474609 109.193115 0.0 0.0 0.0 0.0 0.0 0.0 0.0 0.597373
Person 0.0 0 0.0 1463.378906 64.401855 1542.246094 260.441895 0.0 0.0 0.0 0.0 0.0 0.0 0.0 0.649579
Person 0.0 0 0.0 67.573242 0.000000 112.895508 102.139893 0.0 0.0 0.0 0.0 0.0 0.0 0.0 0.674908
Person 0.0 0 0.0 1056.694336 3.295898 1095.805664 189.975586 0.0 0.0 0.0 0.0 0.0 0.0 0.0 0.813461
Person 0.0 0 0.0 183.867188 0.164795 233.789062 132.725830 0.0 0.0 0.0 0.0 0.0 0.0 0.0 0.841305
Person 0.0 0 0.0 1196.074219 496.757812 1391.425781 860.625000 0.0 0.0 0.0 0.0 0.0 0.0 0.0 0.854399
Person 0.0 0 0.0 812.138672 214.101562 899.736328 579.023438 0.0 0.0 0.0 0.0 0.0 0.0 0.0 0.919931
Person 0.0 0 0.0 1073.613281 446.791992 1273.886719 814.614258 0.0 0.0 0.0 0.0 0.0 0.0 0.0 0.924415
Person 0.0 0 0.0 1068.339844 278.701172 1222.910156 661.552734 0.0 0.0 0.0 0.0 0.0 0.0 0.0 0.928668
Person 0.0 0 0.0 1208.261719 192.612305 1319.238281 483.442383 0.0 0.0 0.0 0.0 0.0 0.0 0.0 0.930205
Person 0.0 0 0.0 1397.255859 74.948730 1465.869141 241.457520 0.0 0.0 0.0 0.0 0.0 0.0 0.0 0.937897
Person 0.0 0 0.0 936.298828 164.531250 1039.951172 496.230469 0.0 0.0 0.0 0.0 0.0 0.0 0.0 0.942718
Person 0.0 0 0.0 1147.734375 1.186523 1224.140625 205.927734 0.0 0.0 0.0 0.0 0.0 0.0 0.0 0.949856
Person 0.0 0 0.0 418.066406 100.986328 501.621094 421.875000 0.0 0.0 0.0 0.0 0.0 0.0 0.0 0.952397
Person 0.0 0 0.0 869.531250 110.346680 972.656250 415.151367 0.0 0.0 0.0 0.0 0.0 0.0 0.0 0.971564
Person 0.0 0 0.0 1176.210938 35.397949 1255.664062 249.367676 0.0 0.0 0.0 0.0 0.0 0.0 0.0 0.973443
