Person 0.0 0 0.0 435.805664 0.000000 476.381836 83.320312 0.0 0.0 0.0 0.0 0.0 0.0 0.0 0.359364
Person 0.0 0 0.0 1489.892578 102.502441 1592.607422 275.339355 0.0 0.0 0.0 0.0 0.0 0.0 0.0 0.380299
Person 0.0 0 0.0 1478.261719 66.313477 1546.113281 253.784180 0.0 0.0 0.0 0.0 0.0 0.0 0.0 0.413004
Person 0.0 0 0.0 111.196289 0.164795 153.413086 108.731689 0.0 0.0 0.0 0.0 0.0 0.0 0.0 0.418697
Person 0.0 0 0.0 1111.435547 0.000000 1147.939453 87.802734 0.0 0.0 0.0 0.0 0.0 0.0 0.0 0.492188
Person 0.0 0 0.0 429.814453 35.002441 521.748047 287.468262 0.0 0.0 0.0 0.0 0.0 0.0 0.0 0.512693
Person 0.0 0 0.0 988.007812 296.235352 1140.117188 674.077148 0.0 0.0 0.0 0.0 0.0 0.0 0.0 0.526343
Person 0.0 0 0.0 263.041992 0.032959 315.395508 107.083740 0.0 0.0 0.0 0.0 0.0 0.0 0.0 0.608594
Person 0.0 0 0.0 360.410156 0.000000 406.933594 80.156250 0.0 0.0 0.0 0.0 0.0 0.0 0.0 0.637934
Person 0.0 0 0.0 1582.675781 272.834473 1728.574219 497.087402 0.0 0.0 0.0 0.0 0.0 0.0 0.0 0.651355
Person 0.0 0 0.0 193.388672 0.032959 239.736328 131.671143 0.0 0.0 0.0 0.0 0.0 0.0 0.0 0.714628
Person 0.0 0 0.0 515.917969 0.000000 576.269531 155.500488 0.0 0.0 0.0 0.0 0.0 0.0 0.0 0.785966
Person 0.0 0 0.0 1398.544922 76.267090 1468.330078 242.248535 0.0 0.0 0.0 0.0 0.0 0.0 0.0 0.926037
Person 0.0 0 0.0 972.832031 417.788086 1127.167969 816.196289 0.0 0.0 0.0 0.0 0.0 0.0 0.0 0.946990
Person 0.0 0 0.0 359.824219 67.500000 446.425781 395.507812 0.0 0.0 0.0 0.0 0.0 0.0 0.0 0.947381
Person 0.0 0 0.0 438.837891 104.018555 543.662109 429.389648 0.0 0.0 0.0 0.0 0.0 0.0 0.0 0.952926
Person 0.0 0 0.0 1294.804688 111.467285 1397.695312 345.476074 0.0 0.0 0.0 0.0 0.0 0.0 0.0 0.958070
Person 0.0 0 0.0 1385.126953 146.601562 1498.623047 354.375000 0.0 0.0 0.0 0.0 0.0 0.0 0.0 0.962391
Person 0.0 0 0.0 1184.414062 84.638672 1307.460938 339.082031 0.0 0.0 0.0 0.0 0.0 0.0 0.0 0.962813
Person 0.0 0 0.0 1123.886719 36.584473 1210.488281 267.429199 0.0 0.0 0.0 0.0 0.0 0.0 0.0 0.970909
