Person 0.0 0 0.0 1266.855469 37.441406 1341.269531 246.005859 0.0 0.0 0.0 0.0 0.0 0.0 0.0 0.374791
Person 0.0 0 0.0 168.310547 0.197754 198.486328 86.220703 0.0 0.0 0.0 0.0 0.0 0.0 0.0 0.395134
Person 0.0 0 0.0 1108.886719 0.098877 1148.613281 87.967529 0.0 0.0 0.0 0.0 0.0 0.0 0.0 0.400749
Person 0.0 0 0.0 1493.261719 101.052246 1592.988281 274.680176 0.0 0.0 0.0 0.0 0.0 0.0 0.0 0.502930
Person 0.0 0 0.0 114.418945 0.000000 146.909180 99.602051 0.0 0.0 0.0 0.0 0.0 0.0 0.0 0.580352
Person 0.0 0 0.0 259.511719 0.000000 299.238281 108.138428 0.0 0.0 0.0 0.0 0.0 0.0 0.0 0.663669
Person 0.0 0 0.0 1081.054688 318.911133 1236.445312 689.897461 0.0 0.0 0.0 0.0 0.0 0.0 0.0 0.731059
Person 0.0 0 0.0 23.115234 0.000000 61.494141 114.169922 0.0 0.0 0.0 0.0 0.0 0.0 0.0 0.782662
Person 0.0 0 0.0 189.726562 0.000000 235.898438 134.670410 0.0 0.0 0.0 0.0 0.0 0.0 0.0 0.880386
Person 0.0 0 0.0 1230.468750 474.741211 1448.906250 827.797852 0.0 0.0 0.0 0.0 0.0 0.0 0.0 0.887595
Person 0.0 0 0.0 1605.292969 127.749023 1700.332031 329.985352 0.0 0.0 0.0 0.0 0.0 0.0 0.0 0.908293
Person 0.0 0 0.0 398.466797 115.751953 503.876953 444.814453 0.0 0.0 0.0 0.0 0.0 0.0 0.0 0.924959
Person 0.0 0 0.0 1074.902344 421.215820 1248.222656 813.823242 0.0 0.0 0.0 0.0 0.0 0.0 0.0 0.932207
Person 0.0 0 0.0 1254.082031 62.292480 1342.792969 286.545410 0.0 0.0 0.0 0.0 0.0 0.0 0.0 0.941439
Person 0.0 0 0.0 733.593750 156.225586 867.656250 512.446289 0.0 0.0 0.0 0.0 0.0 0.0 0.0 0.952220
Person 0.0 0 0.0 1361.044922 62.358398 1458.955078 258.793945 0.0 0.0 0.0 0.0 0.0 0.0 0.0 0.955486
Person 0.0 0 0.0 331.875000 78.046875 421.406250 399.990234 0.0 0.0 0.0 0.0 0.0 0.0 0.0 0.955651
Person 0.0 0 0.0 955.371094 170.463867 1049.003906 501.899414 0.0 0.0 0.0 0.0 0.0 0.0 0.0 0.961965
Person 0.0 0 0.0 1145.097656 36.386719 1273.652344 280.546875 0.0 0.0 0.0 0.0 0.0 0.0 0.0 0.965771
Person 0.0 0 0.0 883.271484 112.192383 995.478516 424.379883 0.0 0.0 0.0 0.0 0.0 0.0 0.0 0.978219
