Person 0.0 0 0.0 1493.525391 99.602051 1592.724609 274.284668 0.0 0.0 0.0 0.0 0.0 0.0 0.0 0.362066
Person 0.0 0 0.0 1242.714844 256.948242 1416.035156 598.403320 0.0 0.0 0.0 0.0 0.0 0.0 0.0 0.371137
Person 0.0 0 0.0 1108.447266 0.000000 1147.177734 86.187744 0.0 0.0 0.0 0.0 0.0 0.0 0.0 0.438785
Person 0.0 0 0.0 1458.164062 70.927734 1532.460938 259.189453 0.0 0.0 0.0 0.0 0.0 0.0 0.0 0.539954
Person 0.0 0 0.0 133.623047 3.889160 174.345703 160.510254 0.0 0.0 0.0 0.0 0.0 0.0 0.0 0.648689
Person 0.0 0 0.0 1153.417969 319.174805 1255.957031 660.629883 0.0 0.0 0.0 0.0 0.0 0.0 0.0 0.687630
Person 0.0 0 0.0 1206.269531 1.384277 1279.980469 177.517090 0.0 0.0 0.0 0.0 0.0 0.0 0.0 0.700075
Person 0.0 0 0.0 1073.847656 419.765625 1239.902344 814.218750 0.0 0.0 0.0 0.0 0.0 0.0 0.0 0.918772
Person 0.0 0 0.0 224.970703 19.577637 295.810547 287.863770 0.0 0.0 0.0 0.0 0.0 0.0 0.0 0.919931
Person 0.0 0 0.0 491.220703 32.431641 555.966797 252.070312 0.0 0.0 0.0 0.0 0.0 0.0 0.0 0.933188
Person 0.0 0 0.0 1033.681641 90.966797 1118.818359 383.115234 0.0 0.0 0.0 0.0 0.0 0.0 0.0 0.947381
Person 0.0 0 0.0 550.341797 94.658203 657.158203 419.238281 0.0 0.0 0.0 0.0 0.0 0.0 0.0 0.947962
Person 0.0 0 0.0 1268.203125 18.654785 1349.296875 206.652832 0.0 0.0 0.0 0.0 0.0 0.0 0.0 0.948917
Person 0.0 0 0.0 1189.189453 13.645020 1300.810547 227.878418 0.0 0.0 0.0 0.0 0.0 0.0 0.0 0.959001
Person 0.0 0 0.0 1374.345703 79.101562 1468.154297 279.228516 0.0 0.0 0.0 0.0 0.0 0.0 0.0 0.960212
Person 0.0 0 0.0 1063.066406 131.572266 1177.558594 434.267578 0.0 0.0 0.0 0.0 0.0 0.0 0.0 0.968381
Person 0.0 0 0.0 1293.076172 44.626465 1380.673828 261.760254 0.0 0.0 0.0 0.0 0.0 0.0 0.0 0.970240
