Person 0.0 0 0.0 401.220703 22.016602 453.779297 131.176758 0.0 0.0 0.0 0.0 0.0 0.0 0.0 0.449393
Person 0.0 0 0.0 119.091797 0.329590 176.455078 159.191895 0.0 0.0 0.0 0.0 0.0 0.0 0.0 0.464902
Person 0.0 0 0.0 209.721680 0.000000 253.168945 92.087402 0.0 0.0 0.0 0.0 0.0 0.0 0.0 0.550607
Person 0.0 0 0.0 435.878906 2.373047 469.746094 109.423828 0.0 0.0 0.0 0.0 0.0 0.0 0.0 0.639736
Person 0.0 0 0.0 1245.498047 49.240723 1310.126953 251.345215 0.0 0.0 0.0 0.0 0.0 0.0 0.0 0.673192
Person 0.0 0 0.0 275.039062 0.000000 321.210938 105.930176 0.0 0.0 0.0 0.0 0.0 0.0 0.0 0.695958
Person 0.0 0 0.0 328.432617 0.000000 385.473633 74.586182 0.0 0.0 0.0 0.0 0.0 0.0 0.0 0.717012
Person 0.0 0 0.0 1462.675781 62.556152 1541.074219 258.596191 0.0 0.0 0.0 0.0 0.0 0.0 0.0 0.749821
Person 0.0 0 0.0 1086.474609 109.357910 1186.025391 362.878418 0.0 0.0 0.0 0.0 0.0 0.0 0.0 0.781997
Person 0.0 0 0.0 463.125000 0.000000 526.875000 117.169189 0.0 0.0 0.0 0.0 0.0 0.0 0.0 0.885632
Person 0.0 0 0.0 1039.277344 304.804688 1218.222656 695.039062 0.0 0.0 0.0 0.0 0.0 0.0 0.0 0.893681
Person 0.0 0 0.0 78.808594 22.016602 149.824219 193.930664 0.0 0.0 0.0 0.0 0.0 0.0 0.0 0.902266
Person 0.0 0 0.0 182.241211 0.131836 240.571289 131.308594 0.0 0.0 0.0 0.0 0.0 0.0 0.0 0.905322
Person 0.0 0 0.0 1036.757812 434.003906 1207.617188 816.855469 0.0 0.0 0.0 0.0 0.0 0.0 0.0 0.916110
Person 0.0 0 0.0 1202.900391 54.316406 1277.724609 276.855469 0.0 0.0 0.0 0.0 0.0 0.0 0.0 0.942929
Person 0.0 0 0.0 446.162109 104.018555 544.775391 430.444336 0.0 0.0 0.0 0.0 0.0 0.0 0.0 0.946597
Person 0.0 0 0.0 354.960938 70.664062 447.539062 395.244141 0.0 0.0 0.0 0.0 0.0 0.0 0.0 0.949106
Person 0.0 0 0.0 970.224609 145.283203 1071.650391 469.072266 0.0 0.0 0.0 0.0 0.0 0.0 0.0 0.955817
Person 0.0 0 0.0 1397.812500 75.014648 1465.312500 241.918945 0.0 0.0 0.0 0.0 0.0 0.0 0.0 0.956472
Person 0.0 0 0.0 891.503906 109.423828 979.746094 427.148438 0.0 0.0 0.0 0.0 0.0 0.0 0.0 0.957118
