Person 0.0 0 0.0 30.234375 0.000000 53.554688 41.462402 0.0 0.0 0.0 0.0 0.0 0.0 0.0 0.367497
Person 0.0 0 0.0 1108.139648 0.000000 1147.485352 86.616211 0.0 0.0 0.0 0.0 0.0 0.0 0.0 0.370225
Person 0.0 0 0.0 1056.665039 0.000000 1097.709961 129.528809 0.0 0.0 0.0 0.0 0.0 0.0 0.0 0.393268
Person 0.0 0 0.0 215.654297 0.000000 256.845703 92.351074 0.0 0.0 0.0 0.0 0.0 0.0 0.0 0.552540
Person 0.0 0 0.0 1463.203125 63.083496 1544.296875 270.197754 0.0 0.0 0.0 0.0 0.0 0.0 0.0 0.757794
Person 0.0 0 0.0 1405.312500 73.959961 1469.062500 227.944336 0.0 0.0 0.0 0.0 0.0 0.0 0.0 0.771155
Person 0.0 0 0.0 257.036133 0.000000 306.870117 110.313721 0.0 0.0 0.0 0.0 0.0 0.0 0.0 0.779322
Person 0.0 0 0.0 0.139160 14.403076 29.187012 136.680908 0.0 0.0 0.0 0.0 0.0 0.0 0.0 0.805020
Person 0.0 0 0.0 414.755859 0.000000 467.431641 116.740723 0.0 0.0 0.0 0.0 0.0 0.0 0.0 0.852445
Person 0.0 0 0.0 1034.414062 425.566406 1215.585938 816.855469 0.0 0.0 0.0 0.0 0.0 0.0 0.0 0.889912
Person 0.0 0 0.0 1032.597656 287.006836 1178.027344 689.633789 0.0 0.0 0.0 0.0 0.0 0.0 0.0 0.908618
Person 0.0 0 0.0 529.365234 66.049805 615.322266 352.133789 0.0 0.0 0.0 0.0 0.0 0.0 0.0 0.912436
Person 0.0 0 0.0 1344.609375 178.110352 1451.015625 451.538086 0.0 0.0 0.0 0.0 0.0 0.0 0.0 0.917303
Person 0.0 0 0.0 71.044922 0.131836 124.423828 117.399902 0.0 0.0 0.0 0.0 0.0 0.0 0.0 0.923316
Person 0.0 0 0.0 183.676758 0.000000 232.573242 133.187256 0.0 0.0 0.0 0.0 0.0 0.0 0.0 0.927100
Person 0.0 0 0.0 446.220703 99.536133 543.779297 430.180664 0.0 0.0 0.0 0.0 0.0 0.0 0.0 0.936052
Person 0.0 0 0.0 964.482422 149.501953 1058.642578 468.017578 0.0 0.0 0.0 0.0 0.0 0.0 0.0 0.953275
Person 0.0 0 0.0 283.417969 66.049805 454.863281 394.848633 0.0 0.0 0.0 0.0 0.0 0.0 0.0 0.957596
Person 0.0 0 0.0 1233.808594 182.460938 1385.566406 489.902344 0.0 0.0 0.0 0.0 0.0 0.0 0.0 0.961534
Person 0.0 0 0.0 858.867188 112.851562 966.445312 427.148438 0.0 0.0 0.0 0.0 0.0 0.0 0.0 0.966283
