Person 0.0 0 0.0 215.698242 0.000000 257.270508 69.049072 0.0 0.0 0.0 0.0 0.0 0.0 0.0 0.438785
Person 0.0 0 0.0 1170.219727 0.000000 1227.905273 115.784912 0.0 0.0 0.0 0.0 0.0 0.0 0.0 0.486332
Person 0.0 0 0.0 1462.851562 63.281250 1542.773438 258.925781 0.0 0.0 0.0 0.0 0.0 0.0 0.0 0.637934
Person 0.0 0 0.0 254.633789 0.000000 309.741211 107.479248 0.0 0.0 0.0 0.0 0.0 0.0 0.0 0.661048
Person 0.0 0 0.0 60.527344 0.329590 94.277344 113.774414 0.0 0.0 0.0 0.0 0.0 0.0 0.0 0.701713
Person 0.0 0 0.0 114.755859 0.000000 147.978516 108.533936 0.0 0.0 0.0 0.0 0.0 0.0 0.0 0.733356
Person 0.0 0 0.0 408.618164 0.032959 463.725586 120.992432 0.0 0.0 0.0 0.0 0.0 0.0 0.0 0.743168
Person 0.0 0 0.0 801.152344 159.521484 882.597656 524.443359 0.0 0.0 0.0 0.0 0.0 0.0 0.0 0.767690
Person 0.0 0 0.0 1235.683594 492.011719 1456.816406 859.042969 0.0 0.0 0.0 0.0 0.0 0.0 0.0 0.780662
Person 0.0 0 0.0 183.281250 0.000000 232.265625 134.406738 0.0 0.0 0.0 0.0 0.0 0.0 0.0 0.889529
Person 0.0 0 0.0 1076.777344 419.501953 1259.472656 811.318359 0.0 0.0 0.0 0.0 0.0 0.0 0.0 0.899121
Person 0.0 0 0.0 753.281250 250.092773 875.156250 662.739258 0.0 0.0 0.0 0.0 0.0 0.0 0.0 0.913368
Person 0.0 0 0.0 1397.490234 74.487305 1465.634766 241.918945 0.0 0.0 0.0 0.0 0.0 0.0 0.0 0.927363
Person 0.0 0 0.0 1068.398438 282.260742 1217.226562 662.739258 0.0 0.0 0.0 0.0 0.0 0.0 0.0 0.930962
Person 0.0 0 0.0 327.392578 77.783203 419.794922 411.064453 0.0 0.0 0.0 0.0 0.0 0.0 0.0 0.933188
Person 0.0 0 0.0 407.402344 116.279297 510.878906 430.576172 0.0 0.0 0.0 0.0 0.0 0.0 0.0 0.936518
Person 0.0 0 0.0 871.787109 113.642578 971.337891 426.357422 0.0 0.0 0.0 0.0 0.0 0.0 0.0 0.957437
Person 0.0 0 0.0 1148.671875 24.916992 1226.953125 236.777344 0.0 0.0 0.0 0.0 0.0 0.0 0.0 0.958382
Person 0.0 0 0.0 956.308594 152.929688 1085.566406 478.828125 0.0 0.0 0.0 0.0 0.0 0.0 0.0 0.962953
Person 0.0 0 0.0 1061.279297 1.252441 1136.220703 223.264160 0.0 0.0 0.0 0.0 0.0 0.0 0.0 0.965512
