Person 0.0 0 0.0 1064.619141 0.000000 1123.505859 101.843262 0.0 0.0 0.0 0.0 0.0 0.0 0.0 0.515620
Person 0.0 0 0.0 1464.257812 63.742676 1543.242188 266.110840 0.0 0.0 0.0 0.0 0.0 0.0 0.0 0.584153
Person 0.0 0 0.0 251.923828 0.000000 294.638672 109.687500 0.0 0.0 0.0 0.0 0.0 0.0 0.0 0.714628
Person 0.0 0 0.0 57.875977 0.032959 90.717773 109.720459 0.0 0.0 0.0 0.0 0.0 0.0 0.0 0.746139
Person 0.0 0 0.0 409.833984 0.000000 464.853516 126.826172 0.0 0.0 0.0 0.0 0.0 0.0 0.0 0.800692
Person 0.0 0 0.0 1105.634766 0.593262 1176.240234 185.163574 0.0 0.0 0.0 0.0 0.0 0.0 0.0 0.855851
Person 0.0 0 0.0 1276.230469 217.924805 1408.769531 515.610352 0.0 0.0 0.0 0.0 0.0 0.0 0.0 0.862004
Person 0.0 0 0.0 1118.994141 196.040039 1217.255859 415.678711 0.0 0.0 0.0 0.0 0.0 0.0 0.0 0.896614
Person 0.0 0 0.0 5.610352 17.204590 55.913086 152.336426 0.0 0.0 0.0 0.0 0.0 0.0 0.0 0.902952
Person 0.0 0 0.0 1028.847656 297.949219 1172.402344 681.855469 0.0 0.0 0.0 0.0 0.0 0.0 0.0 0.906322
Person 0.0 0 0.0 181.684570 0.362549 235.268555 132.791748 0.0 0.0 0.0 0.0 0.0 0.0 0.0 0.908942
Person 0.0 0 0.0 1034.003906 424.116211 1195.371094 823.579102 0.0 0.0 0.0 0.0 0.0 0.0 0.0 0.923592
Person 0.0 0 0.0 439.775391 94.790039 544.599609 430.444336 0.0 0.0 0.0 0.0 0.0 0.0 0.0 0.934395
Person 0.0 0 0.0 649.980469 180.615234 779.707031 553.447266 0.0 0.0 0.0 0.0 0.0 0.0 0.0 0.954478
Person 0.0 0 0.0 350.625000 70.136719 443.906250 394.980469 0.0 0.0 0.0 0.0 0.0 0.0 0.0 0.954647
Person 0.0 0 0.0 1400.185547 74.025879 1464.814453 242.380371 0.0 0.0 0.0 0.0 0.0 0.0 0.0 0.957754
Person 0.0 0 0.0 965.449219 152.270508 1057.675781 467.885742 0.0 0.0 0.0 0.0 0.0 0.0 0.0 0.963916
Person 0.0 0 0.0 857.753906 114.038086 972.246094 426.489258 0.0 0.0 0.0 0.0 0.0 0.0 0.0 0.967778
