Person 0.0 0 0.0 1084.453125 206.982422 1219.921875 540.263672 0.0 0.0 0.0 0.0 0.0 0.0 0.0 0.383988
Person 0.0 0 0.0 347.607422 0.000000 384.111328 63.511963 0.0 0.0 0.0 0.0 0.0 0.0 0.0 0.405449
Person 0.0 0 0.0 1111.054688 0.000000 1146.445312 87.077637 0.0 0.0 0.0 0.0 0.0 0.0 0.0 0.463930
Person 0.0 0 0.0 218.979492 0.000000 265.239258 78.409424 0.0 0.0 0.0 0.0 0.0 0.0 0.0 0.490236
Person 0.0 0 0.0 1462.207031 66.313477 1541.542969 260.112305 0.0 0.0 0.0 0.0 0.0 0.0 0.0 0.701713
Person 0.0 0 0.0 255.249023 0.000000 303.500977 109.687500 0.0 0.0 0.0 0.0 0.0 0.0 0.0 0.714628
Person 0.0 0 0.0 68.012695 0.000000 113.393555 102.041016 0.0 0.0 0.0 0.0 0.0 0.0 0.0 0.727975
Person 0.0 0 0.0 1048.784180 3.295898 1096.215820 189.580078 0.0 0.0 0.0 0.0 0.0 0.0 0.0 0.854399
Person 0.0 0 0.0 183.486328 0.560303 232.763672 132.857666 0.0 0.0 0.0 0.0 0.0 0.0 0.0 0.898767
Person 0.0 0 0.0 1194.785156 494.648438 1396.464844 860.625000 0.0 0.0 0.0 0.0 0.0 0.0 0.0 0.900530
Person 0.0 0 0.0 1070.917969 281.865234 1218.457031 661.025391 0.0 0.0 0.0 0.0 0.0 0.0 0.0 0.923868
Person 0.0 0 0.0 1397.167969 76.926270 1465.957031 241.589355 0.0 0.0 0.0 0.0 0.0 0.0 0.0 0.930205
Person 0.0 0 0.0 1074.785156 477.773438 1250.214844 814.218750 0.0 0.0 0.0 0.0 0.0 0.0 0.0 0.931463
Person 0.0 0 0.0 755.683594 192.216797 879.316406 575.068359 0.0 0.0 0.0 0.0 0.0 0.0 0.0 0.940572
Person 0.0 0 0.0 327.597656 76.728516 423.339844 410.537109 0.0 0.0 0.0 0.0 0.0 0.0 0.0 0.947575
Person 0.0 0 0.0 416.601562 100.458984 504.023438 419.238281 0.0 0.0 0.0 0.0 0.0 0.0 0.0 0.951323
Person 0.0 0 0.0 963.955078 160.048828 1066.669922 493.330078 0.0 0.0 0.0 0.0 0.0 0.0 0.0 0.953275
Person 0.0 0 0.0 1155.380859 0.000000 1225.869141 195.183105 0.0 0.0 0.0 0.0 0.0 0.0 0.0 0.959913
Person 0.0 0 0.0 862.880859 112.719727 967.119141 419.897461 0.0 0.0 0.0 0.0 0.0 0.0 0.0 0.965119
Person 0.0 0 0.0 1187.109375 33.090820 1250.390625 245.610352 0.0 0.0 0.0 0.0 0.0 0.0 0.0 0.969556
