Person 0.0 0 0.0 1097.490234 0.000000 1120.634766 71.224365 0.0 0.0 0.0 0.0 0.0 0.0 0.0 0.304042
Person 0.0 0 0.0 32.497559 0.000000 53.928223 41.182251 0.0 0.0 0.0 0.0 0.0 0.0 0.0 0.307358
Person 0.0 0 0.0 1110.351562 0.000000 1147.148438 86.978760 0.0 0.0 0.0 0.0 0.0 0.0 0.0 0.445530
Person 0.0 0 0.0 1043.964844 309.287109 1172.285156 616.728516 0.0 0.0 0.0 0.0 0.0 0.0 0.0 0.537041
Person 0.0 0 0.0 402.041016 32.926025 455.302734 138.460693 0.0 0.0 0.0 0.0 0.0 0.0 0.0 0.609524
Person 0.0 0 0.0 441.635742 0.000000 485.083008 109.226074 0.0 0.0 0.0 0.0 0.0 0.0 0.0 0.627951
Person 0.0 0 0.0 474.829102 0.000000 530.170898 108.731689 0.0 0.0 0.0 0.0 0.0 0.0 0.0 0.644225
Person 0.0 0 0.0 1463.378906 62.753906 1540.371094 259.980469 0.0 0.0 0.0 0.0 0.0 0.0 0.0 0.709019
Person 0.0 0 0.0 350.903320 0.000000 402.377930 114.038086 0.0 0.0 0.0 0.0 0.0 0.0 0.0 0.742422
Person 0.0 0 0.0 0.527344 0.000000 34.921875 110.214844 0.0 0.0 0.0 0.0 0.0 0.0 0.0 0.756358
Person 0.0 0 0.0 184.848633 0.131836 240.073242 132.033691 0.0 0.0 0.0 0.0 0.0 0.0 0.0 0.819893
Person 0.0 0 0.0 271.347656 0.197754 337.558594 167.497559 0.0 0.0 0.0 0.0 0.0 0.0 0.0 0.905657
Person 0.0 0 0.0 443.349609 104.677734 544.775391 430.312500 0.0 0.0 0.0 0.0 0.0 0.0 0.0 0.944791
Person 0.0 0 0.0 354.931641 70.136719 448.037109 395.771484 0.0 0.0 0.0 0.0 0.0 0.0 0.0 0.946200
Person 0.0 0 0.0 973.125000 417.788086 1128.750000 816.196289 0.0 0.0 0.0 0.0 0.0 0.0 0.0 0.950411
Person 0.0 0 0.0 1397.431641 75.673828 1465.693359 241.523438 0.0 0.0 0.0 0.0 0.0 0.0 0.0 0.957278
Person 0.0 0 0.0 947.021484 90.439453 1040.478516 381.796875 0.0 0.0 0.0 0.0 0.0 0.0 0.0 0.959307
Person 0.0 0 0.0 1308.222656 107.248535 1401.152344 343.366699 0.0 0.0 0.0 0.0 0.0 0.0 0.0 0.964855
Person 0.0 0 0.0 1025.859375 115.488281 1137.890625 422.402344 0.0 0.0 0.0 0.0 0.0 0.0 0.0 0.967287
Person 0.0 0 0.0 1271.279297 63.610840 1366.845703 275.471191 0.0 0.0 0.0 0.0 0.0 0.0 0.0 0.973645
