Person 0.0 0 0.0 31.706543 0.000000 53.547363 41.231689 0.0 0.0 0.0 0.0 0.0 0.0 0.0 0.317850
Person 0.0 0 0.0 1110.292969 0.000000 1147.207031 87.242432 0.0 0.0 0.0 0.0 0.0 0.0 0.0 0.420600
Person 0.0 0 0.0 438.530273 0.000000 487.250977 81.507568 0.0 0.0 0.0 0.0 0.0 0.0 0.0 0.555435
Person 0.0 0 0.0 268.959961 0.000000 305.258789 104.381104 0.0 0.0 0.0 0.0 0.0 0.0 0.0 0.559290
Person 0.0 0 0.0 483.339844 0.000000 529.160156 108.138428 0.0 0.0 0.0 0.0 0.0 0.0 0.0 0.625209
Person 0.0 0 0.0 0.307617 0.263672 33.413086 114.895020 0.0 0.0 0.0 0.0 0.0 0.0 0.0 0.682574
Person 0.0 0 0.0 350.859375 0.000000 403.828125 114.367676 0.0 0.0 0.0 0.0 0.0 0.0 0.0 0.737914
Person 0.0 0 0.0 1064.355469 290.302734 1193.144531 609.873047 0.0 0.0 0.0 0.0 0.0 0.0 0.0 0.764188
Person 0.0 0 0.0 1462.675781 62.951660 1541.074219 261.364746 0.0 0.0 0.0 0.0 0.0 0.0 0.0 0.772531
Person 0.0 0 0.0 186.123047 0.263672 240.205078 132.165527 0.0 0.0 0.0 0.0 0.0 0.0 0.0 0.778649
Person 0.0 0 0.0 299.780273 0.461426 352.250977 153.391113 0.0 0.0 0.0 0.0 0.0 0.0 0.0 0.822189
Person 0.0 0 0.0 410.419922 33.057861 485.830078 133.187256 0.0 0.0 0.0 0.0 0.0 0.0 0.0 0.836555
Person 0.0 0 0.0 1275.820312 98.481445 1381.054688 321.284180 0.0 0.0 0.0 0.0 0.0 0.0 0.0 0.932453
Person 0.0 0 0.0 1271.484375 59.326172 1353.515625 275.273438 0.0 0.0 0.0 0.0 0.0 0.0 0.0 0.933431
Person 0.0 0 0.0 1397.373047 75.146484 1465.751953 241.523438 0.0 0.0 0.0 0.0 0.0 0.0 0.0 0.939248
Person 0.0 0 0.0 440.361328 102.963867 544.013672 430.444336 0.0 0.0 0.0 0.0 0.0 0.0 0.0 0.952397
Person 0.0 0 0.0 352.089844 69.477539 444.316406 396.430664 0.0 0.0 0.0 0.0 0.0 0.0 0.0 0.953966
Person 0.0 0 0.0 898.212891 97.163086 1009.599609 397.221680 0.0 0.0 0.0 0.0 0.0 0.0 0.0 0.955319
Person 0.0 0 0.0 1009.042969 111.137695 1139.707031 420.161133 0.0 0.0 0.0 0.0 0.0 0.0 0.0 0.961098
