Person 0.0 0 0.0 211.757812 0.000000 249.257812 99.832764 0.0 0.0 0.0 0.0 0.0 0.0 0.0 0.428233
Person 0.0 0 0.0 430.839844 34.738770 523.066406 288.786621 0.0 0.0 0.0 0.0 0.0 0.0 0.0 0.497070
Person 0.0 0 0.0 168.837891 0.000000 201.943359 88.198242 0.0 0.0 0.0 0.0 0.0 0.0 0.0 0.500977
Person 0.0 0 0.0 1114.497070 0.000000 1148.627930 80.749512 0.0 0.0 0.0 0.0 0.0 0.0 0.0 0.544801
Person 0.0 0 0.0 1674.316406 295.510254 1781.308594 544.548340 0.0 0.0 0.0 0.0 0.0 0.0 0.0 0.569853
Person 0.0 0 0.0 265.356445 0.000000 321.518555 108.533936 0.0 0.0 0.0 0.0 0.0 0.0 0.0 0.611382
Person 0.0 0 0.0 1465.107422 62.424316 1544.267578 252.136230 0.0 0.0 0.0 0.0 0.0 0.0 0.0 0.622459
Person 0.0 0 0.0 533.847656 657.597656 729.902344 931.816406 0.0 0.0 0.0 0.0 0.0 0.0 0.0 0.625209
Person 0.0 0 0.0 393.867188 0.000000 447.539062 111.500244 0.0 0.0 0.0 0.0 0.0 0.0 0.0 0.710628
Person 0.0 0 0.0 986.718750 293.071289 1148.906250 671.967773 0.0 0.0 0.0 0.0 0.0 0.0 0.0 0.764188
Person 0.0 0 0.0 191.059570 1.384277 235.268555 130.781250 0.0 0.0 0.0 0.0 0.0 0.0 0.0 0.794385
Person 0.0 0 0.0 478.564453 0.329590 568.623047 173.298340 0.0 0.0 0.0 0.0 0.0 0.0 0.0 0.860134
Person 0.0 0 0.0 1279.042969 134.670410 1379.707031 392.409668 0.0 0.0 0.0 0.0 0.0 0.0 0.0 0.930205
Person 0.0 0 0.0 1398.691406 74.948730 1464.433594 241.457520 0.0 0.0 0.0 0.0 0.0 0.0 0.0 0.932453
Person 0.0 0 0.0 972.597656 417.260742 1125.527344 816.723633 0.0 0.0 0.0 0.0 0.0 0.0 0.0 0.937897
Person 0.0 0 0.0 441.123047 106.787109 542.314453 427.675781 0.0 0.0 0.0 0.0 0.0 0.0 0.0 0.947962
Person 0.0 0 0.0 358.007812 67.631836 448.242188 395.112305 0.0 0.0 0.0 0.0 0.0 0.0 0.0 0.949106
Person 0.0 0 0.0 1538.613281 196.105957 1675.136719 407.702637 0.0 0.0 0.0 0.0 0.0 0.0 0.0 0.951504
Person 0.0 0 0.0 1113.457031 4.482422 1183.417969 205.927734 0.0 0.0 0.0 0.0 0.0 0.0 0.0 0.963780
Person 0.0 0 0.0 1162.880859 59.194336 1261.494141 304.145508 0.0 0.0 0.0 0.0 0.0 0.0 0.0 0.970909
