Person 0.0 0 0.0 1124.531250 345.080566 1260.468750 475.466309 0.0 0.0 0.0 0.0 0.0 0.0 0.0 0.333286
Person 0.0 0 0.0 1124.589844 345.146484 1262.285156 591.943359 0.0 0.0 0.0 0.0 0.0 0.0 0.0 0.341583
Person 0.0 0 0.0 195.615234 0.000000 228.603516 57.892456 0.0 0.0 0.0 0.0 0.0 0.0 0.0 0.391406
Person 0.0 0 0.0 1492.324219 103.623047 1593.925781 275.537109 0.0 0.0 0.0 0.0 0.0 0.0 0.0 0.402627
Person 0.0 0 0.0 268.981934 0.000000 293.986816 79.793701 0.0 0.0 0.0 0.0 0.0 0.0 0.0 0.427277
Person 0.0 0 0.0 0.556641 230.317383 86.982422 532.749023 0.0 0.0 0.0 0.0 0.0 0.0 0.0 0.596433
Person 0.0 0 0.0 1451.484375 52.437744 1512.890625 165.487061 0.0 0.0 0.0 0.0 0.0 0.0 0.0 0.611382
Person 0.0 0 0.0 230.932617 0.000000 276.254883 114.466553 0.0 0.0 0.0 0.0 0.0 0.0 0.0 0.795658
Person 0.0 0 0.0 84.243164 17.138672 129.389648 164.663086 0.0 0.0 0.0 0.0 0.0 0.0 0.0 0.877056
Person 0.0 0 0.0 1233.515625 244.423828 1372.734375 590.361328 0.0 0.0 0.0 0.0 0.0 0.0 0.0 0.903975
Person 0.0 0 0.0 1199.091797 6.064453 1287.158203 184.438477 0.0 0.0 0.0 0.0 0.0 0.0 0.0 0.913677
Person 0.0 0 0.0 1073.671875 409.086914 1255.078125 814.350586 0.0 0.0 0.0 0.0 0.0 0.0 0.0 0.920790
Person 0.0 0 0.0 158.261719 1.680908 225.644531 134.241943 0.0 0.0 0.0 0.0 0.0 0.0 0.0 0.926304
Person 0.0 0 0.0 930.585938 100.327148 1010.039062 399.858398 0.0 0.0 0.0 0.0 0.0 0.0 0.0 0.939913
Person 0.0 0 0.0 1390.195312 129.726562 1487.929688 372.568359 0.0 0.0 0.0 0.0 0.0 0.0 0.0 0.949106
Person 0.0 0 0.0 472.763672 34.475098 543.486328 287.204590 0.0 0.0 0.0 0.0 0.0 0.0 0.0 0.949856
Person 0.0 0 0.0 1044.902344 145.151367 1169.472656 447.583008 0.0 0.0 0.0 0.0 0.0 0.0 0.0 0.950041
Person 0.0 0 0.0 1308.720703 57.282715 1389.404297 277.316895 0.0 0.0 0.0 0.0 0.0 0.0 0.0 0.954816
Person 0.0 0 0.0 1116.503906 0.000000 1195.371094 192.941895 0.0 0.0 0.0 0.0 0.0 0.0 0.0 0.962108
Person 0.0 0 0.0 1258.125000 10.810547 1320.000000 202.104492 0.0 0.0 0.0 0.0 0.0 0.0 0.0 0.966283
