Person 0.0 0 0.0 447.011719 0.000000 510.644531 115.982666 0.0 0.0 0.0 0.0 0.0 0.0 0.0 0.331120
Person 0.0 0 0.0 1095.908203 0.000000 1120.341797 71.092529 0.0 0.0 0.0 0.0 0.0 0.0 0.0 0.351311
Person 0.0 0 0.0 1464.023438 64.929199 1543.476562 255.168457 0.0 0.0 0.0 0.0 0.0 0.0 0.0 0.437824
Person 0.0 0 0.0 1347.011719 99.008789 1414.863281 319.174805 0.0 0.0 0.0 0.0 0.0 0.0 0.0 0.521471
Person 0.0 0 0.0 982.675781 314.692383 1134.199219 675.659180 0.0 0.0 0.0 0.0 0.0 0.0 0.0 0.526343
Person 0.0 0 0.0 1112.285156 0.065918 1147.089844 83.320312 0.0 0.0 0.0 0.0 0.0 0.0 0.0 0.548674
Person 0.0 0 0.0 547.104492 0.197754 581.645508 136.384277 0.0 0.0 0.0 0.0 0.0 0.0 0.0 0.575588
Person 0.0 0 0.0 358.608398 0.000000 409.204102 80.650635 0.0 0.0 0.0 0.0 0.0 0.0 0.0 0.676620
Person 0.0 0 0.0 441.621094 34.277344 522.128906 288.193359 0.0 0.0 0.0 0.0 0.0 0.0 0.0 0.729520
Person 0.0 0 0.0 267.348633 0.000000 319.526367 108.336182 0.0 0.0 0.0 0.0 0.0 0.0 0.0 0.755637
Person 0.0 0 0.0 192.246094 0.000000 240.878906 133.483887 0.0 0.0 0.0 0.0 0.0 0.0 0.0 0.783326
Person 0.0 0 0.0 1397.402344 76.464844 1467.597656 242.050781 0.0 0.0 0.0 0.0 0.0 0.0 0.0 0.887595
Person 0.0 0 0.0 1477.968750 220.957031 1627.031250 460.371094 0.0 0.0 0.0 0.0 0.0 0.0 0.0 0.889144
Person 0.0 0 0.0 64.160156 11.074219 130.136719 172.705078 0.0 0.0 0.0 0.0 0.0 0.0 0.0 0.931463
Person 0.0 0 0.0 972.773438 418.315430 1125.351562 815.668945 0.0 0.0 0.0 0.0 0.0 0.0 0.0 0.937897
Person 0.0 0 0.0 358.974609 67.631836 445.400391 393.002930 0.0 0.0 0.0 0.0 0.0 0.0 0.0 0.947381
Person 0.0 0 0.0 435.175781 105.732422 543.574219 429.257812 0.0 0.0 0.0 0.0 0.0 0.0 0.0 0.950041
Person 0.0 0 0.0 1294.160156 103.886719 1403.964844 346.201172 0.0 0.0 0.0 0.0 0.0 0.0 0.0 0.953275
Person 0.0 0 0.0 1108.447266 47.724609 1184.677734 302.167969 0.0 0.0 0.0 0.0 0.0 0.0 0.0 0.966789
Person 0.0 0 0.0 1218.720703 98.349609 1310.654297 361.230469 0.0 0.0 0.0 0.0 0.0 0.0 0.0 0.966914
