Person 0.0 0 0.0 198.039551 0.000000 223.132324 52.503662 0.0 0.0 0.0 0.0 0.0 0.0 0.0 0.333720
Person 0.0 0 0.0 1516.875000 60.776367 1575.000000 201.840820 0.0 0.0 0.0 0.0 0.0 0.0 0.0 0.348202
Person 0.0 0 0.0 138.574219 0.000000 170.566406 83.715820 0.0 0.0 0.0 0.0 0.0 0.0 0.0 0.371137
Person 0.0 0 0.0 115.107422 7.185059 172.470703 159.982910 0.0 0.0 0.0 0.0 0.0 0.0 0.0 0.405449
Person 0.0 0 0.0 1110.175781 0.000000 1147.324219 87.736816 0.0 0.0 0.0 0.0 0.0 0.0 0.0 0.410165
Person 0.0 0 0.0 1076.074219 341.850586 1237.675781 695.961914 0.0 0.0 0.0 0.0 0.0 0.0 0.0 0.668015
Person 0.0 0 0.0 1574.619141 243.500977 1687.880859 477.377930 0.0 0.0 0.0 0.0 0.0 0.0 0.0 0.706596
Person 0.0 0 0.0 248.583984 0.000000 292.353516 109.786377 0.0 0.0 0.0 0.0 0.0 0.0 0.0 0.731826
Person 0.0 0 0.0 0.644531 186.152344 131.074219 496.757812 0.0 0.0 0.0 0.0 0.0 0.0 0.0 0.733356
Person 0.0 0 0.0 1435.092773 69.279785 1489.907227 219.177246 0.0 0.0 0.0 0.0 0.0 0.0 0.0 0.769773
Person 0.0 0 0.0 1669.482422 185.756836 1741.142578 377.973633 0.0 0.0 0.0 0.0 0.0 0.0 0.0 0.829492
Person 0.0 0 0.0 1074.609375 427.280273 1276.640625 814.086914 0.0 0.0 0.0 0.0 0.0 0.0 0.0 0.899475
Person 0.0 0 0.0 168.706055 0.000000 223.403320 136.911621 0.0 0.0 0.0 0.0 0.0 0.0 0.0 0.917006
Person 0.0 0 0.0 348.076172 120.893555 438.955078 430.180664 0.0 0.0 0.0 0.0 0.0 0.0 0.0 0.922482
Person 0.0 0 0.0 982.119141 157.148438 1086.005859 486.738281 0.0 0.0 0.0 0.0 0.0 0.0 0.0 0.947575
Person 0.0 0 0.0 925.898438 114.169922 1018.476562 421.083984 0.0 0.0 0.0 0.0 0.0 0.0 0.0 0.951323
Person 0.0 0 0.0 1291.552734 84.375000 1376.572266 316.406250 0.0 0.0 0.0 0.0 0.0 0.0 0.0 0.954478
Person 0.0 0 0.0 836.425781 160.576172 963.574219 500.185547 0.0 0.0 0.0 0.0 0.0 0.0 0.0 0.954647
Person 0.0 0 0.0 1159.453125 36.123047 1244.296875 290.566406 0.0 0.0 0.0 0.0 0.0 0.0 0.0 0.959913
Person 0.0 0 0.0 1258.125000 38.100586 1340.625000 258.266602 0.0 0.0 0.0 0.0 0.0 0.0 0.0 0.967899
