Person 0.0 0 0.0 1167.348633 0.000000 1225.151367 87.209473 0.0 0.0 0.0 0.0 0.0 0.0 0.0 0.449393
Person 0.0 0 0.0 257.929688 0.000000 303.164062 110.709229 0.0 0.0 0.0 0.0 0.0 0.0 0.0 0.619701
Person 0.0 0 0.0 138.369141 0.131836 186.708984 97.097168 0.0 0.0 0.0 0.0 0.0 0.0 0.0 0.659295
Person 0.0 0 0.0 1462.324219 64.995117 1543.300781 259.057617 0.0 0.0 0.0 0.0 0.0 0.0 0.0 0.709019
Person 0.0 0 0.0 47.094727 0.000000 83.100586 114.169922 0.0 0.0 0.0 0.0 0.0 0.0 0.0 0.731826
Person 0.0 0 0.0 406.860352 0.000000 463.139648 122.937012 0.0 0.0 0.0 0.0 0.0 0.0 0.0 0.749087
Person 0.0 0 0.0 817.265625 166.376953 908.671875 523.388672 0.0 0.0 0.0 0.0 0.0 0.0 0.0 0.791821
Person 0.0 0 0.0 182.548828 0.164795 235.107422 132.725830 0.0 0.0 0.0 0.0 0.0 0.0 0.0 0.834946
Person 0.0 0 0.0 1316.718750 488.320312 1529.531250 857.460938 0.0 0.0 0.0 0.0 0.0 0.0 0.0 0.855369
Person 0.0 0 0.0 1077.597656 417.392578 1243.652344 816.591797 0.0 0.0 0.0 0.0 0.0 0.0 0.0 0.891811
Person 0.0 0 0.0 742.851562 258.398438 865.898438 660.234375 0.0 0.0 0.0 0.0 0.0 0.0 0.0 0.898053
Person 0.0 0 0.0 1397.167969 73.432617 1465.957031 242.182617 0.0 0.0 0.0 0.0 0.0 0.0 0.0 0.927626
Person 0.0 0 0.0 405.966797 114.565430 496.845703 432.290039 0.0 0.0 0.0 0.0 0.0 0.0 0.0 0.929440
Person 0.0 0 0.0 1058.144531 1.647949 1124.355469 225.637207 0.0 0.0 0.0 0.0 0.0 0.0 0.0 0.930962
Person 0.0 0 0.0 1132.382812 0.725098 1226.367188 225.769043 0.0 0.0 0.0 0.0 0.0 0.0 0.0 0.931960
Person 0.0 0 0.0 1068.808594 281.733398 1218.691406 661.157227 0.0 0.0 0.0 0.0 0.0 0.0 0.0 0.932207
Person 0.0 0 0.0 959.355469 154.511719 1084.394531 478.300781 0.0 0.0 0.0 0.0 0.0 0.0 0.0 0.956634
Person 0.0 0 0.0 876.240234 112.060547 972.509766 426.621094 0.0 0.0 0.0 0.0 0.0 0.0 0.0 0.958538
Person 0.0 0 0.0 330.849609 76.464844 427.119141 399.726562 0.0 0.0 0.0 0.0 0.0 0.0 0.0 0.961389
