Person 0.0 0 0.0 1231.611328 40.902100 1303.388672 115.455322 0.0 0.0 0.0 0.0 0.0 0.0 0.0 0.396068
Person 0.0 0 0.0 1109.458008 0.000000 1148.041992 88.791504 0.0 0.0 0.0 0.0 0.0 0.0 0.0 0.429190
Person 0.0 0 0.0 324.169922 0.000000 360.673828 71.422119 0.0 0.0 0.0 0.0 0.0 0.0 0.0 0.481454
Person 0.0 0 0.0 120.161133 0.000000 164.370117 118.223877 0.0 0.0 0.0 0.0 0.0 0.0 0.0 0.506836
Person 0.0 0 0.0 210.219727 0.000000 256.655273 92.581787 0.0 0.0 0.0 0.0 0.0 0.0 0.0 0.537041
Person 0.0 0 0.0 258.266602 0.000000 317.827148 107.578125 0.0 0.0 0.0 0.0 0.0 0.0 0.0 0.695958
Person 0.0 0 0.0 1463.759766 62.753906 1539.990234 253.125000 0.0 0.0 0.0 0.0 0.0 0.0 0.0 0.805632
Person 0.0 0 0.0 1037.050781 295.708008 1205.449219 688.315430 0.0 0.0 0.0 0.0 0.0 0.0 0.0 0.811676
Person 0.0 0 0.0 467.636719 0.000000 527.988281 116.542969 0.0 0.0 0.0 0.0 0.0 0.0 0.0 0.873647
Person 0.0 0 0.0 410.595703 10.579834 460.810547 129.298096 0.0 0.0 0.0 0.0 0.0 0.0 0.0 0.896251
Person 0.0 0 0.0 185.053711 0.395508 239.868164 129.133301 0.0 0.0 0.0 0.0 0.0 0.0 0.0 0.901227
Person 0.0 0 0.0 1035.996094 435.717773 1206.503906 816.196289 0.0 0.0 0.0 0.0 0.0 0.0 0.0 0.915205
Person 0.0 0 0.0 1202.958984 70.598145 1296.416016 300.388184 0.0 0.0 0.0 0.0 0.0 0.0 0.0 0.919931
Person 0.0 0 0.0 971.250000 143.173828 1070.625000 468.017578 0.0 0.0 0.0 0.0 0.0 0.0 0.0 0.941007
Person 0.0 0 0.0 50.566406 28.476562 126.503906 198.017578 0.0 0.0 0.0 0.0 0.0 0.0 0.0 0.941439
Person 0.0 0 0.0 1397.871094 74.553223 1465.253906 241.853027 0.0 0.0 0.0 0.0 0.0 0.0 0.0 0.946794
Person 0.0 0 0.0 357.304688 70.795898 445.664062 395.375977 0.0 0.0 0.0 0.0 0.0 0.0 0.0 0.948537
Person 0.0 0 0.0 439.482422 96.899414 544.892578 430.180664 0.0 0.0 0.0 0.0 0.0 0.0 0.0 0.948917
Person 0.0 0 0.0 1106.777344 94.921875 1193.847656 357.539062 0.0 0.0 0.0 0.0 0.0 0.0 0.0 0.950411
Person 0.0 0 0.0 891.474609 110.610352 980.712891 427.280273 0.0 0.0 0.0 0.0 0.0 0.0 0.0 0.956957
