Person 0.0 0 0.0 1095.864258 0.000000 1120.385742 72.081299 0.0 0.0 0.0 0.0 0.0 0.0 0.0 0.328099
Person 0.0 0 0.0 32.563477 0.000000 53.334961 40.605469 0.0 0.0 0.0 0.0 0.0 0.0 0.0 0.335895
Person 0.0 0 0.0 1522.895508 60.776367 1576.479492 202.104492 0.0 0.0 0.0 0.0 0.0 0.0 0.0 0.368406
Person 0.0 0 0.0 1307.197266 51.745605 1377.802734 241.721191 0.0 0.0 0.0 0.0 0.0 0.0 0.0 0.423458
Person 0.0 0 0.0 220.429688 0.000000 254.179688 81.606445 0.0 0.0 0.0 0.0 0.0 0.0 0.0 0.434941
Person 0.0 0 0.0 1111.318359 0.000000 1146.181641 88.132324 0.0 0.0 0.0 0.0 0.0 0.0 0.0 0.450359
Person 0.0 0 0.0 1147.734375 318.251953 1263.515625 549.228516 0.0 0.0 0.0 0.0 0.0 0.0 0.0 0.512693
Person 0.0 0 0.0 112.441406 17.666016 169.042969 161.235352 0.0 0.0 0.0 0.0 0.0 0.0 0.0 0.564098
Person 0.0 0 0.0 0.498047 231.372070 87.568359 533.803711 0.0 0.0 0.0 0.0 0.0 0.0 0.0 0.591723
Person 0.0 0 0.0 1443.178711 63.610840 1494.946289 213.508301 0.0 0.0 0.0 0.0 0.0 0.0 0.0 0.682574
Person 0.0 0 0.0 1229.736328 232.426758 1322.138672 535.913086 0.0 0.0 0.0 0.0 0.0 0.0 0.0 0.753467
Person 0.0 0 0.0 240.498047 0.000000 286.845703 111.928711 0.0 0.0 0.0 0.0 0.0 0.0 0.0 0.802556
Person 0.0 0 0.0 174.257812 0.131836 222.773438 136.977539 0.0 0.0 0.0 0.0 0.0 0.0 0.0 0.882833
Person 0.0 0 0.0 495.146484 37.441406 577.353516 295.576172 0.0 0.0 0.0 0.0 0.0 0.0 0.0 0.916708
Person 0.0 0 0.0 1017.480469 144.360352 1142.519531 460.502930 0.0 0.0 0.0 0.0 0.0 0.0 0.0 0.930711
Person 0.0 0 0.0 1282.119141 89.121094 1371.005859 318.515625 0.0 0.0 0.0 0.0 0.0 0.0 0.0 0.949669
Person 0.0 0 0.0 930.878906 102.304688 1026.621094 399.990234 0.0 0.0 0.0 0.0 0.0 0.0 0.0 0.952574
Person 0.0 0 0.0 1254.082031 14.963379 1337.167969 195.446777 0.0 0.0 0.0 0.0 0.0 0.0 0.0 0.952926
Person 0.0 0 0.0 1074.082031 431.762695 1264.042969 814.877930 0.0 0.0 0.0 0.0 0.0 0.0 0.0 0.953622
Person 0.0 0 0.0 1135.898438 6.328125 1211.601562 231.108398 0.0 0.0 0.0 0.0 0.0 0.0 0.0 0.971129
