Person 0.0 0 0.0 1107.949219 0.065918 1147.675781 87.473145 0.0 0.0 0.0 0.0 0.0 0.0 0.0 0.394201
Person 0.0 0 0.0 306.430664 0.000000 357.319336 64.467773 0.0 0.0 0.0 0.0 0.0 0.0 0.0 0.531209
Person 0.0 0 0.0 1134.199219 106.523438 1211.425781 307.177734 0.0 0.0 0.0 0.0 0.0 0.0 0.0 0.540924
Person 0.0 0 0.0 1058.730469 0.000000 1095.644531 113.444824 0.0 0.0 0.0 0.0 0.0 0.0 0.0 0.616012
Person 0.0 0 0.0 204.492188 0.000000 255.585938 94.064941 0.0 0.0 0.0 0.0 0.0 0.0 0.0 0.618780
Person 0.0 0 0.0 112.587891 0.000000 148.271484 92.153320 0.0 0.0 0.0 0.0 0.0 0.0 0.0 0.643329
Person 0.0 0 0.0 256.918945 0.329590 316.362305 106.984863 0.0 0.0 0.0 0.0 0.0 0.0 0.0 0.714628
Person 0.0 0 0.0 177.949219 0.197754 228.925781 135.725098 0.0 0.0 0.0 0.0 0.0 0.0 0.0 0.827828
Person 0.0 0 0.0 1463.173828 62.885742 1540.576172 254.047852 0.0 0.0 0.0 0.0 0.0 0.0 0.0 0.840259
Person 0.0 0 0.0 470.273438 0.000000 528.164062 117.597656 0.0 0.0 0.0 0.0 0.0 0.0 0.0 0.850965
Person 0.0 0 0.0 1032.363281 302.167969 1195.136719 691.347656 0.0 0.0 0.0 0.0 0.0 0.0 0.0 0.905990
Person 0.0 0 0.0 34.599609 30.454102 85.869141 200.390625 0.0 0.0 0.0 0.0 0.0 0.0 0.0 0.911495
Person 0.0 0 0.0 1036.406250 437.299805 1206.093750 816.723633 0.0 0.0 0.0 0.0 0.0 0.0 0.0 0.911810
Person 0.0 0 0.0 405.556641 17.896729 478.974609 142.679443 0.0 0.0 0.0 0.0 0.0 0.0 0.0 0.920504
Person 0.0 0 0.0 1233.427734 84.968262 1318.447266 311.857910 0.0 0.0 0.0 0.0 0.0 0.0 0.0 0.947381
Person 0.0 0 0.0 970.048828 141.723633 1062.451172 467.885742 0.0 0.0 0.0 0.0 0.0 0.0 0.0 0.954478
Person 0.0 0 0.0 1218.984375 28.278809 1282.265625 220.495605 0.0 0.0 0.0 0.0 0.0 0.0 0.0 0.956634
Person 0.0 0 0.0 1397.753906 74.421387 1465.371094 241.721191 0.0 0.0 0.0 0.0 0.0 0.0 0.0 0.957437
Person 0.0 0 0.0 446.337891 104.677734 544.599609 431.103516 0.0 0.0 0.0 0.0 0.0 0.0 0.0 0.959154
Person 0.0 0 0.0 892.001953 111.928711 979.248047 427.280273 0.0 0.0 0.0 0.0 0.0 0.0 0.0 0.964187
