Person 0.0 0 0.0 1095.717773 0.000000 1120.532227 71.356201 0.0 0.0 0.0 0.0 0.0 0.0 0.0 0.362066
Person 0.0 0 0.0 549.506836 0.263672 582.993164 138.559570 0.0 0.0 0.0 0.0 0.0 0.0 0.0 0.367497
Person 0.0 0 0.0 440.126953 0.000000 507.216797 111.302490 0.0 0.0 0.0 0.0 0.0 0.0 0.0 0.383988
Person 0.0 0 0.0 1346.425781 97.888184 1409.824219 318.977051 0.0 0.0 0.0 0.0 0.0 0.0 0.0 0.479504
Person 0.0 0 0.0 981.855469 315.615234 1133.144531 675.791016 0.0 0.0 0.0 0.0 0.0 0.0 0.0 0.554470
Person 0.0 0 0.0 1112.255859 0.000000 1147.119141 84.177246 0.0 0.0 0.0 0.0 0.0 0.0 0.0 0.555435
Person 0.0 0 0.0 1465.488281 64.533691 1543.886719 256.354980 0.0 0.0 0.0 0.0 0.0 0.0 0.0 0.563138
Person 0.0 0 0.0 433.300781 32.827148 521.542969 288.852539 0.0 0.0 0.0 0.0 0.0 0.0 0.0 0.614163
Person 0.0 0 0.0 357.612305 0.000000 408.793945 81.112061 0.0 0.0 0.0 0.0 0.0 0.0 0.0 0.739422
Person 0.0 0 0.0 270.908203 0.000000 319.716797 108.336182 0.0 0.0 0.0 0.0 0.0 0.0 0.0 0.759225
Person 0.0 0 0.0 192.744141 0.032959 241.083984 133.846436 0.0 0.0 0.0 0.0 0.0 0.0 0.0 0.812867
Person 0.0 0 0.0 1458.984375 219.902344 1616.015625 460.371094 0.0 0.0 0.0 0.0 0.0 0.0 0.0 0.923868
Person 0.0 0 0.0 62.211914 12.656250 118.491211 175.869141 0.0 0.0 0.0 0.0 0.0 0.0 0.0 0.936285
Person 0.0 0 0.0 1397.138672 76.530762 1467.861328 241.984863 0.0 0.0 0.0 0.0 0.0 0.0 0.0 0.942507
Person 0.0 0 0.0 973.007812 418.315430 1125.117188 815.668945 0.0 0.0 0.0 0.0 0.0 0.0 0.0 0.942718
Person 0.0 0 0.0 436.904297 105.864258 544.658203 429.916992 0.0 0.0 0.0 0.0 0.0 0.0 0.0 0.953794
Person 0.0 0 0.0 358.974609 67.236328 445.400391 392.871094 0.0 0.0 0.0 0.0 0.0 0.0 0.0 0.957754
Person 0.0 0 0.0 1293.925781 101.315918 1398.574219 345.871582 0.0 0.0 0.0 0.0 0.0 0.0 0.0 0.965119
Person 0.0 0 0.0 1218.134766 99.536133 1309.365234 366.635742 0.0 0.0 0.0 0.0 0.0 0.0 0.0 0.969556
Person 0.0 0 0.0 1104.169922 48.977051 1183.330078 305.397949 0.0 0.0 0.0 0.0 0.0 0.0 0.0 0.970688
