Person 0.0 0 0.0 1492.968750 100.195312 1591.406250 274.482422 0.0 0.0 0.0 0.0 0.0 0.0 0.0 0.306942
Person 0.0 0 0.0 1119.462891 0.000000 1147.412109 83.386230 0.0 0.0 0.0 0.0 0.0 0.0 0.0 0.343782
Person 0.0 0 0.0 33.632812 1.549072 65.859375 128.507080 0.0 0.0 0.0 0.0 0.0 0.0 0.0 0.370225
Person 0.0 0 0.0 1462.675781 64.270020 1541.074219 254.245605 0.0 0.0 0.0 0.0 0.0 0.0 0.0 0.663669
Person 0.0 0 0.0 253.740234 0.000000 294.697266 110.214844 0.0 0.0 0.0 0.0 0.0 0.0 0.0 0.743168
Person 0.0 0 0.0 412.924805 0.000000 465.981445 124.947510 0.0 0.0 0.0 0.0 0.0 0.0 0.0 0.746139
Person 0.0 0 0.0 1028.964844 299.135742 1192.910156 693.325195 0.0 0.0 0.0 0.0 0.0 0.0 0.0 0.807461
Person 0.0 0 0.0 50.800781 3.691406 97.792969 126.562500 0.0 0.0 0.0 0.0 0.0 0.0 0.0 0.840259
Person 0.0 0 0.0 1265.039062 279.096680 1429.335938 596.293945 0.0 0.0 0.0 0.0 0.0 0.0 0.0 0.871475
Person 0.0 0 0.0 182.651367 0.395508 235.004883 132.033691 0.0 0.0 0.0 0.0 0.0 0.0 0.0 0.898767
Person 0.0 0 0.0 1068.515625 429.389648 1218.984375 823.579102 0.0 0.0 0.0 0.0 0.0 0.0 0.0 0.913368
Person 0.0 0 0.0 720.527344 234.272461 849.785156 608.950195 0.0 0.0 0.0 0.0 0.0 0.0 0.0 0.924415
Person 0.0 0 0.0 1156.318359 0.000000 1223.056641 194.655762 0.0 0.0 0.0 0.0 0.0 0.0 0.0 0.929951
Person 0.0 0 0.0 317.695312 76.728516 439.804688 395.244141 0.0 0.0 0.0 0.0 0.0 0.0 0.0 0.937669
Person 0.0 0 0.0 1052.753906 0.000000 1127.871094 188.129883 0.0 0.0 0.0 0.0 0.0 0.0 0.0 0.941439
Person 0.0 0 0.0 1397.578125 74.553223 1465.546875 241.853027 0.0 0.0 0.0 0.0 0.0 0.0 0.0 0.941868
Person 0.0 0 0.0 453.955078 102.304688 544.482422 430.576172 0.0 0.0 0.0 0.0 0.0 0.0 0.0 0.952574
Person 0.0 0 0.0 965.156250 151.347656 1063.593750 468.808594 0.0 0.0 0.0 0.0 0.0 0.0 0.0 0.953449
Person 0.0 0 0.0 1008.779297 186.811523 1123.095703 521.938477 0.0 0.0 0.0 0.0 0.0 0.0 0.0 0.958070
Person 0.0 0 0.0 867.011719 112.456055 967.675781 426.752930 0.0 0.0 0.0 0.0 0.0 0.0 0.0 0.964722
