Person 0.0 0 0.0 1493.085938 100.458984 1593.164062 274.218750 0.0 0.0 0.0 0.0 0.0 0.0 0.0 0.311113
Person 0.0 0 0.0 344.941406 0.000000 383.964844 69.312744 0.0 0.0 0.0 0.0 0.0 0.0 0.0 0.444565
Person 0.0 0 0.0 1110.146484 0.000000 1145.478516 87.176514 0.0 0.0 0.0 0.0 0.0 0.0 0.0 0.455199
Person 0.0 0 0.0 259.042969 0.000000 307.207031 109.489746 0.0 0.0 0.0 0.0 0.0 0.0 0.0 0.680879
Person 0.0 0 0.0 67.236328 0.000000 113.232422 102.139893 0.0 0.0 0.0 0.0 0.0 0.0 0.0 0.704973
Person 0.0 0 0.0 1461.708984 64.731445 1542.041016 261.430664 0.0 0.0 0.0 0.0 0.0 0.0 0.0 0.709019
Person 0.0 0 0.0 1056.005859 3.098145 1096.494141 189.777832 0.0 0.0 0.0 0.0 0.0 0.0 0.0 0.829492
Person 0.0 0 0.0 184.819336 0.000000 237.290039 131.341553 0.0 0.0 0.0 0.0 0.0 0.0 0.0 0.861072
Person 0.0 0 0.0 1194.375000 496.230469 1395.000000 861.152344 0.0 0.0 0.0 0.0 0.0 0.0 0.0 0.867485
Person 0.0 0 0.0 1072.910156 446.660156 1274.589844 814.746094 0.0 0.0 0.0 0.0 0.0 0.0 0.0 0.919353
Person 0.0 0 0.0 327.509766 75.410156 423.427734 410.273438 0.0 0.0 0.0 0.0 0.0 0.0 0.0 0.929951
Person 0.0 0 0.0 777.275391 216.210938 895.224609 580.078125 0.0 0.0 0.0 0.0 0.0 0.0 0.0 0.934872
Person 0.0 0 0.0 1396.728516 76.662598 1466.396484 241.853027 0.0 0.0 0.0 0.0 0.0 0.0 0.0 0.941007
Person 0.0 0 0.0 1068.867188 279.360352 1224.257812 661.420898 0.0 0.0 0.0 0.0 0.0 0.0 0.0 0.945801
Person 0.0 0 0.0 945.878906 166.113281 1058.496094 493.066406 0.0 0.0 0.0 0.0 0.0 0.0 0.0 0.947575
Person 0.0 0 0.0 417.978516 100.722656 500.302734 420.029297 0.0 0.0 0.0 0.0 0.0 0.0 0.0 0.948346
Person 0.0 0 0.0 1150.224609 0.000000 1223.525391 203.422852 0.0 0.0 0.0 0.0 0.0 0.0 0.0 0.950778
Person 0.0 0 0.0 866.748047 111.796875 967.939453 420.029297 0.0 0.0 0.0 0.0 0.0 0.0 0.0 0.964321
Person 0.0 0 0.0 1174.511719 33.486328 1251.738281 248.378906 0.0 0.0 0.0 0.0 0.0 0.0 0.0 0.971779
