Person 0.0 0 0.0 1095.959473 0.000000 1120.290527 71.422119 0.0 0.0 0.0 0.0 0.0 0.0 0.0 0.316581
Person 0.0 0 0.0 347.885742 0.000000 383.364258 79.793701 0.0 0.0 0.0 0.0 0.0 0.0 0.0 0.386763
Person 0.0 0 0.0 1111.113281 0.065918 1148.261719 87.143555 0.0 0.0 0.0 0.0 0.0 0.0 0.0 0.415847
Person 0.0 0 0.0 408.281250 31.937256 474.375000 131.011963 0.0 0.0 0.0 0.0 0.0 0.0 0.0 0.444565
Person 0.0 0 0.0 1023.632812 289.643555 1128.867188 499.262695 0.0 0.0 0.0 0.0 0.0 0.0 0.0 0.477554
Person 0.0 0 0.0 1464.316406 66.840820 1546.933594 263.012695 0.0 0.0 0.0 0.0 0.0 0.0 0.0 0.491212
Person 0.0 0 0.0 270.571289 0.000000 312.084961 109.094238 0.0 0.0 0.0 0.0 0.0 0.0 0.0 0.538012
Person 0.0 0 0.0 443.671875 0.000000 495.234375 122.838135 0.0 0.0 0.0 0.0 0.0 0.0 0.0 0.663669
Person 0.0 0 0.0 1323.134766 174.880371 1440.615234 438.947754 0.0 0.0 0.0 0.0 0.0 0.0 0.0 0.715424
Person 0.0 0 0.0 193.256836 0.000000 239.868164 130.913086 0.0 0.0 0.0 0.0 0.0 0.0 0.0 0.752740
Person 0.0 0 0.0 298.315430 0.000000 349.028320 140.405273 0.0 0.0 0.0 0.0 0.0 0.0 0.0 0.779993
Person 0.0 0 0.0 1260.161133 30.585938 1319.838867 167.563477 0.0 0.0 0.0 0.0 0.0 0.0 0.0 0.823328
Person 0.0 0 0.0 1414.877930 76.662598 1468.872070 208.103027 0.0 0.0 0.0 0.0 0.0 0.0 0.0 0.875361
Person 0.0 0 0.0 61.875000 53.657227 129.609375 254.575195 0.0 0.0 0.0 0.0 0.0 0.0 0.0 0.875787
Person 0.0 0 0.0 434.267578 104.414062 544.482422 430.839844 0.0 0.0 0.0 0.0 0.0 0.0 0.0 0.902952
Person 0.0 0 0.0 973.359375 419.370117 1130.390625 816.723633 0.0 0.0 0.0 0.0 0.0 0.0 0.0 0.904313
Person 0.0 0 0.0 352.001953 66.972656 443.935547 393.925781 0.0 0.0 0.0 0.0 0.0 0.0 0.0 0.938124
Person 0.0 0 0.0 972.744141 110.148926 1057.880859 375.007324 0.0 0.0 0.0 0.0 0.0 0.0 0.0 0.947575
Person 0.0 0 0.0 1171.992188 123.266602 1288.007812 412.514648 0.0 0.0 0.0 0.0 0.0 0.0 0.0 0.959611
Person 0.0 0 0.0 1294.628906 91.164551 1382.871094 320.427246 0.0 0.0 0.0 0.0 0.0 0.0 0.0 0.964187
