Person 0.0 0 0.0 1299.243164 61.600342 1350.131836 132.725830 0.0 0.0 0.0 0.0 0.0 0.0 0.0 0.383988
Person 0.0 0 0.0 1110.703125 0.000000 1146.796875 87.736816 0.0 0.0 0.0 0.0 0.0 0.0 0.0 0.445530
Person 0.0 0 0.0 325.957031 56.096191 414.667969 298.015137 0.0 0.0 0.0 0.0 0.0 0.0 0.0 0.456167
Person 0.0 0 0.0 223.930664 0.000000 267.788086 86.451416 0.0 0.0 0.0 0.0 0.0 0.0 0.0 0.521471
Person 0.0 0 0.0 466.904297 0.000000 509.033203 100.788574 0.0 0.0 0.0 0.0 0.0 0.0 0.0 0.611382
Person 0.0 0 0.0 267.451172 0.000000 313.798828 106.490479 0.0 0.0 0.0 0.0 0.0 0.0 0.0 0.696784
Person 0.0 0 0.0 0.270996 0.428467 26.960449 106.885986 0.0 0.0 0.0 0.0 0.0 0.0 0.0 0.701713
Person 0.0 0 0.0 1252.177734 88.725586 1348.447266 307.309570 0.0 0.0 0.0 0.0 0.0 0.0 0.0 0.726426
Person 0.0 0 0.0 1464.257812 64.533691 1539.492188 252.136230 0.0 0.0 0.0 0.0 0.0 0.0 0.0 0.769080
Person 0.0 0 0.0 428.510742 1.087646 469.614258 133.780518 0.0 0.0 0.0 0.0 0.0 0.0 0.0 0.785966
Person 0.0 0 0.0 1050.908203 2.109375 1095.966797 150.029297 0.0 0.0 0.0 0.0 0.0 0.0 0.0 0.854399
Person 0.0 0 0.0 186.782227 0.329590 238.842773 130.385742 0.0 0.0 0.0 0.0 0.0 0.0 0.0 0.891055
Person 0.0 0 0.0 1069.980469 285.424805 1198.769531 683.833008 0.0 0.0 0.0 0.0 0.0 0.0 0.0 0.933188
Person 0.0 0 0.0 886.435547 119.443359 966.064453 426.357422 0.0 0.0 0.0 0.0 0.0 0.0 0.0 0.949482
Person 0.0 0 0.0 1397.255859 74.421387 1467.744141 241.984863 0.0 0.0 0.0 0.0 0.0 0.0 0.0 0.950595
Person 0.0 0 0.0 482.519531 31.311035 548.730469 291.687012 0.0 0.0 0.0 0.0 0.0 0.0 0.0 0.952574
Person 0.0 0 0.0 442.324219 106.655273 545.800781 429.389648 0.0 0.0 0.0 0.0 0.0 0.0 0.0 0.954478
Person 0.0 0 0.0 978.632812 421.479492 1130.742188 819.887695 0.0 0.0 0.0 0.0 0.0 0.0 0.0 0.956796
Person 0.0 0 0.0 979.980469 142.514648 1082.519531 468.676758 0.0 0.0 0.0 0.0 0.0 0.0 0.0 0.957118
Person 0.0 0 0.0 355.781250 69.477539 449.062500 394.321289 0.0 0.0 0.0 0.0 0.0 0.0 0.0 0.970688
