Person 0.0 0 0.0 32.233887 0.000000 53.488770 40.523071 0.0 0.0 0.0 0.0 0.0 0.0 0.0 0.310694
Person 0.0 0 0.0 109.790039 17.863770 153.413086 154.709473 0.0 0.0 0.0 0.0 0.0 0.0 0.0 0.318273
Person 0.0 0 0.0 1513.637695 59.095459 1568.862305 117.960205 0.0 0.0 0.0 0.0 0.0 0.0 0.0 0.334589
Person 0.0 0 0.0 1110.498047 0.098877 1147.001953 88.428955 0.0 0.0 0.0 0.0 0.0 0.0 0.0 0.397003
Person 0.0 0 0.0 111.152344 18.522949 169.394531 159.455566 0.0 0.0 0.0 0.0 0.0 0.0 0.0 0.461988
Person 0.0 0 0.0 0.468750 208.300781 87.070312 537.363281 0.0 0.0 0.0 0.0 0.0 0.0 0.0 0.567937
Person 0.0 0 0.0 1199.794922 231.503906 1308.955078 538.417969 0.0 0.0 0.0 0.0 0.0 0.0 0.0 0.574633
Person 0.0 0 0.0 1053.999023 0.856934 1083.500977 154.050293 0.0 0.0 0.0 0.0 0.0 0.0 0.0 0.581303
Person 0.0 0 0.0 203.510742 0.000000 235.004883 79.497070 0.0 0.0 0.0 0.0 0.0 0.0 0.0 0.582254
Person 0.0 0 0.0 1286.572266 24.060059 1368.427734 199.665527 0.0 0.0 0.0 0.0 0.0 0.0 0.0 0.683419
Person 0.0 0 0.0 235.986328 0.000000 285.732422 111.005859 0.0 0.0 0.0 0.0 0.0 0.0 0.0 0.789883
Person 0.0 0 0.0 1072.910156 338.159180 1225.839844 697.543945 0.0 0.0 0.0 0.0 0.0 0.0 0.0 0.801315
Person 0.0 0 0.0 172.631836 0.263672 222.290039 136.318359 0.0 0.0 0.0 0.0 0.0 0.0 0.0 0.891434
Person 0.0 0 0.0 1013.203125 147.788086 1163.671875 461.293945 0.0 0.0 0.0 0.0 0.0 0.0 0.0 0.941868
Person 0.0 0 0.0 1075.546875 428.730469 1277.578125 814.746094 0.0 0.0 0.0 0.0 0.0 0.0 0.0 0.942082
Person 0.0 0 0.0 931.113281 102.041016 1028.261719 399.726562 0.0 0.0 0.0 0.0 0.0 0.0 0.0 0.949856
Person 0.0 0 0.0 1286.015625 57.282715 1367.109375 272.043457 0.0 0.0 0.0 0.0 0.0 0.0 0.0 0.951684
Person 0.0 0 0.0 473.701172 57.612305 571.611328 329.985352 0.0 0.0 0.0 0.0 0.0 0.0 0.0 0.959459
Person 0.0 0 0.0 1158.486328 23.203125 1234.013672 257.343750 0.0 0.0 0.0 0.0 0.0 0.0 0.0 0.964722
Person 0.0 0 0.0 1292.255859 102.436523 1396.494141 335.522461 0.0 0.0 0.0 0.0 0.0 0.0 0.0 0.967656
