Person 0.0 0 0.0 434.560547 36.057129 507.158203 152.731934 0.0 0.0 0.0 0.0 0.0 0.0 0.0 0.387690
Person 0.0 0 0.0 1313.789062 58.469238 1363.710938 155.632324 0.0 0.0 0.0 0.0 0.0 0.0 0.0 0.401688
Person 0.0 0 0.0 435.029297 35.463867 535.283203 284.897461 0.0 0.0 0.0 0.0 0.0 0.0 0.0 0.407333
Person 0.0 0 0.0 1109.238281 0.098877 1148.261719 87.637939 0.0 0.0 0.0 0.0 0.0 0.0 0.0 0.410165
Person 0.0 0 0.0 1464.345703 66.577148 1545.029297 263.012695 0.0 0.0 0.0 0.0 0.0 0.0 0.0 0.504883
Person 0.0 0 0.0 221.938477 0.000000 268.374023 88.198242 0.0 0.0 0.0 0.0 0.0 0.0 0.0 0.585101
Person 0.0 0 0.0 462.290039 0.000000 512.709961 107.940674 0.0 0.0 0.0 0.0 0.0 0.0 0.0 0.651355
Person 0.0 0 0.0 414.550781 0.000000 456.855469 113.642578 0.0 0.0 0.0 0.0 0.0 0.0 0.0 0.680879
Person 0.0 0 0.0 268.696289 0.000000 314.428711 108.929443 0.0 0.0 0.0 0.0 0.0 0.0 0.0 0.734881
Person 0.0 0 0.0 1254.521484 88.989258 1344.228516 307.573242 0.0 0.0 0.0 0.0 0.0 0.0 0.0 0.765593
Person 0.0 0 0.0 0.908203 38.891602 52.675781 208.959961 0.0 0.0 0.0 0.0 0.0 0.0 0.0 0.885632
Person 0.0 0 0.0 187.119141 0.659180 238.505859 131.770020 0.0 0.0 0.0 0.0 0.0 0.0 0.0 0.900879
Person 0.0 0 0.0 882.597656 119.707031 961.464844 426.621094 0.0 0.0 0.0 0.0 0.0 0.0 0.0 0.916708
Person 0.0 0 0.0 1397.519531 76.530762 1467.480469 241.984863 0.0 0.0 0.0 0.0 0.0 0.0 0.0 0.939025
Person 0.0 0 0.0 1058.320312 292.280273 1176.679688 671.704102 0.0 0.0 0.0 0.0 0.0 0.0 0.0 0.942929
Person 0.0 0 0.0 978.105469 400.649414 1129.394531 816.459961 0.0 0.0 0.0 0.0 0.0 0.0 0.0 0.944382
Person 0.0 0 0.0 1136.718750 141.459961 1231.406250 414.360352 0.0 0.0 0.0 0.0 0.0 0.0 0.0 0.945601
Person 0.0 0 0.0 445.136719 106.918945 544.863281 430.708008 0.0 0.0 0.0 0.0 0.0 0.0 0.0 0.948537
Person 0.0 0 0.0 356.513672 70.400391 449.267578 395.771484 0.0 0.0 0.0 0.0 0.0 0.0 0.0 0.953966
