Person 0.0 0 0.0 1492.880859 100.458984 1591.494141 274.746094 0.0 0.0 0.0 0.0 0.0 0.0 0.0 0.412057
Person 0.0 0 0.0 1169.824219 0.065918 1226.425781 119.179688 0.0 0.0 0.0 0.0 0.0 0.0 0.0 0.465873
Person 0.0 0 0.0 1105.737305 0.000000 1146.137695 87.572021 0.0 0.0 0.0 0.0 0.0 0.0 0.0 0.505859
Person 0.0 0 0.0 106.113281 0.000000 148.652344 109.291992 0.0 0.0 0.0 0.0 0.0 0.0 0.0 0.698432
Person 0.0 0 0.0 392.504883 0.000000 442.807617 113.016357 0.0 0.0 0.0 0.0 0.0 0.0 0.0 0.701713
Person 0.0 0 0.0 259.028320 0.000000 311.909180 109.489746 0.0 0.0 0.0 0.0 0.0 0.0 0.0 0.766992
Person 0.0 0 0.0 804.931641 175.078125 889.130859 525.761719 0.0 0.0 0.0 0.0 0.0 0.0 0.0 0.781331
Person 0.0 0 0.0 1464.316406 63.544922 1539.433594 253.125000 0.0 0.0 0.0 0.0 0.0 0.0 0.0 0.797557
Person 0.0 0 0.0 183.457031 0.000000 233.496094 132.033691 0.0 0.0 0.0 0.0 0.0 0.0 0.0 0.823896
Person 0.0 0 0.0 1234.277344 437.299805 1413.222656 809.340820 0.0 0.0 0.0 0.0 0.0 0.0 0.0 0.876634
Person 0.0 0 0.0 1026.386719 455.625000 1262.988281 854.296875 0.0 0.0 0.0 0.0 0.0 0.0 0.0 0.886027
Person 0.0 0 0.0 747.656250 252.070312 870.468750 662.343750 0.0 0.0 0.0 0.0 0.0 0.0 0.0 0.907312
Person 0.0 0 0.0 327.949219 78.178711 424.394531 410.668945 0.0 0.0 0.0 0.0 0.0 0.0 0.0 0.923868
Person 0.0 0 0.0 437.080078 148.315430 544.482422 430.180664 0.0 0.0 0.0 0.0 0.0 0.0 0.0 0.924415
Person 0.0 0 0.0 1068.808594 279.624023 1218.691406 663.266602 0.0 0.0 0.0 0.0 0.0 0.0 0.0 0.933431
Person 0.0 0 0.0 1045.869141 0.131836 1110.380859 206.982422 0.0 0.0 0.0 0.0 0.0 0.0 0.0 0.943764
Person 0.0 0 0.0 1398.017578 74.355469 1465.107422 242.050781 0.0 0.0 0.0 0.0 0.0 0.0 0.0 0.951863
Person 0.0 0 0.0 950.214844 151.743164 1056.035156 472.631836 0.0 0.0 0.0 0.0 0.0 0.0 0.0 0.955981
Person 0.0 0 0.0 875.039062 115.356445 980.273438 426.752930 0.0 0.0 0.0 0.0 0.0 0.0 0.0 0.958847
Person 0.0 0 0.0 1148.466797 26.037598 1225.283203 236.315918 0.0 0.0 0.0 0.0 0.0 0.0 0.0 0.959154
