Person 0.0 0 0.0 1034.384766 92.548828 1116.240234 380.214844 0.0 0.0 0.0 0.0 0.0 0.0 0.0 0.319971
Person 0.0 0 0.0 177.326660 0.000000 207.282715 56.986084 0.0 0.0 0.0 0.0 0.0 0.0 0.0 0.321247
Person 0.0 0 0.0 1109.604492 0.000000 1147.895508 87.011719 0.0 0.0 0.0 0.0 0.0 0.0 0.0 0.478529
Person 0.0 0 0.0 1035.644531 92.680664 1173.105469 380.083008 0.0 0.0 0.0 0.0 0.0 0.0 0.0 0.578448
Person 0.0 0 0.0 1208.115234 1.252441 1285.634766 178.044434 0.0 0.0 0.0 0.0 0.0 0.0 0.0 0.660172
Person 0.0 0 0.0 1600.986328 147.854004 1672.763672 305.661621 0.0 0.0 0.0 0.0 0.0 0.0 0.0 0.802556
Person 0.0 0 0.0 255.000000 0.395508 316.406250 214.497070 0.0 0.0 0.0 0.0 0.0 0.0 0.0 0.812272
Person 0.0 0 0.0 203.701172 0.000000 254.501953 124.057617 0.0 0.0 0.0 0.0 0.0 0.0 0.0 0.838680
Person 0.0 0 0.0 136.860352 4.416504 179.077148 161.828613 0.0 0.0 0.0 0.0 0.0 0.0 0.0 0.849472
Person 0.0 0 0.0 499.423828 43.835449 566.513672 262.023926 0.0 0.0 0.0 0.0 0.0 0.0 0.0 0.878731
Person 0.0 0 0.0 1575.761719 426.093750 1801.113281 737.226562 0.0 0.0 0.0 0.0 0.0 0.0 0.0 0.880797
Person 0.0 0 0.0 1195.957031 315.351562 1307.167969 683.437500 0.0 0.0 0.0 0.0 0.0 0.0 0.0 0.891811
Person 0.0 0 0.0 388.476562 39.814453 483.867188 302.431641 0.0 0.0 0.0 0.0 0.0 0.0 0.0 0.924142
Person 0.0 0 0.0 1267.441406 18.852539 1346.308594 207.246094 0.0 0.0 0.0 0.0 0.0 0.0 0.0 0.936981
Person 0.0 0 0.0 1189.306641 15.952148 1300.693359 228.076172 0.0 0.0 0.0 0.0 0.0 0.0 0.0 0.952750
Person 0.0 0 0.0 1074.257812 419.897461 1254.492188 815.141602 0.0 0.0 0.0 0.0 0.0 0.0 0.0 0.954478
Person 0.0 0 0.0 1055.859375 129.462891 1177.265625 433.212891 0.0 0.0 0.0 0.0 0.0 0.0 0.0 0.955981
Person 0.0 0 0.0 1293.017578 45.681152 1380.732422 261.760254 0.0 0.0 0.0 0.0 0.0 0.0 0.0 0.961389
