Person 0.0 0 0.0 1511.601562 55.140381 1572.773438 189.415283 0.0 0.0 0.0 0.0 0.0 0.0 0.0 0.391406
Person 0.0 0 0.0 1110.937500 0.098877 1148.437500 87.637939 0.0 0.0 0.0 0.0 0.0 0.0 0.0 0.446495
Person 0.0 0 0.0 1490.507812 102.106934 1588.242188 275.207520 0.0 0.0 0.0 0.0 0.0 0.0 0.0 0.447460
Person 0.0 0 0.0 890.566406 104.018555 945.996094 395.903320 0.0 0.0 0.0 0.0 0.0 0.0 0.0 0.558327
Person 0.0 0 0.0 125.097656 0.000000 168.808594 90.933838 0.0 0.0 0.0 0.0 0.0 0.0 0.0 0.686790
Person 0.0 0 0.0 1075.488281 332.753906 1243.886719 696.621094 0.0 0.0 0.0 0.0 0.0 0.0 0.0 0.714628
Person 0.0 0 0.0 253.344727 0.000000 305.405273 107.644043 0.0 0.0 0.0 0.0 0.0 0.0 0.0 0.716219
Person 0.0 0 0.0 1575.087891 239.018555 1683.662109 477.114258 0.0 0.0 0.0 0.0 0.0 0.0 0.0 0.720958
Person 0.0 0 0.0 1669.013672 187.338867 1739.736328 378.500977 0.0 0.0 0.0 0.0 0.0 0.0 0.0 0.833866
Person 0.0 0 0.0 1434.829102 64.665527 1490.170898 219.309082 0.0 0.0 0.0 0.0 0.0 0.0 0.0 0.846958
Person 0.0 0 0.0 1074.667969 426.225586 1272.832031 814.086914 0.0 0.0 0.0 0.0 0.0 0.0 0.0 0.917893
Person 0.0 0 0.0 172.558594 0.461426 235.019531 137.438965 0.0 0.0 0.0 0.0 0.0 0.0 0.0 0.919931
Person 0.0 0 0.0 84.580078 155.434570 197.841797 476.323242 0.0 0.0 0.0 0.0 0.0 0.0 0.0 0.938124
Person 0.0 0 0.0 970.312500 165.058594 1069.687500 499.394531 0.0 0.0 0.0 0.0 0.0 0.0 0.0 0.941868
Person 0.0 0 0.0 326.455078 123.134766 421.669922 437.431641 0.0 0.0 0.0 0.0 0.0 0.0 0.0 0.946200
Person 0.0 0 0.0 67.163086 14.106445 123.969727 164.135742 0.0 0.0 0.0 0.0 0.0 0.0 0.0 0.946990
Person 0.0 0 0.0 830.830078 153.720703 931.669922 499.658203 0.0 0.0 0.0 0.0 0.0 0.0 0.0 0.949856
Person 0.0 0 0.0 1273.212891 76.860352 1370.537109 303.618164 0.0 0.0 0.0 0.0 0.0 0.0 0.0 0.951323
Person 0.0 0 0.0 1143.339844 35.727539 1271.660156 280.415039 0.0 0.0 0.0 0.0 0.0 0.0 0.0 0.956309
Person 0.0 0 0.0 1264.394531 37.705078 1343.730469 259.453125 0.0 0.0 0.0 0.0 0.0 0.0 0.0 0.956634
