Person 0.0 0 0.0 1117.148438 0.000000 1145.976562 87.143555 0.0 0.0 0.0 0.0 0.0 0.0 0.0 0.415847
Person 0.0 0 0.0 1463.818359 66.577148 1549.306641 266.967773 0.0 0.0 0.0 0.0 0.0 0.0 0.0 0.528290
Person 0.0 0 0.0 261.152344 0.000000 306.035156 109.588623 0.0 0.0 0.0 0.0 0.0 0.0 0.0 0.685107
Person 0.0 0 0.0 350.170898 0.000000 397.954102 83.551025 0.0 0.0 0.0 0.0 0.0 0.0 0.0 0.703346
Person 0.0 0 0.0 66.796875 0.000000 108.632812 100.854492 0.0 0.0 0.0 0.0 0.0 0.0 0.0 0.785966
Person 0.0 0 0.0 106.127930 0.000000 143.481445 102.502441 0.0 0.0 0.0 0.0 0.0 0.0 0.0 0.842863
Person 0.0 0 0.0 1194.843750 492.011719 1388.906250 861.152344 0.0 0.0 0.0 0.0 0.0 0.0 0.0 0.859192
Person 0.0 0 0.0 184.570312 0.065918 233.085938 132.363281 0.0 0.0 0.0 0.0 0.0 0.0 0.0 0.881615
Person 0.0 0 0.0 1072.382812 447.187500 1269.492188 814.218750 0.0 0.0 0.0 0.0 0.0 0.0 0.0 0.917006
Person 0.0 0 0.0 1398.369141 74.948730 1466.630859 241.457520 0.0 0.0 0.0 0.0 0.0 0.0 0.0 0.926570
Person 0.0 0 0.0 325.546875 76.333008 423.984375 410.668945 0.0 0.0 0.0 0.0 0.0 0.0 0.0 0.928149
Person 0.0 0 0.0 438.837891 112.851562 543.662109 432.421875 0.0 0.0 0.0 0.0 0.0 0.0 0.0 0.928926
Person 0.0 0 0.0 1068.574219 280.151367 1209.550781 662.739258 0.0 0.0 0.0 0.0 0.0 0.0 0.0 0.931711
Person 0.0 0 0.0 1047.539062 0.000000 1121.835938 189.316406 0.0 0.0 0.0 0.0 0.0 0.0 0.0 0.934395
Person 0.0 0 0.0 774.082031 200.654297 872.167969 551.337891 0.0 0.0 0.0 0.0 0.0 0.0 0.0 0.943556
Person 0.0 0 0.0 1138.945312 0.988770 1217.929688 223.527832 0.0 0.0 0.0 0.0 0.0 0.0 0.0 0.958226
Person 0.0 0 0.0 919.921875 159.521484 1035.703125 502.822266 0.0 0.0 0.0 0.0 0.0 0.0 0.0 0.959154
Person 0.0 0 0.0 1244.824219 159.916992 1359.550781 447.055664 0.0 0.0 0.0 0.0 0.0 0.0 0.0 0.960063
Person 0.0 0 0.0 860.419922 111.533203 957.392578 417.392578 0.0 0.0 0.0 0.0 0.0 0.0 0.0 0.965381
Person 0.0 0 0.0 1216.523438 46.142578 1290.351562 256.289062 0.0 0.0 0.0 0.0 0.0 0.0 0.0 0.965900
