Person 0.0 0 0.0 1030.488281 286.083984 1157.636719 684.228516 0.0 0.0 0.0 0.0 0.0 0.0 0.0 0.350421
Person 0.0 0 0.0 433.798828 38.100586 520.576172 182.460938 0.0 0.0 0.0 0.0 0.0 0.0 0.0 0.391406
Person 0.0 0 0.0 1032.714844 287.138672 1161.035156 543.955078 0.0 0.0 0.0 0.0 0.0 0.0 0.0 0.401688
Person 0.0 0 0.0 1284.755859 64.006348 1349.619141 294.851074 0.0 0.0 0.0 0.0 0.0 0.0 0.0 0.417746
Person 0.0 0 0.0 1116.987305 0.000000 1148.012695 70.631104 0.0 0.0 0.0 0.0 0.0 0.0 0.0 0.421552
Person 0.0 0 0.0 1497.568359 100.656738 1592.431641 275.866699 0.0 0.0 0.0 0.0 0.0 0.0 0.0 0.426322
Person 0.0 0 0.0 1465.458984 64.335938 1540.166016 229.658203 0.0 0.0 0.0 0.0 0.0 0.0 0.0 0.477554
Person 0.0 0 0.0 272.695312 0.032959 318.867188 107.083740 0.0 0.0 0.0 0.0 0.0 0.0 0.0 0.503906
Person 0.0 0 0.0 475.751953 0.000000 520.810547 127.056885 0.0 0.0 0.0 0.0 0.0 0.0 0.0 0.607663
Person 0.0 0 0.0 348.588867 0.000000 389.692383 113.444824 0.0 0.0 0.0 0.0 0.0 0.0 0.0 0.646906
Person 0.0 0 0.0 190.312500 0.000000 239.765625 132.198486 0.0 0.0 0.0 0.0 0.0 0.0 0.0 0.720172
Person 0.0 0 0.0 1373.085938 187.207031 1495.664062 449.824219 0.0 0.0 0.0 0.0 0.0 0.0 0.0 0.870597
Person 0.0 0 0.0 39.257812 31.442871 101.718750 212.189941 0.0 0.0 0.0 0.0 0.0 0.0 0.0 0.880797
Person 0.0 0 0.0 972.363281 417.788086 1123.886719 816.196289 0.0 0.0 0.0 0.0 0.0 0.0 0.0 0.885632
Person 0.0 0 0.0 1398.076172 76.860352 1465.048828 244.028320 0.0 0.0 0.0 0.0 0.0 0.0 0.0 0.923592
Person 0.0 0 0.0 438.164062 102.436523 543.398438 429.653320 0.0 0.0 0.0 0.0 0.0 0.0 0.0 0.929696
Person 0.0 0 0.0 357.216797 66.049805 445.751953 394.057617 0.0 0.0 0.0 0.0 0.0 0.0 0.0 0.939692
Person 0.0 0 0.0 1192.324219 122.805176 1325.800781 392.145996 0.0 0.0 0.0 0.0 0.0 0.0 0.0 0.941007
Person 0.0 0 0.0 1059.023438 68.356934 1134.726562 332.687988 0.0 0.0 0.0 0.0 0.0 0.0 0.0 0.948728
Person 0.0 0 0.0 1296.767578 109.226074 1399.482422 344.289551 0.0 0.0 0.0 0.0 0.0 0.0 0.0 0.972204
