Person 0.0 0 0.0 1046.220703 92.351074 1119.404297 361.955566 0.0 0.0 0.0 0.0 0.0 0.0 0.0 0.335895
Person 0.0 0 0.0 1046.513672 92.087402 1119.111328 275.207520 0.0 0.0 0.0 0.0 0.0 0.0 0.0 0.352202
Person 0.0 0 0.0 1494.169922 102.832031 1592.080078 274.746094 0.0 0.0 0.0 0.0 0.0 0.0 0.0 0.423458
Person 0.0 0 0.0 1464.521484 82.792969 1531.728516 256.816406 0.0 0.0 0.0 0.0 0.0 0.0 0.0 0.434941
Person 0.0 0 0.0 1109.311523 0.000000 1148.188477 86.846924 0.0 0.0 0.0 0.0 0.0 0.0 0.0 0.451327
Person 0.0 0 0.0 1443.471680 64.665527 1500.278320 213.508301 0.0 0.0 0.0 0.0 0.0 0.0 0.0 0.630685
Person 0.0 0 0.0 1206.884766 1.647949 1284.990234 179.494629 0.0 0.0 0.0 0.0 0.0 0.0 0.0 0.643329
Person 0.0 0 0.0 1069.716797 128.012695 1170.908203 441.518555 0.0 0.0 0.0 0.0 0.0 0.0 0.0 0.688468
Person 0.0 0 0.0 226.347656 0.000000 268.183594 115.686035 0.0 0.0 0.0 0.0 0.0 0.0 0.0 0.785309
Person 0.0 0 0.0 149.340820 4.152832 194.721680 161.169434 0.0 0.0 0.0 0.0 0.0 0.0 0.0 0.814053
Person 0.0 0 0.0 1015.869141 174.155273 1127.255859 520.883789 0.0 0.0 0.0 0.0 0.0 0.0 0.0 0.815820
Person 0.0 0 0.0 1154.326172 317.065430 1258.798828 661.684570 0.0 0.0 0.0 0.0 0.0 0.0 0.0 0.829492
Person 0.0 0 0.0 259.335938 37.309570 349.570312 326.821289 0.0 0.0 0.0 0.0 0.0 0.0 0.0 0.906983
Person 0.0 0 0.0 466.289062 19.313965 530.273438 232.888184 0.0 0.0 0.0 0.0 0.0 0.0 0.0 0.924142
Person 0.0 0 0.0 1074.199219 422.534180 1258.300781 814.614258 0.0 0.0 0.0 0.0 0.0 0.0 0.0 0.933915
Person 0.0 0 0.0 696.796875 151.743164 782.578125 501.108398 0.0 0.0 0.0 0.0 0.0 0.0 0.0 0.934155
Person 0.0 0 0.0 1267.675781 18.786621 1346.074219 205.729980 0.0 0.0 0.0 0.0 0.0 0.0 0.0 0.939692
Person 0.0 0 0.0 1311.181641 91.757812 1426.318359 311.923828 0.0 0.0 0.0 0.0 0.0 0.0 0.0 0.954647
Person 0.0 0 0.0 1188.164062 16.940918 1299.960938 228.405762 0.0 0.0 0.0 0.0 0.0 0.0 0.0 0.956796
Person 0.0 0 0.0 1290.146484 45.878906 1379.853516 262.617188 0.0 0.0 0.0 0.0 0.0 0.0 0.0 0.958693
