Person 0.0 0 0.0 344.208984 0.000000 379.072266 73.861084 0.0 0.0 0.0 0.0 0.0 0.0 0.0 0.462959
Person 0.0 0 0.0 441.166992 4.383545 472.426758 104.117432 0.0 0.0 0.0 0.0 0.0 0.0 0.0 0.524395
Person 0.0 0 0.0 211.245117 0.000000 252.817383 92.351074 0.0 0.0 0.0 0.0 0.0 0.0 0.0 0.533154
Person 0.0 0 0.0 320.126953 0.395508 354.404297 75.937500 0.0 0.0 0.0 0.0 0.0 0.0 0.0 0.559290
Person 0.0 0 0.0 1243.886719 48.383789 1311.738281 252.465820 0.0 0.0 0.0 0.0 0.0 0.0 0.0 0.613237
Person 0.0 0 0.0 274.145508 0.000000 320.229492 105.732422 0.0 0.0 0.0 0.0 0.0 0.0 0.0 0.657538
Person 0.0 0 0.0 402.949219 17.863770 452.988281 139.284668 0.0 0.0 0.0 0.0 0.0 0.0 0.0 0.771155
Person 0.0 0 0.0 1040.742188 301.640625 1226.132812 693.984375 0.0 0.0 0.0 0.0 0.0 0.0 0.0 0.836555
Person 0.0 0 0.0 1463.525391 62.622070 1540.224609 255.893555 0.0 0.0 0.0 0.0 0.0 0.0 0.0 0.843380
Person 0.0 0 0.0 467.094727 0.000000 526.655273 116.839600 0.0 0.0 0.0 0.0 0.0 0.0 0.0 0.868381
Person 0.0 0 0.0 184.497070 0.329590 239.721680 132.561035 0.0 0.0 0.0 0.0 0.0 0.0 0.0 0.874077
Person 0.0 0 0.0 1084.306641 105.336914 1188.193359 375.600586 0.0 0.0 0.0 0.0 0.0 0.0 0.0 0.901575
Person 0.0 0 0.0 70.795898 23.664551 129.360352 196.105957 0.0 0.0 0.0 0.0 0.0 0.0 0.0 0.902610
Person 0.0 0 0.0 1036.464844 434.003906 1207.910156 816.855469 0.0 0.0 0.0 0.0 0.0 0.0 0.0 0.920504
Person 0.0 0 0.0 1203.808594 57.612305 1276.816406 281.206055 0.0 0.0 0.0 0.0 0.0 0.0 0.0 0.936052
Person 0.0 0 0.0 444.580078 99.931641 545.419922 430.576172 0.0 0.0 0.0 0.0 0.0 0.0 0.0 0.951323
Person 0.0 0 0.0 1397.724609 76.728516 1467.275391 241.787109 0.0 0.0 0.0 0.0 0.0 0.0 0.0 0.952397
Person 0.0 0 0.0 356.455078 70.004883 448.388672 393.793945 0.0 0.0 0.0 0.0 0.0 0.0 0.0 0.952574
Person 0.0 0 0.0 971.367188 143.701172 1072.382812 468.544922 0.0 0.0 0.0 0.0 0.0 0.0 0.0 0.953966
Person 0.0 0 0.0 891.445312 111.137695 979.804688 427.543945 0.0 0.0 0.0 0.0 0.0 0.0 0.0 0.959001
