Person 0.0 0 0.0 473.247070 0.000000 517.690430 74.948730 0.0 0.0 0.0 0.0 0.0 0.0 0.0 0.324235
Person 0.0 0 0.0 1315.473633 62.655029 1367.651367 148.018799 0.0 0.0 0.0 0.0 0.0 0.0 0.0 0.410165
Person 0.0 0 0.0 1110.571289 0.032959 1146.928711 86.846924 0.0 0.0 0.0 0.0 0.0 0.0 0.0 0.424412
Person 0.0 0 0.0 1046.572266 19.379883 1079.677734 180.483398 0.0 0.0 0.0 0.0 0.0 0.0 0.0 0.441673
Person 0.0 0 0.0 223.505859 0.000000 269.150391 87.637939 0.0 0.0 0.0 0.0 0.0 0.0 0.0 0.532182
Person 0.0 0 0.0 269.267578 0.131836 319.482422 107.578125 0.0 0.0 0.0 0.0 0.0 0.0 0.0 0.627951
Person 0.0 0 0.0 419.619141 0.000000 473.818359 130.616455 0.0 0.0 0.0 0.0 0.0 0.0 0.0 0.629775
Person 0.0 0 0.0 1464.052734 64.335938 1541.572266 256.025391 0.0 0.0 0.0 0.0 0.0 0.0 0.0 0.728748
Person 0.0 0 0.0 1251.767578 86.154785 1350.732422 307.243652 0.0 0.0 0.0 0.0 0.0 0.0 0.0 0.762070
Person 0.0 0 0.0 186.005859 0.263672 232.353516 128.342285 0.0 0.0 0.0 0.0 0.0 0.0 0.0 0.818737
Person 0.0 0 0.0 1046.777344 291.752930 1163.847656 680.668945 0.0 0.0 0.0 0.0 0.0 0.0 0.0 0.867934
Person 0.0 0 0.0 52.822266 77.124023 135.146484 290.698242 0.0 0.0 0.0 0.0 0.0 0.0 0.0 0.920790
Person 0.0 0 0.0 883.798828 119.443359 961.201172 426.357422 0.0 0.0 0.0 0.0 0.0 0.0 0.0 0.928409
Person 0.0 0 0.0 1396.406250 74.948730 1466.718750 241.721191 0.0 0.0 0.0 0.0 0.0 0.0 0.0 0.935110
Person 0.0 0 0.0 442.236328 105.996094 542.138672 425.302734 0.0 0.0 0.0 0.0 0.0 0.0 0.0 0.951323
Person 0.0 0 0.0 472.617188 40.209961 543.632812 293.598633 0.0 0.0 0.0 0.0 0.0 0.0 0.0 0.952574
Person 0.0 0 0.0 978.574219 418.579102 1134.550781 819.624023 0.0 0.0 0.0 0.0 0.0 0.0 0.0 0.957278
Person 0.0 0 0.0 355.371094 67.500000 447.597656 394.453125 0.0 0.0 0.0 0.0 0.0 0.0 0.0 0.961965
Person 0.0 0 0.0 979.921875 140.405273 1103.203125 453.911133 0.0 0.0 0.0 0.0 0.0 0.0 0.0 0.962533
