Person 0.0 0 0.0 1051.757812 94.262695 1119.492188 367.690430 0.0 0.0 0.0 0.0 0.0 0.0 0.0 0.397938
Person 0.0 0 0.0 1055.815430 5.174561 1085.434570 125.343018 0.0 0.0 0.0 0.0 0.0 0.0 0.0 0.411111
Person 0.0 0 0.0 1111.406250 0.000000 1147.968750 86.781006 0.0 0.0 0.0 0.0 0.0 0.0 0.0 0.428233
Person 0.0 0 0.0 218.657227 0.263672 259.936523 90.834961 0.0 0.0 0.0 0.0 0.0 0.0 0.0 0.444565
Person 0.0 0 0.0 120.190430 0.000000 151.684570 98.514404 0.0 0.0 0.0 0.0 0.0 0.0 0.0 0.461017
Person 0.0 0 0.0 353.598633 0.000000 407.182617 79.991455 0.0 0.0 0.0 0.0 0.0 0.0 0.0 0.487307
Person 0.0 0 0.0 442.880859 23.334961 520.869141 285.952148 0.0 0.0 0.0 0.0 0.0 0.0 0.0 0.492188
Person 0.0 0 0.0 461.835938 0.000000 522.539062 114.433594 0.0 0.0 0.0 0.0 0.0 0.0 0.0 0.498047
Person 0.0 0 0.0 429.770508 3.526611 466.479492 130.089111 0.0 0.0 0.0 0.0 0.0 0.0 0.0 0.523420
Person 0.0 0 0.0 1011.445312 94.262695 1120.429688 381.928711 0.0 0.0 0.0 0.0 0.0 0.0 0.0 0.543832
Person 0.0 0 0.0 1463.613281 61.567383 1542.011719 252.202148 0.0 0.0 0.0 0.0 0.0 0.0 0.0 0.600188
Person 0.0 0 0.0 181.362305 0.000000 236.997070 131.011963 0.0 0.0 0.0 0.0 0.0 0.0 0.0 0.798187
Person 0.0 0 0.0 1040.390625 267.495117 1280.859375 685.415039 0.0 0.0 0.0 0.0 0.0 0.0 0.0 0.874935
Person 0.0 0 0.0 142.968750 10.810547 202.968750 180.351562 0.0 0.0 0.0 0.0 0.0 0.0 0.0 0.881615
Person 0.0 0 0.0 1036.640625 432.949219 1209.609375 816.855469 0.0 0.0 0.0 0.0 0.0 0.0 0.0 0.886420
Person 0.0 0 0.0 969.873047 148.447266 1072.001953 469.072266 0.0 0.0 0.0 0.0 0.0 0.0 0.0 0.907640
Person 0.0 0 0.0 1204.687500 48.977051 1313.437500 280.876465 0.0 0.0 0.0 0.0 0.0 0.0 0.0 0.948155
Person 0.0 0 0.0 891.679688 110.610352 979.570312 427.280273 0.0 0.0 0.0 0.0 0.0 0.0 0.0 0.948728
Person 0.0 0 0.0 435.000000 100.590820 543.750000 429.916992 0.0 0.0 0.0 0.0 0.0 0.0 0.0 0.951684
Person 0.0 0 0.0 350.595703 67.895508 444.404297 392.739258 0.0 0.0 0.0 0.0 0.0 0.0 0.0 0.959762
