Person 0.0 0 0.0 1294.130859 27.224121 1362.744141 196.896973 0.0 0.0 0.0 0.0 0.0 0.0 0.0 0.334155
Person 0.0 0 0.0 1171.142578 229.592285 1270.107422 433.278809 0.0 0.0 0.0 0.0 0.0 0.0 0.0 0.437824
Person 0.0 0 0.0 1491.621094 81.342773 1581.503906 274.614258 0.0 0.0 0.0 0.0 0.0 0.0 0.0 0.459076
Person 0.0 0 0.0 1543.388672 64.665527 1584.111328 205.070801 0.0 0.0 0.0 0.0 0.0 0.0 0.0 0.469763
Person 0.0 0 0.0 1110.571289 0.000000 1146.928711 88.461914 0.0 0.0 0.0 0.0 0.0 0.0 0.0 0.488283
Person 0.0 0 0.0 1288.359375 27.487793 1362.890625 205.334473 0.0 0.0 0.0 0.0 0.0 0.0 0.0 0.492188
Person 0.0 0 0.0 1435.195312 63.610840 1495.429688 211.662598 0.0 0.0 0.0 0.0 0.0 0.0 0.0 0.529263
Person 0.0 0 0.0 0.468750 214.760742 86.601562 540.922852 0.0 0.0 0.0 0.0 0.0 0.0 0.0 0.572723
Person 0.0 0 0.0 110.961914 16.940918 163.022461 156.950684 0.0 0.0 0.0 0.0 0.0 0.0 0.0 0.653127
Person 0.0 0 0.0 1073.320312 346.464844 1223.554688 695.566406 0.0 0.0 0.0 0.0 0.0 0.0 0.0 0.742422
Person 0.0 0 0.0 239.912109 0.000000 285.556641 111.302490 0.0 0.0 0.0 0.0 0.0 0.0 0.0 0.764188
Person 0.0 0 0.0 1050.834961 0.263672 1097.915039 155.170898 0.0 0.0 0.0 0.0 0.0 0.0 0.0 0.822189
Person 0.0 0 0.0 172.236328 0.000000 221.982422 135.725098 0.0 0.0 0.0 0.0 0.0 0.0 0.0 0.886027
Person 0.0 0 0.0 1074.667969 427.675781 1278.457031 814.746094 0.0 0.0 0.0 0.0 0.0 0.0 0.0 0.900879
Person 0.0 0 0.0 470.097656 61.435547 553.652344 364.130859 0.0 0.0 0.0 0.0 0.0 0.0 0.0 0.914901
Person 0.0 0 0.0 931.318359 102.172852 1026.181641 399.594727 0.0 0.0 0.0 0.0 0.0 0.0 0.0 0.928409
Person 0.0 0 0.0 1013.144531 153.061523 1137.480469 462.875977 0.0 0.0 0.0 0.0 0.0 0.0 0.0 0.944587
Person 0.0 0 0.0 1272.041016 58.666992 1367.958984 261.430664 0.0 0.0 0.0 0.0 0.0 0.0 0.0 0.958226
Person 0.0 0 0.0 1296.767578 102.304688 1397.607422 335.390625 0.0 0.0 0.0 0.0 0.0 0.0 0.0 0.962250
Person 0.0 0 0.0 1154.824219 29.465332 1247.050781 264.001465 0.0 0.0 0.0 0.0 0.0 0.0 0.0 0.971992
