Person 0.0 0 0.0 483.076172 0.000000 524.736328 80.288086 0.0 0.0 0.0 0.0 0.0 0.0 0.0 0.375706
Person 0.0 0 0.0 1110.424805 0.000000 1147.075195 86.385498 0.0 0.0 0.0 0.0 0.0 0.0 0.0 0.436862
Person 0.0 0 0.0 225.278320 0.000000 269.721680 87.374268 0.0 0.0 0.0 0.0 0.0 0.0 0.0 0.471710
Person 0.0 0 0.0 1313.452148 59.227295 1364.047852 148.546143 0.0 0.0 0.0 0.0 0.0 0.0 0.0 0.478529
Person 0.0 0 0.0 531.459961 0.000000 578.540039 142.119141 0.0 0.0 0.0 0.0 0.0 0.0 0.0 0.543832
Person 0.0 0 0.0 272.255859 0.000000 317.900391 109.291992 0.0 0.0 0.0 0.0 0.0 0.0 0.0 0.689306
Person 0.0 0 0.0 426.767578 0.000000 481.669922 130.352783 0.0 0.0 0.0 0.0 0.0 0.0 0.0 0.713032
Person 0.0 0 0.0 185.039062 0.263672 231.914062 128.342285 0.0 0.0 0.0 0.0 0.0 0.0 0.0 0.748352
Person 0.0 0 0.0 1463.964844 63.479004 1539.785156 255.827637 0.0 0.0 0.0 0.0 0.0 0.0 0.0 0.800068
Person 0.0 0 0.0 1252.851562 86.945801 1349.648438 307.507324 0.0 0.0 0.0 0.0 0.0 0.0 0.0 0.819893
Person 0.0 0 0.0 1048.125000 291.752930 1166.250000 676.450195 0.0 0.0 0.0 0.0 0.0 0.0 0.0 0.837088
Person 0.0 0 0.0 882.216797 119.707031 961.845703 426.093750 0.0 0.0 0.0 0.0 0.0 0.0 0.0 0.915205
Person 0.0 0 0.0 469.775391 39.287109 546.474609 291.357422 0.0 0.0 0.0 0.0 0.0 0.0 0.0 0.922203
Person 0.0 0 0.0 1025.917969 131.176758 1124.707031 451.010742 0.0 0.0 0.0 0.0 0.0 0.0 0.0 0.928926
Person 0.0 0 0.0 977.578125 419.765625 1148.671875 819.492188 0.0 0.0 0.0 0.0 0.0 0.0 0.0 0.939025
Person 0.0 0 0.0 1396.845703 75.410156 1466.279297 241.787109 0.0 0.0 0.0 0.0 0.0 0.0 0.0 0.940790
Person 0.0 0 0.0 10.751953 68.554688 87.978516 268.417969 0.0 0.0 0.0 0.0 0.0 0.0 0.0 0.941868
Person 0.0 0 0.0 445.283203 105.732422 541.904297 425.302734 0.0 0.0 0.0 0.0 0.0 0.0 0.0 0.953101
Person 0.0 0 0.0 355.429688 68.027344 450.820312 394.980469 0.0 0.0 0.0 0.0 0.0 0.0 0.0 0.954647
