Person 0.0 0 0.0 1112.490234 0.000000 1146.884766 86.781006 0.0 0.0 0.0 0.0 0.0 0.0 0.0 0.510741
Person 0.0 0 0.0 1169.340820 0.032959 1226.909180 103.721924 0.0 0.0 0.0 0.0 0.0 0.0 0.0 0.514644
Person 0.0 0 0.0 385.078125 0.065918 436.640625 101.250000 0.0 0.0 0.0 0.0 0.0 0.0 0.0 0.563138
Person 0.0 0 0.0 143.686523 0.000000 183.032227 87.374268 0.0 0.0 0.0 0.0 0.0 0.0 0.0 0.624294
Person 0.0 0 0.0 792.333984 168.618164 879.228516 525.366211 0.0 0.0 0.0 0.0 0.0 0.0 0.0 0.697609
Person 0.0 0 0.0 257.314453 0.000000 305.185547 108.632812 0.0 0.0 0.0 0.0 0.0 0.0 0.0 0.704160
Person 0.0 0 0.0 103.989258 0.164795 147.026367 111.829834 0.0 0.0 0.0 0.0 0.0 0.0 0.0 0.708213
Person 0.0 0 0.0 1463.759766 63.742676 1539.990234 253.454590 0.0 0.0 0.0 0.0 0.0 0.0 0.0 0.739422
Person 0.0 0 0.0 183.867188 0.000000 233.789062 132.297363 0.0 0.0 0.0 0.0 0.0 0.0 0.0 0.828939
Person 0.0 0 0.0 1243.066406 475.532227 1434.433594 850.209961 0.0 0.0 0.0 0.0 0.0 0.0 0.0 0.888372
Person 0.0 0 0.0 735.761719 251.279297 873.925781 663.662109 0.0 0.0 0.0 0.0 0.0 0.0 0.0 0.889144
Person 0.0 0 0.0 1077.539062 431.367188 1249.335938 814.218750 0.0 0.0 0.0 0.0 0.0 0.0 0.0 0.892563
Person 0.0 0 0.0 327.597656 78.178711 424.746094 410.668945 0.0 0.0 0.0 0.0 0.0 0.0 0.0 0.924688
Person 0.0 0 0.0 1068.925781 279.360352 1218.574219 660.893555 0.0 0.0 0.0 0.0 0.0 0.0 0.0 0.927100
Person 0.0 0 0.0 1397.871094 74.355469 1467.128906 242.050781 0.0 0.0 0.0 0.0 0.0 0.0 0.0 0.937897
Person 0.0 0 0.0 429.814453 114.829102 534.873047 422.797852 0.0 0.0 0.0 0.0 0.0 0.0 0.0 0.940353
Person 0.0 0 0.0 1044.697266 0.000000 1117.177734 201.247559 0.0 0.0 0.0 0.0 0.0 0.0 0.0 0.941868
Person 0.0 0 0.0 1147.558594 21.752930 1216.816406 236.645508 0.0 0.0 0.0 0.0 0.0 0.0 0.0 0.943764
Person 0.0 0 0.0 874.892578 118.520508 973.857422 427.807617 0.0 0.0 0.0 0.0 0.0 0.0 0.0 0.954137
Person 0.0 0 0.0 951.445312 151.215820 1045.429688 473.159180 0.0 0.0 0.0 0.0 0.0 0.0 0.0 0.961098
