Person 0.0 0 0.0 326.953125 0.000000 363.515625 84.243164 0.0 0.0 0.0 0.0 0.0 0.0 0.0 0.380299
Person 0.0 0 0.0 1502.343750 100.063477 1591.406250 241.127930 0.0 0.0 0.0 0.0 0.0 0.0 0.0 0.383064
Person 0.0 0 0.0 1317.011719 82.199707 1384.863281 236.843262 0.0 0.0 0.0 0.0 0.0 0.0 0.0 0.423458
Person 0.0 0 0.0 278.041992 0.000000 318.208008 106.589355 0.0 0.0 0.0 0.0 0.0 0.0 0.0 0.498047
Person 0.0 0 0.0 1112.387695 0.000000 1146.987305 84.111328 0.0 0.0 0.0 0.0 0.0 0.0 0.0 0.503906
Person 0.0 0 0.0 448.359375 0.000000 522.890625 140.932617 0.0 0.0 0.0 0.0 0.0 0.0 0.0 0.537041
Person 0.0 0 0.0 432.128906 33.815918 520.839844 288.918457 0.0 0.0 0.0 0.0 0.0 0.0 0.0 0.662796
Person 0.0 0 0.0 193.842773 0.197754 240.922852 132.956543 0.0 0.0 0.0 0.0 0.0 0.0 0.0 0.695131
Person 0.0 0 0.0 360.146484 0.000000 411.416016 113.642578 0.0 0.0 0.0 0.0 0.0 0.0 0.0 0.757077
Person 0.0 0 0.0 983.613281 306.254883 1137.011719 676.713867 0.0 0.0 0.0 0.0 0.0 0.0 0.0 0.783988
Person 0.0 0 0.0 1436.777344 206.850586 1566.972656 456.020508 0.0 0.0 0.0 0.0 0.0 0.0 0.0 0.841305
Person 0.0 0 0.0 1463.818359 64.599609 1541.806641 250.224609 0.0 0.0 0.0 0.0 0.0 0.0 0.0 0.901575
Person 0.0 0 0.0 53.496094 21.423340 104.472656 192.678223 0.0 0.0 0.0 0.0 0.0 0.0 0.0 0.907640
Person 0.0 0 0.0 973.710938 417.656250 1135.664062 816.328125 0.0 0.0 0.0 0.0 0.0 0.0 0.0 0.941439
Person 0.0 0 0.0 433.886719 104.018555 544.863281 430.180664 0.0 0.0 0.0 0.0 0.0 0.0 0.0 0.952042
Person 0.0 0 0.0 358.886719 66.313477 445.488281 392.739258 0.0 0.0 0.0 0.0 0.0 0.0 0.0 0.952220
Person 0.0 0 0.0 1397.490234 75.212402 1465.634766 241.721191 0.0 0.0 0.0 0.0 0.0 0.0 0.0 0.952926
Person 0.0 0 0.0 1295.156250 114.301758 1399.218750 345.805664 0.0 0.0 0.0 0.0 0.0 0.0 0.0 0.964187
Person 0.0 0 0.0 1218.662109 116.542969 1321.962891 391.025391 0.0 0.0 0.0 0.0 0.0 0.0 0.0 0.969785
Person 0.0 0 0.0 1089.609375 55.107422 1173.515625 306.386719 0.0 0.0 0.0 0.0 0.0 0.0 0.0 0.970240
