Person 0.0 0 0.0 301.157227 0.000000 342.905273 64.764404 0.0 0.0 0.0 0.0 0.0 0.0 0.0 0.470737
Person 0.0 0 0.0 204.741211 0.000000 253.461914 94.295654 0.0 0.0 0.0 0.0 0.0 0.0 0.0 0.606731
Person 0.0 0 0.0 1058.759766 0.000000 1097.490234 113.148193 0.0 0.0 0.0 0.0 0.0 0.0 0.0 0.617859
Person 0.0 0 0.0 258.530273 0.000000 311.000977 108.731689 0.0 0.0 0.0 0.0 0.0 0.0 0.0 0.722527
Person 0.0 0 0.0 105.424805 0.098877 145.590820 96.207275 0.0 0.0 0.0 0.0 0.0 0.0 0.0 0.762070
Person 0.0 0 0.0 176.147461 0.362549 229.321289 134.505615 0.0 0.0 0.0 0.0 0.0 0.0 0.0 0.803174
Person 0.0 0 0.0 470.346680 0.000000 523.403320 121.223145 0.0 0.0 0.0 0.0 0.0 0.0 0.0 0.813461
Person 0.0 0 0.0 1463.320312 63.215332 1540.429688 253.190918 0.0 0.0 0.0 0.0 0.0 0.0 0.0 0.816406
Person 0.0 0 0.0 403.857422 23.334961 470.830078 140.800781 0.0 0.0 0.0 0.0 0.0 0.0 0.0 0.838680
Person 0.0 0 0.0 35.156250 30.651855 83.320312 199.401855 0.0 0.0 0.0 0.0 0.0 0.0 0.0 0.901921
Person 0.0 0 0.0 1035.996094 438.750000 1206.503906 816.328125 0.0 0.0 0.0 0.0 0.0 0.0 0.0 0.916110
Person 0.0 0 0.0 1033.300781 307.309570 1184.824219 681.987305 0.0 0.0 0.0 0.0 0.0 0.0 0.0 0.929951
Person 0.0 0 0.0 1241.777344 91.428223 1319.472656 330.974121 0.0 0.0 0.0 0.0 0.0 0.0 0.0 0.945601
Person 0.0 0 0.0 358.476562 71.191406 453.867188 396.562500 0.0 0.0 0.0 0.0 0.0 0.0 0.0 0.954137
Person 0.0 0 0.0 1219.086914 24.323730 1276.538086 225.241699 0.0 0.0 0.0 0.0 0.0 0.0 0.0 0.959154
Person 0.0 0 0.0 1397.812500 74.553223 1465.312500 241.853027 0.0 0.0 0.0 0.0 0.0 0.0 0.0 0.959913
Person 0.0 0 0.0 971.132812 143.964844 1068.867188 469.863281 0.0 0.0 0.0 0.0 0.0 0.0 0.0 0.960212
Person 0.0 0 0.0 448.652344 105.205078 545.097656 430.839844 0.0 0.0 0.0 0.0 0.0 0.0 0.0 0.961389
Person 0.0 0 0.0 891.503906 111.005859 979.746094 427.412109 0.0 0.0 0.0 0.0 0.0 0.0 0.0 0.963231
Person 0.0 0 0.0 1139.619141 107.512207 1222.880859 366.569824 0.0 0.0 0.0 0.0 0.0 0.0 0.0 0.968381
