Person 0.0 0 0.0 1141.464844 320.097656 1267.910156 598.007812 0.0 0.0 0.0 0.0 0.0 0.0 0.0 0.342022
Person 0.0 0 0.0 269.223633 0.000000 293.745117 80.749512 0.0 0.0 0.0 0.0 0.0 0.0 0.0 0.346873
Person 0.0 0 0.0 1140.175781 320.427246 1267.324219 521.213379 0.0 0.0 0.0 0.0 0.0 0.0 0.0 0.368406
Person 0.0 0 0.0 1139.472656 320.229492 1266.152344 669.067383 0.0 0.0 0.0 0.0 0.0 0.0 0.0 0.406391
Person 0.0 0 0.0 1113.486328 0.000000 1147.763672 87.242432 0.0 0.0 0.0 0.0 0.0 0.0 0.0 0.423458
Person 0.0 0 0.0 1444.365234 69.411621 1508.759766 214.299316 0.0 0.0 0.0 0.0 0.0 0.0 0.0 0.461988
Person 0.0 0 0.0 0.498047 231.635742 87.392578 533.540039 0.0 0.0 0.0 0.0 0.0 0.0 0.0 0.571767
Person 0.0 0 0.0 107.563477 11.865234 149.077148 150.161133 0.0 0.0 0.0 0.0 0.0 0.0 0.0 0.781331
Person 0.0 0 0.0 229.526367 0.000000 274.848633 111.500244 0.0 0.0 0.0 0.0 0.0 0.0 0.0 0.796925
Person 0.0 0 0.0 174.243164 0.593262 226.303711 134.538574 0.0 0.0 0.0 0.0 0.0 0.0 0.0 0.922203
Person 0.0 0 0.0 1017.246094 147.524414 1137.128906 461.557617 0.0 0.0 0.0 0.0 0.0 0.0 0.0 0.931960
Person 0.0 0 0.0 930.498047 102.041016 1010.126953 399.726562 0.0 0.0 0.0 0.0 0.0 0.0 0.0 0.934872
Person 0.0 0 0.0 1072.382812 409.086914 1254.492188 814.350586 0.0 0.0 0.0 0.0 0.0 0.0 0.0 0.939025
Person 0.0 0 0.0 1341.650391 108.303223 1425.849609 337.565918 0.0 0.0 0.0 0.0 0.0 0.0 0.0 0.942718
Person 0.0 0 0.0 472.822266 34.870605 539.677734 287.600098 0.0 0.0 0.0 0.0 0.0 0.0 0.0 0.944382
Person 0.0 0 0.0 1222.382812 253.784180 1361.367188 593.657227 0.0 0.0 0.0 0.0 0.0 0.0 0.0 0.945399
Person 0.0 0 0.0 1196.015625 14.040527 1269.609375 194.787598 0.0 0.0 0.0 0.0 0.0 0.0 0.0 0.950778
Person 0.0 0 0.0 1124.648438 0.329590 1196.601562 206.784668 0.0 0.0 0.0 0.0 0.0 0.0 0.0 0.968620
Person 0.0 0 0.0 1253.759766 14.106445 1329.990234 198.808594 0.0 0.0 0.0 0.0 0.0 0.0 0.0 0.975762
Person 0.0 0 0.0 1271.367188 54.580078 1366.757812 269.472656 0.0 0.0 0.0 0.0 0.0 0.0 0.0 0.977371
