Person 0.0 0 0.0 1320.776367 64.830322 1369.848633 173.792725 0.0 0.0 0.0 0.0 0.0 0.0 0.0 0.385837
Person 0.0 0 0.0 1110.629883 0.000000 1146.870117 86.912842 0.0 0.0 0.0 0.0 0.0 0.0 0.0 0.478529
Person 0.0 0 0.0 225.073242 0.000000 266.645508 86.517334 0.0 0.0 0.0 0.0 0.0 0.0 0.0 0.506836
Person 0.0 0 0.0 273.662109 0.000000 304.306641 104.018555 0.0 0.0 0.0 0.0 0.0 0.0 0.0 0.554470
Person 0.0 0 0.0 1252.617188 86.220703 1348.007812 306.914062 0.0 0.0 0.0 0.0 0.0 0.0 0.0 0.587943
Person 0.0 0 0.0 463.652344 0.000000 512.285156 99.602051 0.0 0.0 0.0 0.0 0.0 0.0 0.0 0.627951
Person 0.0 0 0.0 0.175781 0.296631 33.544922 103.656006 0.0 0.0 0.0 0.0 0.0 0.0 0.0 0.707405
Person 0.0 0 0.0 430.209961 1.680908 467.915039 126.925049 0.0 0.0 0.0 0.0 0.0 0.0 0.0 0.749821
Person 0.0 0 0.0 1464.257812 64.138184 1539.492188 256.486816 0.0 0.0 0.0 0.0 0.0 0.0 0.0 0.767690
Person 0.0 0 0.0 185.566406 0.329590 239.355469 130.385742 0.0 0.0 0.0 0.0 0.0 0.0 0.0 0.852445
Person 0.0 0 0.0 1050.307617 1.845703 1096.567383 150.820312 0.0 0.0 0.0 0.0 0.0 0.0 0.0 0.862004
Person 0.0 0 0.0 1051.699219 288.720703 1179.550781 683.701172 0.0 0.0 0.0 0.0 0.0 0.0 0.0 0.872347
Person 0.0 0 0.0 978.515625 421.215820 1128.984375 819.096680 0.0 0.0 0.0 0.0 0.0 0.0 0.0 0.934155
Person 0.0 0 0.0 436.992188 105.336914 544.570312 426.489258 0.0 0.0 0.0 0.0 0.0 0.0 0.0 0.940790
Person 0.0 0 0.0 479.648438 36.716309 553.476562 292.346191 0.0 0.0 0.0 0.0 0.0 0.0 0.0 0.943764
Person 0.0 0 0.0 286.640625 55.239258 372.890625 295.971680 0.0 0.0 0.0 0.0 0.0 0.0 0.0 0.946597
Person 0.0 0 0.0 980.185547 141.723633 1080.439453 466.831055 0.0 0.0 0.0 0.0 0.0 0.0 0.0 0.950041
Person 0.0 0 0.0 885.908203 118.652344 966.591797 426.621094 0.0 0.0 0.0 0.0 0.0 0.0 0.0 0.950960
Person 0.0 0 0.0 360.556641 70.664062 443.818359 394.189453 0.0 0.0 0.0 0.0 0.0 0.0 0.0 0.954137
Person 0.0 0 0.0 1396.933594 74.421387 1468.066406 241.984863 0.0 0.0 0.0 0.0 0.0 0.0 0.0 0.959913
