Person 0.0 0 0.0 483.076172 0.000000 529.423828 63.380127 0.0 0.0 0.0 0.0 0.0 0.0 0.0 0.394201
Person 0.0 0 0.0 424.643555 62.358398 477.700195 324.184570 0.0 0.0 0.0 0.0 0.0 0.0 0.0 0.422505
Person 0.0 0 0.0 1110.527344 0.164795 1146.972656 87.242432 0.0 0.0 0.0 0.0 0.0 0.0 0.0 0.428233
Person 0.0 0 0.0 482.885742 28.806152 539.926758 216.145020 0.0 0.0 0.0 0.0 0.0 0.0 0.0 0.451327
Person 0.0 0 0.0 223.608398 0.131836 269.516602 86.945801 0.0 0.0 0.0 0.0 0.0 0.0 0.0 0.484380
Person 0.0 0 0.0 428.525391 62.358398 493.505859 323.920898 0.0 0.0 0.0 0.0 0.0 0.0 0.0 0.515620
Person 0.0 0 0.0 523.037109 0.000000 564.462891 89.681396 0.0 0.0 0.0 0.0 0.0 0.0 0.0 0.544801
Person 0.0 0 0.0 276.621094 0.000000 318.691406 105.534668 0.0 0.0 0.0 0.0 0.0 0.0 0.0 0.631594
Person 0.0 0 0.0 0.527344 1.417236 31.289062 102.930908 0.0 0.0 0.0 0.0 0.0 0.0 0.0 0.690142
Person 0.0 0 0.0 1464.169922 64.863281 1539.580078 251.542969 0.0 0.0 0.0 0.0 0.0 0.0 0.0 0.716219
Person 0.0 0 0.0 1051.289062 2.241211 1095.585938 150.161133 0.0 0.0 0.0 0.0 0.0 0.0 0.0 0.771843
Person 0.0 0 0.0 1254.404297 89.318848 1349.970703 307.243652 0.0 0.0 0.0 0.0 0.0 0.0 0.0 0.773216
Person 0.0 0 0.0 186.533203 0.296631 239.794922 130.946045 0.0 0.0 0.0 0.0 0.0 0.0 0.0 0.856812
Person 0.0 0 0.0 1060.488281 285.029297 1185.761719 682.646484 0.0 0.0 0.0 0.0 0.0 0.0 0.0 0.893681
Person 0.0 0 0.0 355.605469 70.532227 450.644531 395.375977 0.0 0.0 0.0 0.0 0.0 0.0 0.0 0.921922
Person 0.0 0 0.0 1397.167969 74.619141 1465.957031 241.787109 0.0 0.0 0.0 0.0 0.0 0.0 0.0 0.927363
Person 0.0 0 0.0 886.201172 116.015625 974.736328 426.093750 0.0 0.0 0.0 0.0 0.0 0.0 0.0 0.935110
Person 0.0 0 0.0 978.339844 423.588867 1132.910156 819.887695 0.0 0.0 0.0 0.0 0.0 0.0 0.0 0.936285
Person 0.0 0 0.0 980.712891 143.833008 1085.537109 469.995117 0.0 0.0 0.0 0.0 0.0 0.0 0.0 0.938124
Person 0.0 0 0.0 455.039062 111.005859 545.273438 430.048828 0.0 0.0 0.0 0.0 0.0 0.0 0.0 0.946597
