Person 0.0 0 0.0 1510.649414 57.398071 1568.100586 117.680054 0.0 0.0 0.0 0.0 0.0 0.0 0.0 0.323808
Person 0.0 0 0.0 1095.959473 0.000000 1120.290527 71.949463 0.0 0.0 0.0 0.0 0.0 0.0 0.0 0.327668
Person 0.0 0 0.0 1507.207031 57.117920 1567.792969 190.338135 0.0 0.0 0.0 0.0 0.0 0.0 0.0 0.335895
Person 0.0 0 0.0 1446.782227 64.072266 1498.842773 213.046875 0.0 0.0 0.0 0.0 0.0 0.0 0.0 0.415847
Person 0.0 0 0.0 1271.220703 57.150879 1361.279297 258.728027 0.0 0.0 0.0 0.0 0.0 0.0 0.0 0.435902
Person 0.0 0 0.0 1110.600586 0.164795 1146.899414 88.033447 0.0 0.0 0.0 0.0 0.0 0.0 0.0 0.446495
Person 0.0 0 0.0 110.683594 19.248047 170.800781 160.048828 0.0 0.0 0.0 0.0 0.0 0.0 0.0 0.457137
Person 0.0 0 0.0 210.000000 0.000000 242.343750 79.299316 0.0 0.0 0.0 0.0 0.0 0.0 0.0 0.566978
Person 0.0 0 0.0 1075.722656 319.174805 1251.152344 694.379883 0.0 0.0 0.0 0.0 0.0 0.0 0.0 0.595493
Person 0.0 0 0.0 1278.750000 20.236816 1361.250000 207.839355 0.0 0.0 0.0 0.0 0.0 0.0 0.0 0.671471
Person 0.0 0 0.0 1392.539062 63.413086 1466.835938 237.963867 0.0 0.0 0.0 0.0 0.0 0.0 0.0 0.790530
Person 0.0 0 0.0 236.542969 0.000000 286.582031 111.203613 0.0 0.0 0.0 0.0 0.0 0.0 0.0 0.845942
Person 0.0 0 0.0 172.192383 0.527344 222.026367 136.582031 0.0 0.0 0.0 0.0 0.0 0.0 0.0 0.885632
Person 0.0 0 0.0 1216.054688 236.118164 1326.445312 540.659180 0.0 0.0 0.0 0.0 0.0 0.0 0.0 0.904651
Person 0.0 0 0.0 1017.656250 146.601562 1168.593750 460.898438 0.0 0.0 0.0 0.0 0.0 0.0 0.0 0.937211
Person 0.0 0 0.0 484.511719 48.120117 576.738281 329.458008 0.0 0.0 0.0 0.0 0.0 0.0 0.0 0.943764
Person 0.0 0 0.0 930.439453 102.041016 1027.060547 399.726562 0.0 0.0 0.0 0.0 0.0 0.0 0.0 0.946200
Person 0.0 0 0.0 1074.433594 427.807617 1276.816406 814.614258 0.0 0.0 0.0 0.0 0.0 0.0 0.0 0.947575
Person 0.0 0 0.0 1303.417969 95.317383 1377.832031 334.731445 0.0 0.0 0.0 0.0 0.0 0.0 0.0 0.950041
Person 0.0 0 0.0 1161.650391 17.797852 1236.474609 237.436523 0.0 0.0 0.0 0.0 0.0 0.0 0.0 0.962673
