Person 0.0 0 0.0 1078.066406 0.000000 1117.558594 104.776611 0.0 0.0 0.0 0.0 0.0 0.0 0.0 0.301156
Person 0.0 0 0.0 1491.767578 101.447754 1590.732422 274.020996 0.0 0.0 0.0 0.0 0.0 0.0 0.0 0.321247
Person 0.0 0 0.0 195.864258 0.000000 228.354492 57.941895 0.0 0.0 0.0 0.0 0.0 0.0 0.0 0.325092
Person 0.0 0 0.0 1463.730469 67.500000 1525.019531 244.951172 0.0 0.0 0.0 0.0 0.0 0.0 0.0 0.346873
Person 0.0 0 0.0 1142.050781 302.036133 1269.199219 537.495117 0.0 0.0 0.0 0.0 0.0 0.0 0.0 0.453262
Person 0.0 0 0.0 0.468750 230.317383 87.070312 533.276367 0.0 0.0 0.0 0.0 0.0 0.0 0.0 0.588889
Person 0.0 0 0.0 1201.347656 256.948242 1328.027344 555.688477 0.0 0.0 0.0 0.0 0.0 0.0 0.0 0.670608
Person 0.0 0 0.0 231.020508 0.000000 290.698242 111.697998 0.0 0.0 0.0 0.0 0.0 0.0 0.0 0.757077
Person 0.0 0 0.0 36.708984 62.885742 93.955078 234.272461 0.0 0.0 0.0 0.0 0.0 0.0 0.0 0.780662
Person 0.0 0 0.0 165.922852 0.329590 218.686523 137.307129 0.0 0.0 0.0 0.0 0.0 0.0 0.0 0.887984
Person 0.0 0 0.0 1367.197266 140.009766 1482.802734 374.677734 0.0 0.0 0.0 0.0 0.0 0.0 0.0 0.914291
Person 0.0 0 0.0 490.063477 17.600098 549.624023 283.513184 0.0 0.0 0.0 0.0 0.0 0.0 0.0 0.921074
Person 0.0 0 0.0 1220.244141 0.000000 1303.505859 177.583008 0.0 0.0 0.0 0.0 0.0 0.0 0.0 0.930205
Person 0.0 0 0.0 1074.082031 425.434570 1264.042969 814.877930 0.0 0.0 0.0 0.0 0.0 0.0 0.0 0.932699
Person 0.0 0 0.0 1045.488281 143.305664 1170.761719 454.174805 0.0 0.0 0.0 0.0 0.0 0.0 0.0 0.942929
Person 0.0 0 0.0 1329.287109 61.831055 1398.837891 287.534180 0.0 0.0 0.0 0.0 0.0 0.0 0.0 0.947186
Person 0.0 0 0.0 970.722656 91.889648 1116.152344 379.291992 0.0 0.0 0.0 0.0 0.0 0.0 0.0 0.955486
Person 0.0 0 0.0 1120.048828 0.000000 1195.576172 170.134277 0.0 0.0 0.0 0.0 0.0 0.0 0.0 0.962533
Person 0.0 0 0.0 1268.203125 18.061523 1351.171875 208.037109 0.0 0.0 0.0 0.0 0.0 0.0 0.0 0.967039
