Person 0.0 0 0.0 1097.534180 0.000000 1120.590820 71.488037 0.0 0.0 0.0 0.0 0.0 0.0 0.0 0.303216
Person 0.0 0 0.0 1318.828125 58.666992 1364.296875 149.106445 0.0 0.0 0.0 0.0 0.0 0.0 0.0 0.345989
Person 0.0 0 0.0 1311.855469 58.337402 1365.644531 268.088379 0.0 0.0 0.0 0.0 0.0 0.0 0.0 0.371137
Person 0.0 0 0.0 1110.322266 0.000000 1147.177734 87.077637 0.0 0.0 0.0 0.0 0.0 0.0 0.0 0.471710
Person 0.0 0 0.0 225.585938 0.000000 268.945312 87.308350 0.0 0.0 0.0 0.0 0.0 0.0 0.0 0.550607
Person 0.0 0 0.0 266.162109 0.000000 316.962891 108.632812 0.0 0.0 0.0 0.0 0.0 0.0 0.0 0.754915
Person 0.0 0 0.0 1252.968750 88.527832 1347.656250 307.507324 0.0 0.0 0.0 0.0 0.0 0.0 0.0 0.763484
Person 0.0 0 0.0 429.609375 0.000000 481.171875 125.606689 0.0 0.0 0.0 0.0 0.0 0.0 0.0 0.811676
Person 0.0 0 0.0 1048.652344 293.203125 1229.472656 676.582031 0.0 0.0 0.0 0.0 0.0 0.0 0.0 0.814053
Person 0.0 0 0.0 1464.169922 63.149414 1539.580078 253.520508 0.0 0.0 0.0 0.0 0.0 0.0 0.0 0.817575
Person 0.0 0 0.0 185.815430 0.263672 233.247070 128.803711 0.0 0.0 0.0 0.0 0.0 0.0 0.0 0.841826
Person 0.0 0 0.0 500.566406 0.000000 560.683594 140.273438 0.0 0.0 0.0 0.0 0.0 0.0 0.0 0.874507
Person 0.0 0 0.0 460.341797 40.473633 537.158203 293.598633 0.0 0.0 0.0 0.0 0.0 0.0 0.0 0.889529
Person 0.0 0 0.0 978.691406 421.347656 1183.183594 818.964844 0.0 0.0 0.0 0.0 0.0 0.0 0.0 0.919643
Person 0.0 0 0.0 882.011719 119.179688 962.050781 426.621094 0.0 0.0 0.0 0.0 0.0 0.0 0.0 0.927888
Person 0.0 0 0.0 7.470703 60.117188 67.939453 258.398438 0.0 0.0 0.0 0.0 0.0 0.0 0.0 0.929696
Person 0.0 0 0.0 1033.007812 129.858398 1138.242188 429.125977 0.0 0.0 0.0 0.0 0.0 0.0 0.0 0.939913
Person 0.0 0 0.0 1397.607422 75.607910 1467.392578 242.116699 0.0 0.0 0.0 0.0 0.0 0.0 0.0 0.949482
Person 0.0 0 0.0 442.236328 107.182617 542.138672 427.280273 0.0 0.0 0.0 0.0 0.0 0.0 0.0 0.961389
Person 0.0 0 0.0 356.660156 67.631836 449.589844 394.584961 0.0 0.0 0.0 0.0 0.0 0.0 0.0 0.966156
