Person 0.0 0 0.0 267.670898 0.000000 310.297852 112.225342 0.0 0.0 0.0 0.0 0.0 0.0 0.0 0.385837
Person 0.0 0 0.0 1110.146484 0.032959 1147.353516 86.846924 0.0 0.0 0.0 0.0 0.0 0.0 0.0 0.417746
Person 0.0 0 0.0 1051.069336 7.382812 1082.680664 158.598633 0.0 0.0 0.0 0.0 0.0 0.0 0.0 0.418697
Person 0.0 0 0.0 892.617188 82.924805 953.320312 356.088867 0.0 0.0 0.0 0.0 0.0 0.0 0.0 0.437824
Person 0.0 0 0.0 218.737793 0.000000 247.668457 74.256592 0.0 0.0 0.0 0.0 0.0 0.0 0.0 0.454230
Person 0.0 0 0.0 462.099609 41.429443 535.400391 161.993408 0.0 0.0 0.0 0.0 0.0 0.0 0.0 0.478529
Person 0.0 0 0.0 1251.093750 54.613037 1313.906250 134.176025 0.0 0.0 0.0 0.0 0.0 0.0 0.0 0.502930
Person 0.0 0 0.0 485.727539 0.000000 530.522461 111.104736 0.0 0.0 0.0 0.0 0.0 0.0 0.0 0.620622
Person 0.0 0 0.0 93.574219 0.032959 129.667969 103.919678 0.0 0.0 0.0 0.0 0.0 0.0 0.0 0.748352
Person 0.0 0 0.0 1464.316406 64.731445 1539.433594 252.465820 0.0 0.0 0.0 0.0 0.0 0.0 0.0 0.825027
Person 0.0 0 0.0 255.996094 0.856934 327.128906 159.719238 0.0 0.0 0.0 0.0 0.0 0.0 0.0 0.830044
Person 0.0 0 0.0 1237.734375 88.395996 1327.265625 312.648926 0.0 0.0 0.0 0.0 0.0 0.0 0.0 0.831691
Person 0.0 0 0.0 1040.917969 310.869141 1235.332031 702.158203 0.0 0.0 0.0 0.0 0.0 0.0 0.0 0.843380
Person 0.0 0 0.0 182.709961 0.230713 238.461914 131.737061 0.0 0.0 0.0 0.0 0.0 0.0 0.0 0.878314
Person 0.0 0 0.0 1030.371094 440.200195 1200.878906 816.987305 0.0 0.0 0.0 0.0 0.0 0.0 0.0 0.908618
Person 0.0 0 0.0 358.066406 70.400391 456.152344 395.244141 0.0 0.0 0.0 0.0 0.0 0.0 0.0 0.931960
Person 0.0 0 0.0 970.693359 143.964844 1071.181641 468.808594 0.0 0.0 0.0 0.0 0.0 0.0 0.0 0.950778
Person 0.0 0 0.0 455.537109 106.655273 541.025391 422.006836 0.0 0.0 0.0 0.0 0.0 0.0 0.0 0.953101
Person 0.0 0 0.0 1398.134766 74.553223 1464.990234 241.853027 0.0 0.0 0.0 0.0 0.0 0.0 0.0 0.957596
Person 0.0 0 0.0 892.089844 111.533203 979.160156 426.884766 0.0 0.0 0.0 0.0 0.0 0.0 0.0 0.959001
