Person 0.0 0 0.0 1465.400391 69.543457 1562.724609 262.155762 0.0 0.0 0.0 0.0 0.0 0.0 0.0 0.346431
Person 0.0 0 0.0 1109.311523 0.000000 1148.188477 86.912842 0.0 0.0 0.0 0.0 0.0 0.0 0.0 0.398875
Person 0.0 0 0.0 1251.357422 56.425781 1321.142578 238.359375 0.0 0.0 0.0 0.0 0.0 0.0 0.0 0.445530
Person 0.0 0 0.0 257.797852 0.000000 301.420898 106.589355 0.0 0.0 0.0 0.0 0.0 0.0 0.0 0.466846
Person 0.0 0 0.0 1062.773438 312.187500 1185.351562 681.328125 0.0 0.0 0.0 0.0 0.0 0.0 0.0 0.500977
Person 0.0 0 0.0 429.521484 0.000000 471.416016 129.331055 0.0 0.0 0.0 0.0 0.0 0.0 0.0 0.504883
Person 0.0 0 0.0 483.955078 0.000000 532.294922 117.993164 0.0 0.0 0.0 0.0 0.0 0.0 0.0 0.557364
Person 0.0 0 0.0 1050.205078 1.450195 1089.169922 165.058594 0.0 0.0 0.0 0.0 0.0 0.0 0.0 0.566019
Person 0.0 0 0.0 87.817383 0.000000 121.831055 96.372070 0.0 0.0 0.0 0.0 0.0 0.0 0.0 0.697609
Person 0.0 0 0.0 185.405273 0.032959 240.219727 130.682373 0.0 0.0 0.0 0.0 0.0 0.0 0.0 0.720958
Person 0.0 0 0.0 272.578125 0.000000 335.390625 152.929688 0.0 0.0 0.0 0.0 0.0 0.0 0.0 0.883236
Person 0.0 0 0.0 461.015625 37.573242 544.921875 286.743164 0.0 0.0 0.0 0.0 0.0 0.0 0.0 0.901227
Person 0.0 0 0.0 1397.695312 74.619141 1465.429688 241.787109 0.0 0.0 0.0 0.0 0.0 0.0 0.0 0.904313
Person 0.0 0 0.0 1236.181641 88.725586 1340.068359 312.319336 0.0 0.0 0.0 0.0 0.0 0.0 0.0 0.914596
Person 0.0 0 0.0 1017.128906 403.945312 1157.871094 817.382812 0.0 0.0 0.0 0.0 0.0 0.0 0.0 0.920218
Person 0.0 0 0.0 796.347656 92.416992 923.027344 376.391602 0.0 0.0 0.0 0.0 0.0 0.0 0.0 0.937669
Person 0.0 0 0.0 354.082031 70.400391 445.136719 395.771484 0.0 0.0 0.0 0.0 0.0 0.0 0.0 0.950227
Person 0.0 0 0.0 438.193359 105.468750 537.744141 425.039062 0.0 0.0 0.0 0.0 0.0 0.0 0.0 0.951504
Person 0.0 0 0.0 890.654297 111.005859 981.533203 427.412109 0.0 0.0 0.0 0.0 0.0 0.0 0.0 0.955152
Person 0.0 0 0.0 970.693359 143.964844 1071.181641 469.863281 0.0 0.0 0.0 0.0 0.0 0.0 0.0 0.963506
