Person 0.0 0 0.0 1528.212891 100.129395 1593.662109 213.376465 0.0 0.0 0.0 0.0 0.0 0.0 0.0 0.330687
Person 0.0 0 0.0 1514.443359 102.897949 1592.431641 272.834473 0.0 0.0 0.0 0.0 0.0 0.0 0.0 0.332419
Person 0.0 0 0.0 192.436523 0.000000 228.032227 57.678223 0.0 0.0 0.0 0.0 0.0 0.0 0.0 0.403567
Person 0.0 0 0.0 1130.097656 306.782227 1258.652344 549.624023 0.0 0.0 0.0 0.0 0.0 0.0 0.0 0.444565
Person 0.0 0 0.0 1443.867188 65.456543 1501.757812 210.607910 0.0 0.0 0.0 0.0 0.0 0.0 0.0 0.514644
Person 0.0 0 0.0 0.585938 230.581055 86.835938 533.012695 0.0 0.0 0.0 0.0 0.0 0.0 0.0 0.606731
Person 0.0 0 0.0 1279.687500 0.197754 1350.937500 186.613770 0.0 0.0 0.0 0.0 0.0 0.0 0.0 0.710628
Person 0.0 0 0.0 233.203125 0.000000 289.921875 114.235840 0.0 0.0 0.0 0.0 0.0 0.0 0.0 0.781997
Person 0.0 0 0.0 46.611328 48.581543 100.810547 219.309082 0.0 0.0 0.0 0.0 0.0 0.0 0.0 0.867485
Person 0.0 0 0.0 1269.023438 13.051758 1342.851562 204.873047 0.0 0.0 0.0 0.0 0.0 0.0 0.0 0.899828
Person 0.0 0 0.0 165.219727 0.527344 216.108398 137.373047 0.0 0.0 0.0 0.0 0.0 0.0 0.0 0.924688
Person 0.0 0 0.0 1073.730469 425.566406 1258.769531 814.746094 0.0 0.0 0.0 0.0 0.0 0.0 0.0 0.929184
Person 0.0 0 0.0 488.642578 27.290039 552.919922 285.424805 0.0 0.0 0.0 0.0 0.0 0.0 0.0 0.939692
Person 0.0 0 0.0 1229.296875 270.395508 1393.828125 610.795898 0.0 0.0 0.0 0.0 0.0 0.0 0.0 0.950595
Person 0.0 0 0.0 1177.236328 0.263672 1249.013672 174.814453 0.0 0.0 0.0 0.0 0.0 0.0 0.0 0.954137
Person 0.0 0 0.0 1428.076172 153.786621 1532.548828 397.814941 0.0 0.0 0.0 0.0 0.0 0.0 0.0 0.961534
Person 0.0 0 0.0 1112.226562 0.000000 1192.148438 199.006348 0.0 0.0 0.0 0.0 0.0 0.0 0.0 0.967778
Person 0.0 0 0.0 1045.546875 141.855469 1187.578125 452.460938 0.0 0.0 0.0 0.0 0.0 0.0 0.0 0.968381
Person 0.0 0 0.0 1317.949219 62.292480 1398.925781 288.918457 0.0 0.0 0.0 0.0 0.0 0.0 0.0 0.969091
Person 0.0 0 0.0 972.304688 95.053711 1107.070312 379.028320 0.0 0.0 0.0 0.0 0.0 0.0 0.0 0.976491
