Person 0.0 0 0.0 1493.994141 101.184082 1592.255859 274.548340 0.0 0.0 0.0 0.0 0.0 0.0 0.0 0.362066
Person 0.0 0 0.0 1110.776367 0.000000 1146.723633 88.428955 0.0 0.0 0.0 0.0 0.0 0.0 0.0 0.445530
Person 0.0 0 0.0 1168.989258 0.065918 1225.385742 105.073242 0.0 0.0 0.0 0.0 0.0 0.0 0.0 0.464902
Person 0.0 0 0.0 361.860352 0.000000 402.202148 94.394531 0.0 0.0 0.0 0.0 0.0 0.0 0.0 0.538012
Person 0.0 0 0.0 140.610352 0.000000 180.483398 90.010986 0.0 0.0 0.0 0.0 0.0 0.0 0.0 0.603932
Person 0.0 0 0.0 260.039062 0.000000 298.710938 113.642578 0.0 0.0 0.0 0.0 0.0 0.0 0.0 0.617859
Person 0.0 0 0.0 1463.671875 64.072266 1540.078125 252.861328 0.0 0.0 0.0 0.0 0.0 0.0 0.0 0.732592
Person 0.0 0 0.0 775.693359 163.081055 870.556641 528.793945 0.0 0.0 0.0 0.0 0.0 0.0 0.0 0.740925
Person 0.0 0 0.0 184.804688 0.000000 234.257812 131.605225 0.0 0.0 0.0 0.0 0.0 0.0 0.0 0.896614
Person 0.0 0 0.0 1076.777344 436.640625 1253.847656 814.218750 0.0 0.0 0.0 0.0 0.0 0.0 0.0 0.906322
Person 0.0 0 0.0 1244.648438 495.175781 1470.351562 848.496094 0.0 0.0 0.0 0.0 0.0 0.0 0.0 0.909265
Person 0.0 0 0.0 725.742188 250.488281 872.695312 662.343750 0.0 0.0 0.0 0.0 0.0 0.0 0.0 0.910863
Person 0.0 0 0.0 1047.744141 0.000000 1112.255859 190.568848 0.0 0.0 0.0 0.0 0.0 0.0 0.0 0.935110
Person 0.0 0 0.0 1068.398438 278.305664 1219.101562 660.366211 0.0 0.0 0.0 0.0 0.0 0.0 0.0 0.941654
Person 0.0 0 0.0 1397.753906 74.553223 1465.371094 241.853027 0.0 0.0 0.0 0.0 0.0 0.0 0.0 0.945399
Person 0.0 0 0.0 435.263672 107.050781 532.236328 425.039062 0.0 0.0 0.0 0.0 0.0 0.0 0.0 0.946200
Person 0.0 0 0.0 327.919922 76.992188 424.892578 410.273438 0.0 0.0 0.0 0.0 0.0 0.0 0.0 0.950595
Person 0.0 0 0.0 1147.998047 23.203125 1216.376953 237.436523 0.0 0.0 0.0 0.0 0.0 0.0 0.0 0.962250
Person 0.0 0 0.0 875.888672 123.002930 972.861328 427.543945 0.0 0.0 0.0 0.0 0.0 0.0 0.0 0.964456
Person 0.0 0 0.0 948.750000 152.006836 1035.000000 473.422852 0.0 0.0 0.0 0.0 0.0 0.0 0.0 0.966028
