Person 0.0 0 0.0 1491.591797 100.393066 1592.783203 275.603027 0.0 0.0 0.0 0.0 0.0 0.0 0.0 0.331985
Person 0.0 0 0.0 1120.312500 339.609375 1255.312500 674.472656 0.0 0.0 0.0 0.0 0.0 0.0 0.0 0.353094
Person 0.0 0 0.0 1464.492188 60.578613 1537.382812 255.827637 0.0 0.0 0.0 0.0 0.0 0.0 0.0 0.374791
Person 0.0 0 0.0 1120.898438 339.873047 1256.601562 538.154297 0.0 0.0 0.0 0.0 0.0 0.0 0.0 0.399812
Person 0.0 0 0.0 1114.101562 0.000000 1149.023438 87.077637 0.0 0.0 0.0 0.0 0.0 0.0 0.0 0.404507
Person 0.0 0 0.0 198.046875 0.000000 229.921875 58.156128 0.0 0.0 0.0 0.0 0.0 0.0 0.0 0.452294
Person 0.0 0 0.0 0.468750 231.108398 87.070312 533.540039 0.0 0.0 0.0 0.0 0.0 0.0 0.0 0.566019
Person 0.0 0 0.0 229.863281 0.000000 276.386719 114.466553 0.0 0.0 0.0 0.0 0.0 0.0 0.0 0.762070
Person 0.0 0 0.0 165.541992 0.395508 222.583008 134.208984 0.0 0.0 0.0 0.0 0.0 0.0 0.0 0.905322
Person 0.0 0 0.0 1073.847656 409.746094 1251.152344 814.746094 0.0 0.0 0.0 0.0 0.0 0.0 0.0 0.922203
Person 0.0 0 0.0 89.033203 15.688477 133.740234 152.402344 0.0 0.0 0.0 0.0 0.0 0.0 0.0 0.927100
Person 0.0 0 0.0 930.644531 101.777344 1009.980469 399.990234 0.0 0.0 0.0 0.0 0.0 0.0 0.0 0.929696
Person 0.0 0 0.0 1017.714844 146.074219 1159.160156 460.898438 0.0 0.0 0.0 0.0 0.0 0.0 0.0 0.943556
Person 0.0 0 0.0 1350.644531 118.125000 1465.605469 353.056641 0.0 0.0 0.0 0.0 0.0 0.0 0.0 0.947575
Person 0.0 0 0.0 473.935547 34.277344 542.314453 287.666016 0.0 0.0 0.0 0.0 0.0 0.0 0.0 0.948917
Person 0.0 0 0.0 1232.578125 252.333984 1371.796875 592.998047 0.0 0.0 0.0 0.0 0.0 0.0 0.0 0.952574
Person 0.0 0 0.0 1196.718750 4.416504 1272.656250 182.658691 0.0 0.0 0.0 0.0 0.0 0.0 0.0 0.964321
Person 0.0 0 0.0 1121.484375 0.000000 1196.015625 199.401855 0.0 0.0 0.0 0.0 0.0 0.0 0.0 0.966411
Person 0.0 0 0.0 1264.746094 12.062988 1322.753906 203.488770 0.0 0.0 0.0 0.0 0.0 0.0 0.0 0.970688
Person 0.0 0 0.0 1282.617188 57.810059 1385.507812 275.998535 0.0 0.0 0.0 0.0 0.0 0.0 0.0 0.978052
