Person 0.0 0 0.0 1473.193359 72.048340 1577.431641 265.187988 0.0 0.0 0.0 0.0 0.0 0.0 0.0 0.324663
Person 0.0 0 0.0 478.564453 0.000000 528.310547 107.479248 0.0 0.0 0.0 0.0 0.0 0.0 0.0 0.593609
Person 0.0 0 0.0 262.324219 10.744629 328.300781 203.356934 0.0 0.0 0.0 0.0 0.0 0.0 0.0 0.622459
Person 0.0 0 0.0 346.186523 0.000000 401.000977 119.575195 0.0 0.0 0.0 0.0 0.0 0.0 0.0 0.683419
Person 0.0 0 0.0 422.138672 0.000000 487.236328 105.238037 0.0 0.0 0.0 0.0 0.0 0.0 0.0 0.691810
Person 0.0 0 0.0 186.826172 0.000000 239.501953 132.297363 0.0 0.0 0.0 0.0 0.0 0.0 0.0 0.763484
Person 0.0 0 0.0 1410.380859 76.267090 1467.744141 241.457520 0.0 0.0 0.0 0.0 0.0 0.0 0.0 0.895157
Person 0.0 0 0.0 1083.339844 289.248047 1254.785156 608.818359 0.0 0.0 0.0 0.0 0.0 0.0 0.0 0.897336
Person 0.0 0 0.0 1138.300781 95.119629 1211.074219 305.661621 0.0 0.0 0.0 0.0 0.0 0.0 0.0 0.916708
Person 0.0 0 0.0 260.185547 48.845215 354.345703 279.426270 0.0 0.0 0.0 0.0 0.0 0.0 0.0 0.923316
Person 0.0 0 0.0 1311.855469 138.757324 1420.019531 388.586426 0.0 0.0 0.0 0.0 0.0 0.0 0.0 0.935110
Person 0.0 0 0.0 973.242188 418.051758 1139.882812 815.932617 0.0 0.0 0.0 0.0 0.0 0.0 0.0 0.936981
Person 0.0 0 0.0 348.603516 69.345703 445.927734 394.453125 0.0 0.0 0.0 0.0 0.0 0.0 0.0 0.944995
Person 0.0 0 0.0 973.623047 99.931641 1075.751953 400.781250 0.0 0.0 0.0 0.0 0.0 0.0 0.0 0.952397
Person 0.0 0 0.0 1089.755859 8.767090 1158.369141 186.877441 0.0 0.0 0.0 0.0 0.0 0.0 0.0 0.954984
Person 0.0 0 0.0 1270.458984 68.488770 1362.041016 287.995605 0.0 0.0 0.0 0.0 0.0 0.0 0.0 0.960510
