Person 0.0 0 0.0 127.368164 0.000000 181.772461 158.466797 0.0 0.0 0.0 0.0 0.0 0.0 0.0 0.402627
Person 0.0 0 0.0 290.112305 0.000000 328.637695 81.408691 0.0 0.0 0.0 0.0 0.0 0.0 0.0 0.430147
Person 0.0 0 0.0 1109.633789 0.000000 1145.991211 87.407227 0.0 0.0 0.0 0.0 0.0 0.0 0.0 0.464902
Person 0.0 0 0.0 1153.652344 0.000000 1225.722656 197.226562 0.0 0.0 0.0 0.0 0.0 0.0 0.0 0.563138
Person 0.0 0 0.0 57.919922 0.000000 97.470703 108.237305 0.0 0.0 0.0 0.0 0.0 0.0 0.0 0.685107
Person 0.0 0 0.0 251.865234 0.000000 299.853516 109.918213 0.0 0.0 0.0 0.0 0.0 0.0 0.0 0.709824
Person 0.0 0 0.0 1463.232422 64.863281 1542.392578 257.871094 0.0 0.0 0.0 0.0 0.0 0.0 0.0 0.716219
Person 0.0 0 0.0 1056.240234 1.054688 1094.384766 189.843750 0.0 0.0 0.0 0.0 0.0 0.0 0.0 0.751283
Person 0.0 0 0.0 1195.312500 489.243164 1390.312500 860.756836 0.0 0.0 0.0 0.0 0.0 0.0 0.0 0.859192
Person 0.0 0 0.0 185.053711 0.000000 234.711914 132.429199 0.0 0.0 0.0 0.0 0.0 0.0 0.0 0.867036
Person 0.0 0 0.0 876.796875 121.816406 990.703125 332.753906 0.0 0.0 0.0 0.0 0.0 0.0 0.0 0.900879
Person 0.0 0 0.0 1077.128906 456.284180 1264.746094 814.614258 0.0 0.0 0.0 0.0 0.0 0.0 0.0 0.913368
Person 0.0 0 0.0 834.667969 251.279297 968.144531 635.185547 0.0 0.0 0.0 0.0 0.0 0.0 0.0 0.914901
Person 0.0 0 0.0 1068.632812 278.041992 1218.867188 660.102539 0.0 0.0 0.0 0.0 0.0 0.0 0.0 0.927888
Person 0.0 0 0.0 328.476562 76.860352 423.867188 410.141602 0.0 0.0 0.0 0.0 0.0 0.0 0.0 0.936981
Person 0.0 0 0.0 1398.076172 72.839355 1465.048828 241.457520 0.0 0.0 0.0 0.0 0.0 0.0 0.0 0.941868
Person 0.0 0 0.0 761.718750 156.093750 847.031250 516.796875 0.0 0.0 0.0 0.0 0.0 0.0 0.0 0.943764
Person 0.0 0 0.0 1147.880859 28.674316 1220.244141 236.843262 0.0 0.0 0.0 0.0 0.0 0.0 0.0 0.946794
Person 0.0 0 0.0 419.619141 101.118164 514.130859 415.151367 0.0 0.0 0.0 0.0 0.0 0.0 0.0 0.954308
Person 0.0 0 0.0 959.003906 152.402344 1065.996094 478.300781 0.0 0.0 0.0 0.0 0.0 0.0 0.0 0.956145
