Person 0.0 0 0.0 1468.242188 70.070801 1571.132812 263.474121 0.0 0.0 0.0 0.0 0.0 0.0 0.0 0.339390
Person 0.0 0 0.0 1111.567383 0.000000 1147.807617 87.539062 0.0 0.0 0.0 0.0 0.0 0.0 0.0 0.445530
Person 0.0 0 0.0 477.099609 0.000000 527.900391 108.336182 0.0 0.0 0.0 0.0 0.0 0.0 0.0 0.681727
Person 0.0 0 0.0 321.459961 0.000000 378.383789 160.114746 0.0 0.0 0.0 0.0 0.0 0.0 0.0 0.718594
Person 0.0 0 0.0 188.159180 0.000000 228.793945 131.835938 0.0 0.0 0.0 0.0 0.0 0.0 0.0 0.784649
Person 0.0 0 0.0 425.390625 0.000000 489.140625 105.534668 0.0 0.0 0.0 0.0 0.0 0.0 0.0 0.816406
Person 0.0 0 0.0 1062.656250 292.148438 1247.343750 614.882812 0.0 0.0 0.0 0.0 0.0 0.0 0.0 0.908618
Person 0.0 0 0.0 228.574219 48.845215 290.800781 289.182129 0.0 0.0 0.0 0.0 0.0 0.0 0.0 0.915507
Person 0.0 0 0.0 972.832031 419.106445 1132.792969 815.932617 0.0 0.0 0.0 0.0 0.0 0.0 0.0 0.918480
Person 0.0 0 0.0 1404.492188 76.398926 1468.007812 243.435059 0.0 0.0 0.0 0.0 0.0 0.0 0.0 0.923592
Person 0.0 0 0.0 357.128906 71.191406 445.371094 394.716797 0.0 0.0 0.0 0.0 0.0 0.0 0.0 0.942507
Person 0.0 0 0.0 271.083984 14.765625 351.884766 214.892578 0.0 0.0 0.0 0.0 0.0 0.0 0.0 0.945197
Person 0.0 0 0.0 412.558594 98.613281 544.628906 431.103516 0.0 0.0 0.0 0.0 0.0 0.0 0.0 0.946597
Person 0.0 0 0.0 1155.644531 107.446289 1249.980469 368.217773 0.0 0.0 0.0 0.0 0.0 0.0 0.0 0.947186
Person 0.0 0 0.0 973.681641 105.864258 1056.943359 376.918945 0.0 0.0 0.0 0.0 0.0 0.0 0.0 0.952750
Person 0.0 0 0.0 1285.605469 146.931152 1410.644531 390.959473 0.0 0.0 0.0 0.0 0.0 0.0 0.0 0.953101
Person 0.0 0 0.0 1271.982422 73.630371 1366.142578 287.336426 0.0 0.0 0.0 0.0 0.0 0.0 0.0 0.960361
Person 0.0 0 0.0 1110.527344 12.128906 1186.347656 200.126953 0.0 0.0 0.0 0.0 0.0 0.0 0.0 0.964321
