Person 0.0 0 0.0 32.431641 0.000000 54.111328 40.803223 0.0 0.0 0.0 0.0 0.0 0.0 0.0 0.306112
Person 0.0 0 0.0 1096.845703 0.000000 1121.279297 71.751709 0.0 0.0 0.0 0.0 0.0 0.0 0.0 0.319121
Person 0.0 0 0.0 1263.251953 36.518555 1342.998047 242.973633 0.0 0.0 0.0 0.0 0.0 0.0 0.0 0.342022
Person 0.0 0 0.0 1109.677734 0.000000 1147.822266 87.407227 0.0 0.0 0.0 0.0 0.0 0.0 0.0 0.422505
Person 0.0 0 0.0 1493.759766 98.679199 1584.990234 273.098145 0.0 0.0 0.0 0.0 0.0 0.0 0.0 0.436862
Person 0.0 0 0.0 1461.005859 71.982422 1529.619141 254.970703 0.0 0.0 0.0 0.0 0.0 0.0 0.0 0.544801
Person 0.0 0 0.0 1092.832031 321.679688 1331.542969 613.300781 0.0 0.0 0.0 0.0 0.0 0.0 0.0 0.571767
Person 0.0 0 0.0 249.301758 0.000000 298.198242 109.226074 0.0 0.0 0.0 0.0 0.0 0.0 0.0 0.667148
Person 0.0 0 0.0 74.677734 0.065918 122.197266 111.533203 0.0 0.0 0.0 0.0 0.0 0.0 0.0 0.862930
Person 0.0 0 0.0 178.081055 0.000000 235.122070 138.164062 0.0 0.0 0.0 0.0 0.0 0.0 0.0 0.914901
Person 0.0 0 0.0 1588.681641 127.419434 1701.943359 330.314941 0.0 0.0 0.0 0.0 0.0 0.0 0.0 0.931213
Person 0.0 0 0.0 1073.847656 427.807617 1269.902344 814.614258 0.0 0.0 0.0 0.0 0.0 0.0 0.0 0.932699
Person 0.0 0 0.0 1362.128906 353.056641 1519.746094 678.955078 0.0 0.0 0.0 0.0 0.0 0.0 0.0 0.937897
Person 0.0 0 0.0 833.906250 117.465820 1000.781250 424.116211 0.0 0.0 0.0 0.0 0.0 0.0 0.0 0.938350
Person 0.0 0 0.0 956.425781 170.595703 1053.574219 501.767578 0.0 0.0 0.0 0.0 0.0 0.0 0.0 0.946200
Person 0.0 0 0.0 305.302734 79.101562 416.103516 410.273438 0.0 0.0 0.0 0.0 0.0 0.0 0.0 0.951142
Person 0.0 0 0.0 830.595703 200.917969 928.154297 566.894531 0.0 0.0 0.0 0.0 0.0 0.0 0.0 0.953275
Person 0.0 0 0.0 391.025391 113.247070 488.349609 437.299805 0.0 0.0 0.0 0.0 0.0 0.0 0.0 0.959459
Person 0.0 0 0.0 1253.759766 64.929199 1343.115234 286.281738 0.0 0.0 0.0 0.0 0.0 0.0 0.0 0.961534
Person 0.0 0 0.0 1143.925781 35.859375 1272.949219 280.546875 0.0 0.0 0.0 0.0 0.0 0.0 0.0 0.969091
