Person 0.0 0 0.0 1154.267578 218.320312 1264.482422 662.871094 0.0 0.0 0.0 0.0 0.0 0.0 0.0 0.314893
Person 0.0 0 0.0 1495.078125 100.458984 1591.171875 274.482422 0.0 0.0 0.0 0.0 0.0 0.0 0.0 0.395134
Person 0.0 0 0.0 1464.140625 82.463379 1532.109375 259.519043 0.0 0.0 0.0 0.0 0.0 0.0 0.0 0.398875
Person 0.0 0 0.0 1153.652344 218.847656 1263.222656 382.851562 0.0 0.0 0.0 0.0 0.0 0.0 0.0 0.431105
Person 0.0 0 0.0 1111.289062 0.000000 1148.085938 86.352539 0.0 0.0 0.0 0.0 0.0 0.0 0.0 0.441673
Person 0.0 0 0.0 1155.527344 317.988281 1261.347656 662.871094 0.0 0.0 0.0 0.0 0.0 0.0 0.0 0.548674
Person 0.0 0 0.0 1443.837891 65.126953 1499.912109 213.046875 0.0 0.0 0.0 0.0 0.0 0.0 0.0 0.646014
Person 0.0 0 0.0 1206.738281 1.582031 1283.261719 178.637695 0.0 0.0 0.0 0.0 0.0 0.0 0.0 0.679179
Person 0.0 0 0.0 206.865234 0.000000 265.634766 84.869385 0.0 0.0 0.0 0.0 0.0 0.0 0.0 0.781331
Person 0.0 0 0.0 141.020508 5.800781 184.057617 160.708008 0.0 0.0 0.0 0.0 0.0 0.0 0.0 0.828384
Person 0.0 0 0.0 1034.472656 91.889648 1118.027344 383.774414 0.0 0.0 0.0 0.0 0.0 0.0 0.0 0.891055
Person 0.0 0 0.0 634.130859 122.080078 723.369141 453.251953 0.0 0.0 0.0 0.0 0.0 0.0 0.0 0.903975
Person 0.0 0 0.0 1074.140625 416.997070 1245.234375 814.877930 0.0 0.0 0.0 0.0 0.0 0.0 0.0 0.937211
Person 0.0 0 0.0 1354.453125 83.056641 1437.421875 307.177734 0.0 0.0 0.0 0.0 0.0 0.0 0.0 0.937897
Person 0.0 0 0.0 464.121094 27.487793 545.566406 233.942871 0.0 0.0 0.0 0.0 0.0 0.0 0.0 0.946597
Person 0.0 0 0.0 230.126953 32.695312 317.373047 303.750000 0.0 0.0 0.0 0.0 0.0 0.0 0.0 0.949856
Person 0.0 0 0.0 1268.525391 18.720703 1347.099609 206.191406 0.0 0.0 0.0 0.0 0.0 0.0 0.0 0.954647
Person 0.0 0 0.0 1061.425781 128.276367 1166.074219 434.399414 0.0 0.0 0.0 0.0 0.0 0.0 0.0 0.961678
Person 0.0 0 0.0 1289.824219 45.351562 1380.175781 262.617188 0.0 0.0 0.0 0.0 0.0 0.0 0.0 0.962813
Person 0.0 0 0.0 1188.574219 14.436035 1299.550781 224.582520 0.0 0.0 0.0 0.0 0.0 0.0 0.0 0.963092
