Person 0.0 0 0.0 1171.655273 0.000000 1226.469727 107.578125 0.0 0.0 0.0 0.0 0.0 0.0 0.0 0.513668
Person 0.0 0 0.0 1112.753906 0.000000 1146.621094 86.055908 0.0 0.0 0.0 0.0 0.0 0.0 0.0 0.521471
Person 0.0 0 0.0 145.913086 0.000000 183.852539 92.482910 0.0 0.0 0.0 0.0 0.0 0.0 0.0 0.659295
Person 0.0 0 0.0 374.633789 0.000000 429.741211 97.822266 0.0 0.0 0.0 0.0 0.0 0.0 0.0 0.669745
Person 0.0 0 0.0 778.886719 160.444336 877.675781 525.629883 0.0 0.0 0.0 0.0 0.0 0.0 0.0 0.695131
Person 0.0 0 0.0 1463.613281 63.874512 1540.136719 252.531738 0.0 0.0 0.0 0.0 0.0 0.0 0.0 0.729520
Person 0.0 0 0.0 254.750977 0.000000 298.374023 113.214111 0.0 0.0 0.0 0.0 0.0 0.0 0.0 0.754192
Person 0.0 0 0.0 91.860352 0.000000 142.749023 114.565430 0.0 0.0 0.0 0.0 0.0 0.0 0.0 0.791821
Person 0.0 0 0.0 183.530273 0.164795 234.125977 132.725830 0.0 0.0 0.0 0.0 0.0 0.0 0.0 0.894052
Person 0.0 0 0.0 1261.933594 488.320312 1454.941406 851.132812 0.0 0.0 0.0 0.0 0.0 0.0 0.0 0.900530
Person 0.0 0 0.0 1076.894531 434.663086 1259.355469 814.086914 0.0 0.0 0.0 0.0 0.0 0.0 0.0 0.902952
Person 0.0 0 0.0 727.675781 249.829102 873.574219 663.002930 0.0 0.0 0.0 0.0 0.0 0.0 0.0 0.904987
Person 0.0 0 0.0 430.136719 112.851562 530.800781 420.820312 0.0 0.0 0.0 0.0 0.0 0.0 0.0 0.927888
Person 0.0 0 0.0 1069.570312 278.305664 1219.804688 660.366211 0.0 0.0 0.0 0.0 0.0 0.0 0.0 0.940134
Person 0.0 0 0.0 327.773438 77.783203 424.570312 411.064453 0.0 0.0 0.0 0.0 0.0 0.0 0.0 0.942507
Person 0.0 0 0.0 1397.695312 74.685059 1465.429688 241.721191 0.0 0.0 0.0 0.0 0.0 0.0 0.0 0.950595
Person 0.0 0 0.0 1045.986328 0.000000 1117.763672 189.580078 0.0 0.0 0.0 0.0 0.0 0.0 0.0 0.957912
Person 0.0 0 0.0 1148.320312 22.609863 1216.054688 236.843262 0.0 0.0 0.0 0.0 0.0 0.0 0.0 0.963780
Person 0.0 0 0.0 936.386719 152.402344 1036.113281 473.027344 0.0 0.0 0.0 0.0 0.0 0.0 0.0 0.963916
Person 0.0 0 0.0 876.152344 122.080078 969.785156 427.412109 0.0 0.0 0.0 0.0 0.0 0.0 0.0 0.964987
