Person 0.0 0 0.0 212.519531 0.000000 254.824219 69.312744 0.0 0.0 0.0 0.0 0.0 0.0 0.0 0.304455
Person 0.0 0 0.0 1171.274414 0.065918 1228.725586 115.092773 0.0 0.0 0.0 0.0 0.0 0.0 0.0 0.491212
Person 0.0 0 0.0 57.861328 0.889893 94.013672 115.323486 0.0 0.0 0.0 0.0 0.0 0.0 0.0 0.576542
Person 0.0 0 0.0 1463.818359 63.874512 1541.806641 255.959473 0.0 0.0 0.0 0.0 0.0 0.0 0.0 0.649579
Person 0.0 0 0.0 118.022461 0.000000 151.508789 111.401367 0.0 0.0 0.0 0.0 0.0 0.0 0.0 0.665411
Person 0.0 0 0.0 252.788086 0.000000 305.961914 106.688232 0.0 0.0 0.0 0.0 0.0 0.0 0.0 0.689306
Person 0.0 0 0.0 408.090820 0.000000 463.315430 120.465088 0.0 0.0 0.0 0.0 0.0 0.0 0.0 0.746139
Person 0.0 0 0.0 805.957031 159.916992 885.292969 524.575195 0.0 0.0 0.0 0.0 0.0 0.0 0.0 0.752740
Person 0.0 0 0.0 1239.433594 493.593750 1479.316406 859.570312 0.0 0.0 0.0 0.0 0.0 0.0 0.0 0.800068
Person 0.0 0 0.0 184.101562 0.329590 249.726562 133.813477 0.0 0.0 0.0 0.0 0.0 0.0 0.0 0.878731
Person 0.0 0 0.0 1077.070312 417.656250 1257.304688 808.945312 0.0 0.0 0.0 0.0 0.0 0.0 0.0 0.881207
Person 0.0 0 0.0 751.875000 248.906250 874.687500 662.343750 0.0 0.0 0.0 0.0 0.0 0.0 0.0 0.903975
Person 0.0 0 0.0 1069.335938 281.997070 1218.164062 663.002930 0.0 0.0 0.0 0.0 0.0 0.0 0.0 0.907640
Person 0.0 0 0.0 1397.431641 74.355469 1465.693359 242.050781 0.0 0.0 0.0 0.0 0.0 0.0 0.0 0.931960
Person 0.0 0 0.0 404.238281 115.751953 497.167969 432.158203 0.0 0.0 0.0 0.0 0.0 0.0 0.0 0.942295
Person 0.0 0 0.0 1148.818359 26.828613 1224.931641 236.975098 0.0 0.0 0.0 0.0 0.0 0.0 0.0 0.947186
Person 0.0 0 0.0 873.281250 113.642578 971.718750 426.357422 0.0 0.0 0.0 0.0 0.0 0.0 0.0 0.948917
Person 0.0 0 0.0 327.246094 77.783203 420.878906 411.064453 0.0 0.0 0.0 0.0 0.0 0.0 0.0 0.951863
Person 0.0 0 0.0 955.957031 153.720703 1080.292969 478.564453 0.0 0.0 0.0 0.0 0.0 0.0 0.0 0.957278
Person 0.0 0 0.0 1059.960938 1.252441 1131.914062 223.264160 0.0 0.0 0.0 0.0 0.0 0.0 0.0 0.959611
