Person 0.0 0 0.0 1110.981445 0.000000 1148.393555 85.429688 0.0 0.0 0.0 0.0 0.0 0.0 0.0 0.357568
Person 0.0 0 0.0 514.130859 0.000000 548.994141 112.521973 0.0 0.0 0.0 0.0 0.0 0.0 0.0 0.394201
Person 0.0 0 0.0 438.662109 46.472168 524.150391 195.446777 0.0 0.0 0.0 0.0 0.0 0.0 0.0 0.500000
Person 0.0 0 0.0 1064.282227 0.032959 1105.092773 103.392334 0.0 0.0 0.0 0.0 0.0 0.0 0.0 0.507812
Person 0.0 0 0.0 211.787109 0.000000 251.572266 92.515869 0.0 0.0 0.0 0.0 0.0 0.0 0.0 0.568895
Person 0.0 0 0.0 1463.583984 63.281250 1543.916016 266.044922 0.0 0.0 0.0 0.0 0.0 0.0 0.0 0.626124
Person 0.0 0 0.0 266.264648 0.000000 308.891602 110.017090 0.0 0.0 0.0 0.0 0.0 0.0 0.0 0.752740
Person 0.0 0 0.0 411.123047 0.000000 470.126953 123.596191 0.0 0.0 0.0 0.0 0.0 0.0 0.0 0.773216
Person 0.0 0 0.0 1130.976562 0.527344 1184.648438 169.936523 0.0 0.0 0.0 0.0 0.0 0.0 0.0 0.870157
Person 0.0 0 0.0 26.630859 10.085449 72.099609 155.236816 0.0 0.0 0.0 0.0 0.0 0.0 0.0 0.881207
Person 0.0 0 0.0 1036.699219 424.643555 1203.925781 816.723633 0.0 0.0 0.0 0.0 0.0 0.0 0.0 0.909907
Person 0.0 0 0.0 1033.945312 292.280273 1176.679688 677.504883 0.0 0.0 0.0 0.0 0.0 0.0 0.0 0.928926
Person 0.0 0 0.0 441.298828 102.436523 544.951172 432.026367 0.0 0.0 0.0 0.0 0.0 0.0 0.0 0.929951
Person 0.0 0 0.0 183.764648 0.197754 232.485352 133.220215 0.0 0.0 0.0 0.0 0.0 0.0 0.0 0.941007
Person 0.0 0 0.0 1397.050781 74.750977 1466.074219 241.918945 0.0 0.0 0.0 0.0 0.0 0.0 0.0 0.951142
Person 0.0 0 0.0 347.080078 72.377930 443.701172 395.375977 0.0 0.0 0.0 0.0 0.0 0.0 0.0 0.953101
Person 0.0 0 0.0 1175.683594 134.340820 1308.691406 428.334961 0.0 0.0 0.0 0.0 0.0 0.0 0.0 0.955319
Person 0.0 0 0.0 1282.470703 149.040527 1387.529297 401.506348 0.0 0.0 0.0 0.0 0.0 0.0 0.0 0.963643
Person 0.0 0 0.0 960.673828 148.974609 1062.451172 470.654297 0.0 0.0 0.0 0.0 0.0 0.0 0.0 0.966411
Person 0.0 0 0.0 878.847656 105.996094 993.339844 418.447266 0.0 0.0 0.0 0.0 0.0 0.0 0.0 0.973037
