Person 0.0 0 0.0 1493.056641 97.229004 1587.568359 272.966309 0.0 0.0 0.0 0.0 0.0 0.0 0.0 0.432063
Person 0.0 0 0.0 1105.810547 0.000000 1147.939453 86.517334 0.0 0.0 0.0 0.0 0.0 0.0 0.0 0.476580
Person 0.0 0 0.0 1207.675781 1.252441 1284.199219 181.604004 0.0 0.0 0.0 0.0 0.0 0.0 0.0 0.641535
Person 0.0 0 0.0 1168.652344 327.875977 1278.222656 683.569336 0.0 0.0 0.0 0.0 0.0 0.0 0.0 0.773901
Person 0.0 0 0.0 1034.238281 91.757812 1118.261719 381.005859 0.0 0.0 0.0 0.0 0.0 0.0 0.0 0.852935
Person 0.0 0 0.0 196.318359 0.000000 253.681641 123.958740 0.0 0.0 0.0 0.0 0.0 0.0 0.0 0.874935
Person 0.0 0 0.0 138.588867 3.691406 181.801758 161.894531 0.0 0.0 0.0 0.0 0.0 0.0 0.0 0.882833
Person 0.0 0 0.0 500.683594 43.308105 568.066406 263.078613 0.0 0.0 0.0 0.0 0.0 0.0 0.0 0.887984
Person 0.0 0 0.0 1617.011719 167.299805 1707.363281 330.776367 0.0 0.0 0.0 0.0 0.0 0.0 0.0 0.898767
Person 0.0 0 0.0 257.050781 0.000000 319.042969 223.198242 0.0 0.0 0.0 0.0 0.0 0.0 0.0 0.901575
Person 0.0 0 0.0 1611.562500 429.257812 1797.187500 762.539062 0.0 0.0 0.0 0.0 0.0 0.0 0.0 0.918187
Person 0.0 0 0.0 1072.910156 423.588867 1248.339844 814.614258 0.0 0.0 0.0 0.0 0.0 0.0 0.0 0.949106
Person 0.0 0 0.0 1267.880859 19.116211 1345.869141 207.773438 0.0 0.0 0.0 0.0 0.0 0.0 0.0 0.957596
Person 0.0 0 0.0 1189.394531 15.358887 1300.605469 228.273926 0.0 0.0 0.0 0.0 0.0 0.0 0.0 0.958847
Person 0.0 0 0.0 361.757812 37.770996 477.773438 294.719238 0.0 0.0 0.0 0.0 0.0 0.0 0.0 0.964722
Person 0.0 0 0.0 1055.800781 128.408203 1175.449219 434.267578 0.0 0.0 0.0 0.0 0.0 0.0 0.0 0.966156
