Person 0.0 0 0.0 1493.320312 100.063477 1591.054688 274.350586 0.0 0.0 0.0 0.0 0.0 0.0 0.0 0.425367
Person 0.0 0 0.0 1104.052734 0.000000 1147.822266 86.715088 0.0 0.0 0.0 0.0 0.0 0.0 0.0 0.433022
Person 0.0 0 0.0 1442.314453 65.061035 1501.435547 213.376465 0.0 0.0 0.0 0.0 0.0 0.0 0.0 0.537041
Person 0.0 0 0.0 232.250977 0.000000 271.655273 97.723389 0.0 0.0 0.0 0.0 0.0 0.0 0.0 0.585101
Person 0.0 0 0.0 1055.771484 92.219238 1121.103516 359.450684 0.0 0.0 0.0 0.0 0.0 0.0 0.0 0.660172
Person 0.0 0 0.0 1207.089844 1.054688 1282.910156 177.846680 0.0 0.0 0.0 0.0 0.0 0.0 0.0 0.678327
Person 0.0 0 0.0 147.670898 4.284668 197.797852 161.301270 0.0 0.0 0.0 0.0 0.0 0.0 0.0 0.721743
Person 0.0 0 0.0 1155.644531 316.669922 1261.230469 662.607422 0.0 0.0 0.0 0.0 0.0 0.0 0.0 0.770465
Person 0.0 0 0.0 722.783203 165.585938 836.279297 510.468750 0.0 0.0 0.0 0.0 0.0 0.0 0.0 0.891055
Person 0.0 0 0.0 907.148438 171.123047 1072.851562 497.548828 0.0 0.0 0.0 0.0 0.0 0.0 0.0 0.903294
Person 0.0 0 0.0 471.796875 17.468262 540.703125 221.945801 0.0 0.0 0.0 0.0 0.0 0.0 0.0 0.909586
Person 0.0 0 0.0 229.921875 55.898438 348.515625 356.484375 0.0 0.0 0.0 0.0 0.0 0.0 0.0 0.919353
Person 0.0 0 0.0 1267.734375 18.852539 1346.015625 204.477539 0.0 0.0 0.0 0.0 0.0 0.0 0.0 0.925500
Person 0.0 0 0.0 1073.613281 423.984375 1262.636719 814.218750 0.0 0.0 0.0 0.0 0.0 0.0 0.0 0.927363
Person 0.0 0 0.0 1290.996094 45.944824 1377.128906 244.094238 0.0 0.0 0.0 0.0 0.0 0.0 0.0 0.932944
Person 0.0 0 0.0 1311.621094 88.395996 1405.253906 311.330566 0.0 0.0 0.0 0.0 0.0 0.0 0.0 0.954816
Person 0.0 0 0.0 1190.712891 13.710938 1299.287109 227.812500 0.0 0.0 0.0 0.0 0.0 0.0 0.0 0.955486
Person 0.0 0 0.0 1068.691406 133.945312 1183.183594 443.496094 0.0 0.0 0.0 0.0 0.0 0.0 0.0 0.956634
