Person 0.0 0 0.0 1520.976562 61.402588 1570.898438 195.677490 0.0 0.0 0.0 0.0 0.0 0.0 0.0 0.346873
Person 0.0 0 0.0 1489.306641 88.791504 1587.568359 275.603027 0.0 0.0 0.0 0.0 0.0 0.0 0.0 0.416797
Person 0.0 0 0.0 1111.230469 0.065918 1148.144531 87.802734 0.0 0.0 0.0 0.0 0.0 0.0 0.0 0.424412
Person 0.0 0 0.0 127.763672 0.000000 169.423828 90.010986 0.0 0.0 0.0 0.0 0.0 0.0 0.0 0.442636
Person 0.0 0 0.0 1075.371094 332.885742 1245.878906 694.379883 0.0 0.0 0.0 0.0 0.0 0.0 0.0 0.590779
Person 0.0 0 0.0 864.580078 109.687500 941.982422 396.562500 0.0 0.0 0.0 0.0 0.0 0.0 0.0 0.610453
Person 0.0 0 0.0 241.186523 0.000000 291.782227 109.489746 0.0 0.0 0.0 0.0 0.0 0.0 0.0 0.727201
Person 0.0 0 0.0 1434.521484 67.368164 1490.478516 219.506836 0.0 0.0 0.0 0.0 0.0 0.0 0.0 0.730290
Person 0.0 0 0.0 1669.482422 187.338867 1739.267578 378.500977 0.0 0.0 0.0 0.0 0.0 0.0 0.0 0.763484
Person 0.0 0 0.0 104.165039 7.778320 138.178711 149.370117 0.0 0.0 0.0 0.0 0.0 0.0 0.0 0.840783
Person 0.0 0 0.0 1573.886719 242.775879 1686.738281 478.103027 0.0 0.0 0.0 0.0 0.0 0.0 0.0 0.878314
Person 0.0 0 0.0 16.171875 162.553711 141.210938 487.133789 0.0 0.0 0.0 0.0 0.0 0.0 0.0 0.892563
Person 0.0 0 0.0 176.953125 0.000000 234.843750 135.131836 0.0 0.0 0.0 0.0 0.0 0.0 0.0 0.922482
Person 0.0 0 0.0 1291.699219 76.926270 1372.675781 311.462402 0.0 0.0 0.0 0.0 0.0 0.0 0.0 0.923039
Person 0.0 0 0.0 1073.730469 426.752930 1271.894531 814.614258 0.0 0.0 0.0 0.0 0.0 0.0 0.0 0.929440
Person 0.0 0 0.0 834.375000 152.666016 938.437500 500.712891 0.0 0.0 0.0 0.0 0.0 0.0 0.0 0.936749
Person 0.0 0 0.0 333.750000 116.542969 423.281250 435.585938 0.0 0.0 0.0 0.0 0.0 0.0 0.0 0.937669
Person 0.0 0 0.0 970.136719 158.203125 1081.113281 499.394531 0.0 0.0 0.0 0.0 0.0 0.0 0.0 0.946597
Person 0.0 0 0.0 1144.160156 35.266113 1270.839844 280.876465 0.0 0.0 0.0 0.0 0.0 0.0 0.0 0.957437
Person 0.0 0 0.0 1265.214844 39.550781 1342.910156 258.134766 0.0 0.0 0.0 0.0 0.0 0.0 0.0 0.966914
