Person 0.0 0 0.0 456.357422 30.520020 528.017578 170.793457 0.0 0.0 0.0 0.0 0.0 0.0 0.0 0.408277
Person 0.0 0 0.0 1010.742188 97.558594 1106.132812 383.378906 0.0 0.0 0.0 0.0 0.0 0.0 0.0 0.417746
Person 0.0 0 0.0 1008.251953 97.558594 1104.873047 383.378906 0.0 0.0 0.0 0.0 0.0 0.0 0.0 0.430147
Person 0.0 0 0.0 1007.783203 97.822266 1105.341797 383.642578 0.0 0.0 0.0 0.0 0.0 0.0 0.0 0.439747
Person 0.0 0 0.0 230.961914 0.000000 275.756836 87.473145 0.0 0.0 0.0 0.0 0.0 0.0 0.0 0.451327
Person 0.0 0 0.0 1256.293945 47.131348 1312.456055 253.981934 0.0 0.0 0.0 0.0 0.0 0.0 0.0 0.515620
Person 0.0 0 0.0 120.102539 0.000000 175.444336 162.026367 0.0 0.0 0.0 0.0 0.0 0.0 0.0 0.588889
Person 0.0 0 0.0 275.771484 0.000000 321.416016 106.589355 0.0 0.0 0.0 0.0 0.0 0.0 0.0 0.650467
Person 0.0 0 0.0 428.950195 4.152832 467.768555 134.011230 0.0 0.0 0.0 0.0 0.0 0.0 0.0 0.657538
Person 0.0 0 0.0 1463.671875 61.171875 1540.078125 251.015625 0.0 0.0 0.0 0.0 0.0 0.0 0.0 0.709019
Person 0.0 0 0.0 375.380859 0.000000 432.744141 78.837891 0.0 0.0 0.0 0.0 0.0 0.0 0.0 0.761361
Person 0.0 0 0.0 1039.921875 291.752930 1260.703125 687.524414 0.0 0.0 0.0 0.0 0.0 0.0 0.0 0.823328
Person 0.0 0 0.0 159.550781 4.284668 243.105469 177.517090 0.0 0.0 0.0 0.0 0.0 0.0 0.0 0.889529
Person 0.0 0 0.0 1036.757812 435.322266 1209.492188 816.591797 0.0 0.0 0.0 0.0 0.0 0.0 0.0 0.899475
Person 0.0 0 0.0 969.755859 148.183594 1070.244141 469.335938 0.0 0.0 0.0 0.0 0.0 0.0 0.0 0.937669
Person 0.0 0 0.0 1205.449219 64.006348 1295.800781 282.194824 0.0 0.0 0.0 0.0 0.0 0.0 0.0 0.944382
Person 0.0 0 0.0 351.914062 68.027344 447.304688 392.607422 0.0 0.0 0.0 0.0 0.0 0.0 0.0 0.945399
Person 0.0 0 0.0 891.591797 110.874023 979.658203 427.543945 0.0 0.0 0.0 0.0 0.0 0.0 0.0 0.949295
Person 0.0 0 0.0 443.466797 103.886719 544.658203 431.103516 0.0 0.0 0.0 0.0 0.0 0.0 0.0 0.957912
Person 0.0 0 0.0 1397.460938 73.959961 1467.539062 242.446289 0.0 0.0 0.0 0.0 0.0 0.0 0.0 0.965900
