Person 0.0 0 0.0 1196.777344 283.710938 1326.972656 662.871094 0.0 0.0 0.0 0.0 0.0 0.0 0.0 0.300746
Person 0.0 0 0.0 33.164062 0.000000 54.257812 40.292358 0.0 0.0 0.0 0.0 0.0 0.0 0.0 0.309024
Person 0.0 0 0.0 1212.919922 0.000000 1282.705078 190.239258 0.0 0.0 0.0 0.0 0.0 0.0 0.0 0.345105
Person 0.0 0 0.0 196.171875 0.000000 228.046875 58.617554 0.0 0.0 0.0 0.0 0.0 0.0 0.0 0.373876
Person 0.0 0 0.0 1223.789062 0.000000 1284.960938 85.363770 0.0 0.0 0.0 0.0 0.0 0.0 0.0 0.396068
Person 0.0 0 0.0 1215.878906 283.842773 1328.496094 595.766602 0.0 0.0 0.0 0.0 0.0 0.0 0.0 0.469763
Person 0.0 0 0.0 1443.735352 63.808594 1500.014648 212.783203 0.0 0.0 0.0 0.0 0.0 0.0 0.0 0.539954
Person 0.0 0 0.0 0.556641 229.130859 86.513672 531.826172 0.0 0.0 0.0 0.0 0.0 0.0 0.0 0.569853
Person 0.0 0 0.0 232.792969 0.131836 266.425781 85.495605 0.0 0.0 0.0 0.0 0.0 0.0 0.0 0.578448
Person 0.0 0 0.0 1161.591797 310.605469 1275.908203 662.871094 0.0 0.0 0.0 0.0 0.0 0.0 0.0 0.687630
Person 0.0 0 0.0 168.017578 1.516113 215.888672 138.098145 0.0 0.0 0.0 0.0 0.0 0.0 0.0 0.831143
Person 0.0 0 0.0 400.136719 79.233398 481.113281 357.934570 0.0 0.0 0.0 0.0 0.0 0.0 0.0 0.921640
Person 0.0 0 0.0 1073.671875 421.875000 1255.078125 814.218750 0.0 0.0 0.0 0.0 0.0 0.0 0.0 0.930458
Person 0.0 0 0.0 1077.187500 0.197754 1148.437500 145.217285 0.0 0.0 0.0 0.0 0.0 0.0 0.0 0.932699
Person 0.0 0 0.0 1033.447266 92.812500 1119.052734 382.851562 0.0 0.0 0.0 0.0 0.0 0.0 0.0 0.949856
Person 0.0 0 0.0 251.660156 32.036133 340.371094 230.976562 0.0 0.0 0.0 0.0 0.0 0.0 0.0 0.951142
Person 0.0 0 0.0 1318.447266 61.369629 1400.302734 287.468262 0.0 0.0 0.0 0.0 0.0 0.0 0.0 0.954137
Person 0.0 0 0.0 1268.818359 18.654785 1350.556641 207.839355 0.0 0.0 0.0 0.0 0.0 0.0 0.0 0.954816
Person 0.0 0 0.0 1063.125000 131.308594 1181.250000 442.441406 0.0 0.0 0.0 0.0 0.0 0.0 0.0 0.965381
Person 0.0 0 0.0 1201.611328 45.021973 1279.013672 266.374512 0.0 0.0 0.0 0.0 0.0 0.0 0.0 0.967533
