Person 0.0 0 0.0 342.041016 0.000000 381.240234 51.712646 0.0 0.0 0.0 0.0 0.0 0.0 0.0 0.336767
Person 0.0 0 0.0 1110.908203 0.000000 1146.591797 87.308350 0.0 0.0 0.0 0.0 0.0 0.0 0.0 0.430147
Person 0.0 0 0.0 144.140625 0.000000 179.062500 88.923340 0.0 0.0 0.0 0.0 0.0 0.0 0.0 0.518546
Person 0.0 0 0.0 1463.261719 64.401855 1544.238281 261.232910 0.0 0.0 0.0 0.0 0.0 0.0 0.0 0.577495
Person 0.0 0 0.0 65.698242 0.098877 112.778320 102.139893 0.0 0.0 0.0 0.0 0.0 0.0 0.0 0.703346
Person 0.0 0 0.0 257.871094 0.000000 302.753906 109.786377 0.0 0.0 0.0 0.0 0.0 0.0 0.0 0.769080
Person 0.0 0 0.0 1055.302734 11.997070 1097.197266 189.580078 0.0 0.0 0.0 0.0 0.0 0.0 0.0 0.842345
Person 0.0 0 0.0 1193.261719 495.175781 1384.863281 861.152344 0.0 0.0 0.0 0.0 0.0 0.0 0.0 0.884439
Person 0.0 0 0.0 1078.769531 457.470703 1261.230469 814.482422 0.0 0.0 0.0 0.0 0.0 0.0 0.0 0.921922
Person 0.0 0 0.0 1398.398438 74.421387 1464.726562 241.193848 0.0 0.0 0.0 0.0 0.0 0.0 0.0 0.926570
Person 0.0 0 0.0 182.739258 0.230713 234.213867 132.659912 0.0 0.0 0.0 0.0 0.0 0.0 0.0 0.929696
Person 0.0 0 0.0 1068.808594 277.382812 1218.691406 660.234375 0.0 0.0 0.0 0.0 0.0 0.0 0.0 0.933915
Person 0.0 0 0.0 908.027344 233.481445 1036.347656 604.467773 0.0 0.0 0.0 0.0 0.0 0.0 0.0 0.938801
Person 0.0 0 0.0 1155.263672 0.000000 1225.986328 191.293945 0.0 0.0 0.0 0.0 0.0 0.0 0.0 0.943556
Person 0.0 0 0.0 327.773438 76.992188 423.164062 410.273438 0.0 0.0 0.0 0.0 0.0 0.0 0.0 0.955486
Person 0.0 0 0.0 766.113281 167.695312 882.949219 518.378906 0.0 0.0 0.0 0.0 0.0 0.0 0.0 0.959001
Person 0.0 0 0.0 998.671875 154.511719 1088.203125 478.300781 0.0 0.0 0.0 0.0 0.0 0.0 0.0 0.961534
Person 0.0 0 0.0 418.505859 99.404297 508.212891 419.238281 0.0 0.0 0.0 0.0 0.0 0.0 0.0 0.964589
Person 0.0 0 0.0 1147.851562 32.958984 1235.273438 244.423828 0.0 0.0 0.0 0.0 0.0 0.0 0.0 0.965119
Person 0.0 0 0.0 855.878906 110.478516 962.871094 417.392578 0.0 0.0 0.0 0.0 0.0 0.0 0.0 0.968856
