Person 0.0 0 0.0 1491.533203 88.000488 1583.466797 275.339355 0.0 0.0 0.0 0.0 0.0 0.0 0.0 0.360264
Person 0.0 0 0.0 1574.912109 236.381836 1676.337891 483.969727 0.0 0.0 0.0 0.0 0.0 0.0 0.0 0.430147
Person 0.0 0 0.0 1111.259766 0.065918 1148.115234 87.473145 0.0 0.0 0.0 0.0 0.0 0.0 0.0 0.464902
Person 0.0 0 0.0 888.750000 104.414062 950.625000 395.507812 0.0 0.0 0.0 0.0 0.0 0.0 0.0 0.585101
Person 0.0 0 0.0 1531.376953 62.951660 1590.498047 202.829590 0.0 0.0 0.0 0.0 0.0 0.0 0.0 0.616012
Person 0.0 0 0.0 1075.957031 328.798828 1245.292969 695.830078 0.0 0.0 0.0 0.0 0.0 0.0 0.0 0.658418
Person 0.0 0 0.0 253.740234 0.000000 305.009766 104.117432 0.0 0.0 0.0 0.0 0.0 0.0 0.0 0.685949
Person 0.0 0 0.0 1668.398438 179.165039 1730.976562 377.709961 0.0 0.0 0.0 0.0 0.0 0.0 0.0 0.795658
Person 0.0 0 0.0 1435.224609 62.687988 1487.900391 219.440918 0.0 0.0 0.0 0.0 0.0 0.0 0.0 0.831143
Person 0.0 0 0.0 124.365234 0.000000 170.712891 92.252197 0.0 0.0 0.0 0.0 0.0 0.0 0.0 0.858719
Person 0.0 0 0.0 126.386719 131.704102 262.910156 474.741211 0.0 0.0 0.0 0.0 0.0 0.0 0.0 0.883638
Person 0.0 0 0.0 180.424805 0.000000 235.122070 136.186523 0.0 0.0 0.0 0.0 0.0 0.0 0.0 0.899828
Person 0.0 0 0.0 48.017578 20.039062 106.787109 167.036133 0.0 0.0 0.0 0.0 0.0 0.0 0.0 0.916409
Person 0.0 0 0.0 960.205078 162.026367 1070.419922 493.461914 0.0 0.0 0.0 0.0 0.0 0.0 0.0 0.918187
Person 0.0 0 0.0 1073.730469 426.225586 1264.394531 814.086914 0.0 0.0 0.0 0.0 0.0 0.0 0.0 0.919063
Person 0.0 0 0.0 325.693359 121.948242 421.962891 437.563477 0.0 0.0 0.0 0.0 0.0 0.0 0.0 0.934155
Person 0.0 0 0.0 1265.156250 38.232422 1342.968750 259.453125 0.0 0.0 0.0 0.0 0.0 0.0 0.0 0.941223
Person 0.0 0 0.0 826.611328 153.325195 930.263672 498.999023 0.0 0.0 0.0 0.0 0.0 0.0 0.0 0.947575
Person 0.0 0 0.0 1272.832031 76.333008 1370.917969 303.090820 0.0 0.0 0.0 0.0 0.0 0.0 0.0 0.948537
Person 0.0 0 0.0 1144.394531 35.200195 1274.355469 279.887695 0.0 0.0 0.0 0.0 0.0 0.0 0.0 0.955486
