Person 0.0 0 0.0 1495.957031 98.020020 1594.042969 273.493652 0.0 0.0 0.0 0.0 0.0 0.0 0.0 0.372049
Person 0.0 0 0.0 1103.027344 0.000000 1146.972656 86.616211 0.0 0.0 0.0 0.0 0.0 0.0 0.0 0.477554
Person 0.0 0 0.0 1206.884766 1.054688 1283.115234 177.187500 0.0 0.0 0.0 0.0 0.0 0.0 0.0 0.671471
Person 0.0 0 0.0 1155.966797 331.699219 1270.283203 676.582031 0.0 0.0 0.0 0.0 0.0 0.0 0.0 0.742422
Person 0.0 0 0.0 1649.326172 177.385254 1720.048828 348.112793 0.0 0.0 0.0 0.0 0.0 0.0 0.0 0.819316
Person 0.0 0 0.0 500.390625 44.890137 568.359375 263.078613 0.0 0.0 0.0 0.0 0.0 0.0 0.0 0.847463
Person 0.0 0 0.0 138.295898 4.152832 180.922852 162.092285 0.0 0.0 0.0 0.0 0.0 0.0 0.0 0.855369
Person 0.0 0 0.0 201.225586 0.000000 256.977539 124.189453 0.0 0.0 0.0 0.0 0.0 0.0 0.0 0.870597
Person 0.0 0 0.0 1611.035156 429.785156 1797.714844 763.066406 0.0 0.0 0.0 0.0 0.0 0.0 0.0 0.919063
Person 0.0 0 0.0 260.039062 0.527344 322.617188 228.339844 0.0 0.0 0.0 0.0 0.0 0.0 0.0 0.921358
Person 0.0 0 0.0 1072.910156 423.852539 1250.214844 814.350586 0.0 0.0 0.0 0.0 0.0 0.0 0.0 0.944177
Person 0.0 0 0.0 352.207031 35.463867 464.824219 282.788086 0.0 0.0 0.0 0.0 0.0 0.0 0.0 0.952042
Person 0.0 0 0.0 1268.115234 19.248047 1345.634766 207.246094 0.0 0.0 0.0 0.0 0.0 0.0 0.0 0.960361
Person 0.0 0 0.0 1034.296875 91.757812 1120.078125 381.005859 0.0 0.0 0.0 0.0 0.0 0.0 0.0 0.961098
Person 0.0 0 0.0 1293.193359 44.296875 1382.431641 262.089844 0.0 0.0 0.0 0.0 0.0 0.0 0.0 0.963916
Person 0.0 0 0.0 1055.039062 132.363281 1176.210938 434.003906 0.0 0.0 0.0 0.0 0.0 0.0 0.0 0.970688
