Person 0.0 0 0.0 31.450195 0.000000 54.155273 39.847412 0.0 0.0 0.0 0.0 0.0 0.0 0.0 0.311951
Person 0.0 0 0.0 1492.587891 98.811035 1591.787109 274.548340 0.0 0.0 0.0 0.0 0.0 0.0 0.0 0.317003
Person 0.0 0 0.0 1096.325684 0.000000 1119.924316 72.015381 0.0 0.0 0.0 0.0 0.0 0.0 0.0 0.322526
Person 0.0 0 0.0 1463.144531 68.620605 1529.355469 254.904785 0.0 0.0 0.0 0.0 0.0 0.0 0.0 0.360264
Person 0.0 0 0.0 1110.761719 0.000000 1148.613281 85.957031 0.0 0.0 0.0 0.0 0.0 0.0 0.0 0.481454
Person 0.0 0 0.0 1441.977539 66.049805 1501.772461 211.596680 0.0 0.0 0.0 0.0 0.0 0.0 0.0 0.491212
Person 0.0 0 0.0 1224.990234 1.450195 1272.509766 183.383789 0.0 0.0 0.0 0.0 0.0 0.0 0.0 0.611382
Person 0.0 0 0.0 1.171875 196.567383 122.343750 498.471680 0.0 0.0 0.0 0.0 0.0 0.0 0.0 0.669745
Person 0.0 0 0.0 499.746094 123.266602 637.441406 443.100586 0.0 0.0 0.0 0.0 0.0 0.0 0.0 0.737914
Person 0.0 0 0.0 227.226562 0.000000 276.210938 114.235840 0.0 0.0 0.0 0.0 0.0 0.0 0.0 0.830594
Person 0.0 0 0.0 1153.066406 320.229492 1265.683594 662.739258 0.0 0.0 0.0 0.0 0.0 0.0 0.0 0.848471
Person 0.0 0 0.0 1294.028320 17.797852 1351.596680 207.114258 0.0 0.0 0.0 0.0 0.0 0.0 0.0 0.877477
Person 0.0 0 0.0 166.069336 0.395508 216.665039 138.295898 0.0 0.0 0.0 0.0 0.0 0.0 0.0 0.905322
Person 0.0 0 0.0 1073.496094 422.666016 1255.253906 814.482422 0.0 0.0 0.0 0.0 0.0 0.0 0.0 0.921922
Person 0.0 0 0.0 421.289062 7.778320 484.804688 209.750977 0.0 0.0 0.0 0.0 0.0 0.0 0.0 0.942507
Person 0.0 0 0.0 1318.330078 62.819824 1406.044922 287.600098 0.0 0.0 0.0 0.0 0.0 0.0 0.0 0.948155
Person 0.0 0 0.0 1229.707031 66.906738 1324.042969 296.433105 0.0 0.0 0.0 0.0 0.0 0.0 0.0 0.951323
Person 0.0 0 0.0 1084.541016 132.495117 1180.458984 444.946289 0.0 0.0 0.0 0.0 0.0 0.0 0.0 0.957912
Person 0.0 0 0.0 961.230469 209.619141 1114.394531 567.685547 0.0 0.0 0.0 0.0 0.0 0.0 0.0 0.959913
Person 0.0 0 0.0 1173.603516 8.503418 1258.271484 223.527832 0.0 0.0 0.0 0.0 0.0 0.0 0.0 0.965771
