Person 0.0 0 0.0 1511.601562 55.272217 1572.773438 189.283447 0.0 0.0 0.0 0.0 0.0 0.0 0.0 0.385837
Person 0.0 0 0.0 1489.658203 101.645508 1587.216797 275.141602 0.0 0.0 0.0 0.0 0.0 0.0 0.0 0.425367
Person 0.0 0 0.0 1111.083984 0.065918 1148.291016 87.341309 0.0 0.0 0.0 0.0 0.0 0.0 0.0 0.466846
Person 0.0 0 0.0 890.463867 104.018555 946.098633 395.903320 0.0 0.0 0.0 0.0 0.0 0.0 0.0 0.479504
Person 0.0 0 0.0 1574.648438 238.754883 1682.226562 476.323242 0.0 0.0 0.0 0.0 0.0 0.0 0.0 0.535098
Person 0.0 0 0.0 124.760742 0.000000 169.145508 91.230469 0.0 0.0 0.0 0.0 0.0 0.0 0.0 0.667148
Person 0.0 0 0.0 1074.550781 332.885742 1242.949219 696.489258 0.0 0.0 0.0 0.0 0.0 0.0 0.0 0.677474
Person 0.0 0 0.0 254.165039 0.000000 305.053711 107.545166 0.0 0.0 0.0 0.0 0.0 0.0 0.0 0.759225
Person 0.0 0 0.0 1669.013672 186.284180 1739.736328 377.973633 0.0 0.0 0.0 0.0 0.0 0.0 0.0 0.829492
Person 0.0 0 0.0 1434.829102 64.467773 1490.170898 219.243164 0.0 0.0 0.0 0.0 0.0 0.0 0.0 0.849472
Person 0.0 0 0.0 1074.023438 426.093750 1269.726562 814.218750 0.0 0.0 0.0 0.0 0.0 0.0 0.0 0.917006
Person 0.0 0 0.0 173.144531 0.131836 235.136719 137.241211 0.0 0.0 0.0 0.0 0.0 0.0 0.0 0.925769
Person 0.0 0 0.0 87.949219 154.116211 208.535156 476.586914 0.0 0.0 0.0 0.0 0.0 0.0 0.0 0.932944
Person 0.0 0 0.0 970.517578 164.531250 1069.482422 498.867188 0.0 0.0 0.0 0.0 0.0 0.0 0.0 0.933431
Person 0.0 0 0.0 326.103516 123.002930 422.021484 437.563477 0.0 0.0 0.0 0.0 0.0 0.0 0.0 0.942929
Person 0.0 0 0.0 830.449219 153.852539 932.050781 499.526367 0.0 0.0 0.0 0.0 0.0 0.0 0.0 0.950227
Person 0.0 0 0.0 1273.007812 76.860352 1370.742188 303.618164 0.0 0.0 0.0 0.0 0.0 0.0 0.0 0.952397
Person 0.0 0 0.0 64.980469 14.897461 122.988281 164.003906 0.0 0.0 0.0 0.0 0.0 0.0 0.0 0.952574
Person 0.0 0 0.0 1264.482422 38.034668 1343.642578 259.387207 0.0 0.0 0.0 0.0 0.0 0.0 0.0 0.952750
Person 0.0 0 0.0 1143.339844 35.727539 1271.660156 280.415039 0.0 0.0 0.0 0.0 0.0 0.0 0.0 0.963092
