Person 0.0 0 0.0 477.919922 0.000000 524.267578 68.488770 0.0 0.0 0.0 0.0 0.0 0.0 0.0 0.398875
Person 0.0 0 0.0 1110.600586 0.164795 1146.899414 87.572021 0.0 0.0 0.0 0.0 0.0 0.0 0.0 0.445530
Person 0.0 0 0.0 224.370117 0.000000 268.754883 87.077637 0.0 0.0 0.0 0.0 0.0 0.0 0.0 0.489259
Person 0.0 0 0.0 419.355469 0.000000 467.519531 93.669434 0.0 0.0 0.0 0.0 0.0 0.0 0.0 0.538012
Person 0.0 0 0.0 522.905273 0.000000 576.782227 89.417725 0.0 0.0 0.0 0.0 0.0 0.0 0.0 0.589835
Person 0.0 0 0.0 482.036133 28.608398 541.713867 242.182617 0.0 0.0 0.0 0.0 0.0 0.0 0.0 0.595493
Person 0.0 0 0.0 275.068359 0.000000 318.837891 105.831299 0.0 0.0 0.0 0.0 0.0 0.0 0.0 0.659295
Person 0.0 0 0.0 0.512695 0.955811 31.538086 114.796143 0.0 0.0 0.0 0.0 0.0 0.0 0.0 0.721743
Person 0.0 0 0.0 1464.111328 64.731445 1539.638672 250.356445 0.0 0.0 0.0 0.0 0.0 0.0 0.0 0.762778
Person 0.0 0 0.0 1051.333008 2.373047 1095.541992 150.292969 0.0 0.0 0.0 0.0 0.0 0.0 0.0 0.806243
Person 0.0 0 0.0 418.417969 59.853516 479.707031 323.525391 0.0 0.0 0.0 0.0 0.0 0.0 0.0 0.806853
Person 0.0 0 0.0 186.577148 0.296631 238.344727 130.946045 0.0 0.0 0.0 0.0 0.0 0.0 0.0 0.854399
Person 0.0 0 0.0 1065.644531 283.974609 1189.980469 681.591797 0.0 0.0 0.0 0.0 0.0 0.0 0.0 0.857768
Person 0.0 0 0.0 1253.613281 89.582520 1350.761719 307.507324 0.0 0.0 0.0 0.0 0.0 0.0 0.0 0.869715
Person 0.0 0 0.0 355.634766 70.532227 448.740234 395.375977 0.0 0.0 0.0 0.0 0.0 0.0 0.0 0.929951
Person 0.0 0 0.0 1397.490234 74.619141 1465.634766 241.787109 0.0 0.0 0.0 0.0 0.0 0.0 0.0 0.933915
Person 0.0 0 0.0 980.419922 144.096680 1085.830078 469.731445 0.0 0.0 0.0 0.0 0.0 0.0 0.0 0.938801
Person 0.0 0 0.0 454.453125 108.764648 545.859375 429.916992 0.0 0.0 0.0 0.0 0.0 0.0 0.0 0.947381
Person 0.0 0 0.0 886.113281 117.729492 969.199219 426.489258 0.0 0.0 0.0 0.0 0.0 0.0 0.0 0.950041
Person 0.0 0 0.0 978.574219 423.720703 1134.550781 819.755859 0.0 0.0 0.0 0.0 0.0 0.0 0.0 0.950778
