Person 0.0 0 0.0 1114.130859 0.000000 1147.119141 86.517334 0.0 0.0 0.0 0.0 0.0 0.0 0.0 0.431105
Person 0.0 0 0.0 1169.721680 0.000000 1226.528320 107.479248 0.0 0.0 0.0 0.0 0.0 0.0 0.0 0.541894
Person 0.0 0 0.0 377.827148 0.000000 436.391602 101.612549 0.0 0.0 0.0 0.0 0.0 0.0 0.0 0.668015
Person 0.0 0 0.0 785.595703 164.794922 877.529297 526.025391 0.0 0.0 0.0 0.0 0.0 0.0 0.0 0.677474
Person 0.0 0 0.0 145.795898 0.000000 182.797852 88.494873 0.0 0.0 0.0 0.0 0.0 0.0 0.0 0.700895
Person 0.0 0 0.0 255.996094 0.000000 299.941406 108.929443 0.0 0.0 0.0 0.0 0.0 0.0 0.0 0.732592
Person 0.0 0 0.0 1463.613281 64.072266 1540.136719 252.597656 0.0 0.0 0.0 0.0 0.0 0.0 0.0 0.757794
Person 0.0 0 0.0 1260.937500 483.310547 1444.687500 850.869141 0.0 0.0 0.0 0.0 0.0 0.0 0.0 0.798815
Person 0.0 0 0.0 98.964844 0.000000 144.785156 114.862061 0.0 0.0 0.0 0.0 0.0 0.0 0.0 0.821617
Person 0.0 0 0.0 183.720703 0.065918 233.935547 132.626953 0.0 0.0 0.0 0.0 0.0 0.0 0.0 0.886813
Person 0.0 0 0.0 730.195312 251.147461 872.929688 663.266602 0.0 0.0 0.0 0.0 0.0 0.0 0.0 0.910227
Person 0.0 0 0.0 1076.894531 434.003906 1259.355469 813.691406 0.0 0.0 0.0 0.0 0.0 0.0 0.0 0.913984
Person 0.0 0 0.0 427.412109 113.510742 535.400391 421.479492 0.0 0.0 0.0 0.0 0.0 0.0 0.0 0.928668
Person 0.0 0 0.0 327.597656 77.783203 424.746094 411.064453 0.0 0.0 0.0 0.0 0.0 0.0 0.0 0.939913
Person 0.0 0 0.0 1068.515625 278.305664 1218.984375 660.366211 0.0 0.0 0.0 0.0 0.0 0.0 0.0 0.940134
Person 0.0 0 0.0 1397.988281 74.157715 1467.011719 241.457520 0.0 0.0 0.0 0.0 0.0 0.0 0.0 0.942082
Person 0.0 0 0.0 1045.283203 0.000000 1118.466797 191.953125 0.0 0.0 0.0 0.0 0.0 0.0 0.0 0.943138
Person 0.0 0 0.0 875.976562 121.025391 972.773438 427.939453 0.0 0.0 0.0 0.0 0.0 0.0 0.0 0.960510
Person 0.0 0 0.0 1148.056641 22.741699 1216.318359 236.975098 0.0 0.0 0.0 0.0 0.0 0.0 0.0 0.960952
Person 0.0 0 0.0 951.269531 151.347656 1045.605469 473.027344 0.0 0.0 0.0 0.0 0.0 0.0 0.0 0.965512
