Person 0.0 0 0.0 1035.205078 92.153320 1115.419922 380.610352 0.0 0.0 0.0 0.0 0.0 0.0 0.0 0.304042
Person 0.0 0 0.0 1108.110352 0.000000 1147.514648 86.978760 0.0 0.0 0.0 0.0 0.0 0.0 0.0 0.482429
Person 0.0 0 0.0 1206.914062 1.582031 1286.835938 183.251953 0.0 0.0 0.0 0.0 0.0 0.0 0.0 0.625209
Person 0.0 0 0.0 1034.472656 92.285156 1166.777344 379.951172 0.0 0.0 0.0 0.0 0.0 0.0 0.0 0.641535
Person 0.0 0 0.0 137.270508 4.218750 180.307617 162.026367 0.0 0.0 0.0 0.0 0.0 0.0 0.0 0.861538
Person 0.0 0 0.0 253.828125 0.329590 319.453125 215.617676 0.0 0.0 0.0 0.0 0.0 0.0 0.0 0.871037
Person 0.0 0 0.0 1579.716797 140.932617 1656.533203 305.200195 0.0 0.0 0.0 0.0 0.0 0.0 0.0 0.903635
Person 0.0 0 0.0 1562.285156 405.922852 1786.464844 736.303711 0.0 0.0 0.0 0.0 0.0 0.0 0.0 0.910863
Person 0.0 0 0.0 1195.576172 307.705078 1315.048828 683.173828 0.0 0.0 0.0 0.0 0.0 0.0 0.0 0.931960
Person 0.0 0 0.0 1054.921875 128.935547 1168.828125 433.212891 0.0 0.0 0.0 0.0 0.0 0.0 0.0 0.940353
Person 0.0 0 0.0 495.468750 40.209961 566.718750 263.276367 0.0 0.0 0.0 0.0 0.0 0.0 0.0 0.946200
Person 0.0 0 0.0 1267.382812 19.313965 1346.367188 207.971191 0.0 0.0 0.0 0.0 0.0 0.0 0.0 0.946794
Person 0.0 0 0.0 399.521484 46.538086 502.822266 318.911133 0.0 0.0 0.0 0.0 0.0 0.0 0.0 0.960361
Person 0.0 0 0.0 1187.958984 16.083984 1300.166016 228.471680 0.0 0.0 0.0 0.0 0.0 0.0 0.0 0.961822
Person 0.0 0 0.0 1073.320312 420.424805 1244.179688 814.614258 0.0 0.0 0.0 0.0 0.0 0.0 0.0 0.968020
Person 0.0 0 0.0 1292.519531 45.549316 1381.230469 261.628418 0.0 0.0 0.0 0.0 0.0 0.0 0.0 0.971347
