Person 0.0 0 0.0 1108.623047 0.065918 1147.001953 89.187012 0.0 0.0 0.0 0.0 0.0 0.0 0.0 0.378459
Person 0.0 0 0.0 208.989258 0.000000 255.776367 92.416992 0.0 0.0 0.0 0.0 0.0 0.0 0.0 0.481454
Person 0.0 0 0.0 1064.941406 0.032959 1119.433594 102.996826 0.0 0.0 0.0 0.0 0.0 0.0 0.0 0.539954
Person 0.0 0 0.0 480.996094 0.000000 520.253906 122.508545 0.0 0.0 0.0 0.0 0.0 0.0 0.0 0.670608
Person 0.0 0 0.0 68.320312 0.197754 113.789062 106.127930 0.0 0.0 0.0 0.0 0.0 0.0 0.0 0.674908
Person 0.0 0 0.0 418.403320 0.527344 465.190430 107.973633 0.0 0.0 0.0 0.0 0.0 0.0 0.0 0.704973
Person 0.0 0 0.0 1463.320312 63.281250 1542.304688 253.916016 0.0 0.0 0.0 0.0 0.0 0.0 0.0 0.708213
Person 0.0 0 0.0 429.521484 31.838379 510.322266 153.259277 0.0 0.0 0.0 0.0 0.0 0.0 0.0 0.749087
Person 0.0 0 0.0 260.932617 0.000000 310.004883 110.412598 0.0 0.0 0.0 0.0 0.0 0.0 0.0 0.767690
Person 0.0 0 0.0 179.721680 0.230713 232.075195 131.209717 0.0 0.0 0.0 0.0 0.0 0.0 0.0 0.777300
Person 0.0 0 0.0 1035.527344 437.958984 1206.972656 817.119141 0.0 0.0 0.0 0.0 0.0 0.0 0.0 0.904651
Person 0.0 0 0.0 18.603516 28.212891 68.642578 177.319336 0.0 0.0 0.0 0.0 0.0 0.0 0.0 0.926304
Person 0.0 0 0.0 1255.312500 128.144531 1377.187500 376.259766 0.0 0.0 0.0 0.0 0.0 0.0 0.0 0.929184
Person 0.0 0 0.0 359.970703 72.377930 453.779297 394.321289 0.0 0.0 0.0 0.0 0.0 0.0 0.0 0.942082
Person 0.0 0 0.0 446.513672 103.227539 544.423828 429.389648 0.0 0.0 0.0 0.0 0.0 0.0 0.0 0.942507
Person 0.0 0 0.0 1397.636719 74.816895 1465.488281 242.116699 0.0 0.0 0.0 0.0 0.0 0.0 0.0 0.944995
Person 0.0 0 0.0 1033.007812 290.961914 1177.617188 690.424805 0.0 0.0 0.0 0.0 0.0 0.0 0.0 0.945601
Person 0.0 0 0.0 891.210938 107.841797 981.914062 427.412109 0.0 0.0 0.0 0.0 0.0 0.0 0.0 0.960212
Person 0.0 0 0.0 965.859375 146.337891 1089.140625 471.181641 0.0 0.0 0.0 0.0 0.0 0.0 0.0 0.961965
Person 0.0 0 0.0 1150.898438 5.141602 1220.976562 182.329102 0.0 0.0 0.0 0.0 0.0 0.0 0.0 0.966537
