Person 0.0 0 0.0 394.951172 145.151367 487.705078 331.567383 0.0 0.0 0.0 0.0 0.0 0.0 0.0 0.355775
Person 0.0 0 0.0 903.808594 789.235840 1078.066406 1056.467285 0.0 0.0 0.0 0.0 0.0 0.0 0.0 0.420600
Person 0.0 0 0.0 1170.527344 942.330322 1349.472656 1074.232178 0.0 0.0 0.0 0.0 0.0 0.0 0.0 0.525369
Person 0.0 0 0.0 1776.093750 292.543945 1874.531250 528.530273 0.0 0.0 0.0 0.0 0.0 0.0 0.0 0.809878
Person 0.0 0 0.0 940.781250 523.520508 1089.843750 884.487305 0.0 0.0 0.0 0.0 0.0 0.0 0.0 0.843895
Person 0.0 0 0.0 424.863281 327.744141 568.886719 693.720703 0.0 0.0 0.0 0.0 0.0 0.0 0.0 0.865679
Person 0.0 0 0.0 1699.101562 520.883789 1887.773438 850.209961 0.0 0.0 0.0 0.0 0.0 0.0 0.0 0.891434
Person 0.0 0 0.0 696.298828 316.538086 796.201172 699.125977 0.0 0.0 0.0 0.0 0.0 0.0 0.0 0.903294
Person 0.0 0 0.0 1601.132812 866.887207 1822.617188 1074.792480 0.0 0.0 0.0 0.0 0.0 0.0 0.0 0.910863
Person 0.0 0 0.0 876.269531 341.059570 1003.417969 723.647461 0.0 0.0 0.0 0.0 0.0 0.0 0.0 0.923316
Person 0.0 0 0.0 467.343750 0.065918 531.093750 179.890137 0.0 0.0 0.0 0.0 0.0 0.0 0.0 0.929951
Person 0.0 0 0.0 1073.554688 604.731445 1228.945312 965.698242 0.0 0.0 0.0 0.0 0.0 0.0 0.0 0.931213
Person 0.0 0 0.0 1786.523438 355.957031 1888.476562 612.773438 0.0 0.0 0.0 0.0 0.0 0.0 0.0 0.934872
Person 0.0 0 0.0 256.113281 359.121094 399.199219 680.273438 0.0 0.0 0.0 0.0 0.0 0.0 0.0 0.943138
Person 0.0 0 0.0 1216.552734 94.394531 1294.072266 264.199219 0.0 0.0 0.0 0.0 0.0 0.0 0.0 0.943971
Person 0.0 0 0.0 764.824219 264.067383 912.363281 637.163086 0.0 0.0 0.0 0.0 0.0 0.0 0.0 0.957278
Person 0.0 0 0.0 1161.166992 87.407227 1218.208008 295.708008 0.0 0.0 0.0 0.0 0.0 0.0 0.0 0.963231
Person 0.0 0 0.0 1197.949219 115.817871 1310.800781 341.125488 0.0 0.0 0.0 0.0 0.0 0.0 0.0 0.963643
