Person 0.0 0 0.0 1317.004395 82.743530 1345.495605 139.795532 0.0 0.0 0.0 0.0 0.0 0.0 0.0 0.328960
Person 0.0 0 0.0 395.097656 144.953613 486.152344 322.800293 0.0 0.0 0.0 0.0 0.0 0.0 0.0 0.331120
Person 0.0 0 0.0 1895.456543 269.967041 1918.000000 363.372803 0.0 0.0 0.0 0.0 0.0 0.0 0.0 0.352202
Person 0.0 0 0.0 1310.712891 113.675537 1349.912109 229.097900 0.0 0.0 0.0 0.0 0.0 0.0 0.0 0.373876
Person 0.0 0 0.0 1312.060547 83.583984 1348.564453 223.066406 0.0 0.0 0.0 0.0 0.0 0.0 0.0 0.417746
Person 0.0 0 0.0 1170.878906 942.231445 1349.121094 1074.331055 0.0 0.0 0.0 0.0 0.0 0.0 0.0 0.491212
Person 0.0 0 0.0 1797.304688 363.801270 1907.695312 593.854980 0.0 0.0 0.0 0.0 0.0 0.0 0.0 0.654011
Person 0.0 0 0.0 1623.164062 929.707031 1830.585938 1075.253906 0.0 0.0 0.0 0.0 0.0 0.0 0.0 0.668880
Person 0.0 0 0.0 421.523438 317.329102 560.976562 678.295898 0.0 0.0 0.0 0.0 0.0 0.0 0.0 0.685107
Person 0.0 0 0.0 0.585938 934.387207 180.468750 1074.792480 0.0 0.0 0.0 0.0 0.0 0.0 0.0 0.732592
Person 0.0 0 0.0 1781.484375 310.078125 1902.890625 528.925781 0.0 0.0 0.0 0.0 0.0 0.0 0.0 0.868381
Person 0.0 0 0.0 663.662109 317.197266 782.900391 709.541016 0.0 0.0 0.0 0.0 0.0 0.0 0.0 0.902952
Person 0.0 0 0.0 875.068359 357.011719 961.494141 701.894531 0.0 0.0 0.0 0.0 0.0 0.0 0.0 0.912124
Person 0.0 0 0.0 1230.791016 126.496582 1313.583984 361.560059 0.0 0.0 0.0 0.0 0.0 0.0 0.0 0.920504
Person 0.0 0 0.0 424.101562 512.050781 596.835938 894.902344 0.0 0.0 0.0 0.0 0.0 0.0 0.0 0.943556
Person 0.0 0 0.0 757.382812 249.565430 916.992188 636.899414 0.0 0.0 0.0 0.0 0.0 0.0 0.0 0.947769
Person 0.0 0 0.0 1273.535156 311.528320 1411.464844 660.893555 0.0 0.0 0.0 0.0 0.0 0.0 0.0 0.949856
Person 0.0 0 0.0 234.316406 382.324219 399.433594 700.839844 0.0 0.0 0.0 0.0 0.0 0.0 0.0 0.954984
Person 0.0 0 0.0 1158.193359 90.571289 1236.181641 299.399414 0.0 0.0 0.0 0.0 0.0 0.0 0.0 0.961244
