Person 0.0 0 0.0 395.332031 123.101807 459.199219 206.224365 0.0 0.0 0.0 0.0 0.0 0.0 0.0 0.308607
Person 0.0 0 0.0 1737.392578 349.826660 1840.107422 593.591309 0.0 0.0 0.0 0.0 0.0 0.0 0.0 0.345547
Person 0.0 0 0.0 1737.597656 389.047852 1830.527344 593.920898 0.0 0.0 0.0 0.0 0.0 0.0 0.0 0.372962
Person 0.0 0 0.0 1170.703125 941.737061 1349.296875 1074.825439 0.0 0.0 0.0 0.0 0.0 0.0 0.0 0.500000
Person 0.0 0 0.0 347.050781 352.397461 520.605469 731.821289 0.0 0.0 0.0 0.0 0.0 0.0 0.0 0.879974
Person 0.0 0 0.0 698.144531 355.561523 811.230469 782.446289 0.0 0.0 0.0 0.0 0.0 0.0 0.0 0.889912
Person 0.0 0 0.0 247.851562 378.237305 386.367188 674.340820 0.0 0.0 0.0 0.0 0.0 0.0 0.0 0.899121
Person 0.0 0 0.0 1606.757812 877.236328 1816.992188 1072.880859 0.0 0.0 0.0 0.0 0.0 0.0 0.0 0.904651
Person 0.0 0 0.0 1146.650391 74.091797 1202.724609 267.626953 0.0 0.0 0.0 0.0 0.0 0.0 0.0 0.914901
Person 0.0 0 0.0 1209.667969 102.436523 1284.082031 322.602539 0.0 0.0 0.0 0.0 0.0 0.0 0.0 0.934872
Person 0.0 0 0.0 824.941406 272.768555 986.308594 623.715820 0.0 0.0 0.0 0.0 0.0 0.0 0.0 0.937897
Person 0.0 0 0.0 1436.835938 637.031250 1700.039062 1013.554688 0.0 0.0 0.0 0.0 0.0 0.0 0.0 0.957754
Person 0.0 0 0.0 877.470703 361.757812 990.966797 739.335938 0.0 0.0 0.0 0.0 0.0 0.0 0.0 0.960657
Person 0.0 0 0.0 1223.554688 549.492188 1414.570312 911.250000 0.0 0.0 0.0 0.0 0.0 0.0 0.0 0.961678
Person 0.0 0 0.0 751.992188 27.883301 842.695312 286.940918 0.0 0.0 0.0 0.0 0.0 0.0 0.0 0.965641
Person 0.0 0 0.0 1168.769531 457.998047 1324.980469 836.103516 0.0 0.0 0.0 0.0 0.0 0.0 0.0 0.970013
