Person 0.0 0 0.0 1826.660156 948.592529 1918.000000 1075.352783 0.0 0.0 0.0 0.0 0.0 0.0 0.0 0.405449
Person 0.0 0 0.0 1170.527344 942.429199 1349.472656 1075.187988 0.0 0.0 0.0 0.0 0.0 0.0 0.0 0.476580
Person 0.0 0 0.0 0.527344 637.558594 137.753906 960.292969 0.0 0.0 0.0 0.0 0.0 0.0 0.0 0.598312
Person 0.0 0 0.0 1376.484375 129.990234 1445.390625 378.105469 0.0 0.0 0.0 0.0 0.0 0.0 0.0 0.705785
Person 0.0 0 0.0 434.824219 318.120117 584.238281 693.852539 0.0 0.0 0.0 0.0 0.0 0.0 0.0 0.850965
Person 0.0 0 0.0 830.390625 247.456055 969.609375 616.333008 0.0 0.0 0.0 0.0 0.0 0.0 0.0 0.860134
Person 0.0 0 0.0 1635.644531 889.497070 1838.730469 1075.385742 0.0 0.0 0.0 0.0 0.0 0.0 0.0 0.875361
Person 0.0 0 0.0 1717.031250 482.915039 1901.718750 842.827148 0.0 0.0 0.0 0.0 0.0 0.0 0.0 0.878731
Person 0.0 0 0.0 1149.257812 83.320312 1205.742188 289.248047 0.0 0.0 0.0 0.0 0.0 0.0 0.0 0.917303
Person 0.0 0 0.0 1073.203125 668.540039 1246.171875 965.170898 0.0 0.0 0.0 0.0 0.0 0.0 0.0 0.917893
Person 0.0 0 0.0 977.578125 505.590820 1129.921875 874.995117 0.0 0.0 0.0 0.0 0.0 0.0 0.0 0.925500
Person 0.0 0 0.0 245.976562 365.976562 391.054688 688.710938 0.0 0.0 0.0 0.0 0.0 0.0 0.0 0.943764
Person 0.0 0 0.0 695.332031 304.013672 806.542969 698.466797 0.0 0.0 0.0 0.0 0.0 0.0 0.0 0.944587
Person 0.0 0 0.0 867.304688 370.063477 989.882812 744.741211 0.0 0.0 0.0 0.0 0.0 0.0 0.0 0.944791
Person 0.0 0 0.0 1185.673828 112.390137 1287.451172 336.643066 0.0 0.0 0.0 0.0 0.0 0.0 0.0 0.956145
Person 0.0 0 0.0 1016.865234 38.562012 1085.009766 217.595215 0.0 0.0 0.0 0.0 0.0 0.0 0.0 0.958226
