Person 0.0 0 0.0 1792.441406 921.994629 1918.000000 1074.528809 0.0 0.0 0.0 0.0 0.0 0.0 0.0 0.331985
Person 0.0 0 0.0 1170.703125 942.330322 1349.296875 1074.232178 0.0 0.0 0.0 0.0 0.0 0.0 0.0 0.455199
Person 0.0 0 0.0 1668.691406 932.871094 1860.058594 1076.308594 0.0 0.0 0.0 0.0 0.0 0.0 0.0 0.811078
Person 0.0 0 0.0 1801.904297 366.174316 1916.220703 597.282715 0.0 0.0 0.0 0.0 0.0 0.0 0.0 0.876211
Person 0.0 0 0.0 74.062500 839.069824 310.546875 1073.078613 0.0 0.0 0.0 0.0 0.0 0.0 0.0 0.886813
Person 0.0 0 0.0 443.496094 313.110352 569.003906 698.862305 0.0 0.0 0.0 0.0 0.0 0.0 0.0 0.901921
Person 0.0 0 0.0 855.351562 339.609375 969.023438 702.421875 0.0 0.0 0.0 0.0 0.0 0.0 0.0 0.913677
Person 0.0 0 0.0 640.429688 307.177734 779.882812 711.123047 0.0 0.0 0.0 0.0 0.0 0.0 0.0 0.917598
Person 0.0 0 0.0 1782.568359 311.396484 1901.806641 543.427734 0.0 0.0 0.0 0.0 0.0 0.0 0.0 0.939248
Person 0.0 0 0.0 759.082031 255.893555 903.105469 621.606445 0.0 0.0 0.0 0.0 0.0 0.0 0.0 0.950041
Person 0.0 0 0.0 227.578125 392.871094 399.609375 690.292969 0.0 0.0 0.0 0.0 0.0 0.0 0.0 0.956796
Person 0.0 0 0.0 1275.117188 316.406250 1413.632812 664.453125 0.0 0.0 0.0 0.0 0.0 0.0 0.0 0.959001
Person 0.0 0 0.0 1173.310547 121.091309 1292.314453 352.727051 0.0 0.0 0.0 0.0 0.0 0.0 0.0 0.960952
Person 0.0 0 0.0 1156.669922 91.823730 1228.330078 300.256348 0.0 0.0 0.0 0.0 0.0 0.0 0.0 0.971347
