Person 0.0 0 0.0 1796.425781 914.150391 1918.000000 1076.044922 0.0 0.0 0.0 0.0 0.0 0.0 0.0 0.308607
Person 0.0 0 0.0 1312.500000 161.630859 1395.000000 418.447266 0.0 0.0 0.0 0.0 0.0 0.0 0.0 0.336331
Person 0.0 0 0.0 1313.027344 161.762695 1394.472656 345.278320 0.0 0.0 0.0 0.0 0.0 0.0 0.0 0.448426
Person 0.0 0 0.0 1326.386719 769.394531 1521.738281 1074.199219 0.0 0.0 0.0 0.0 0.0 0.0 0.0 0.488283
Person 0.0 0 0.0 1201.640625 942.066650 1353.984375 1074.495850 0.0 0.0 0.0 0.0 0.0 0.0 0.0 0.501953
Person 0.0 0 0.0 1793.906250 365.449219 1916.718750 598.535156 0.0 0.0 0.0 0.0 0.0 0.0 0.0 0.753467
Person 0.0 0 0.0 853.125000 866.425781 1203.750000 1074.199219 0.0 0.0 0.0 0.0 0.0 0.0 0.0 0.853425
Person 0.0 0 0.0 218.027344 490.957031 391.347656 834.785156 0.0 0.0 0.0 0.0 0.0 0.0 0.0 0.879147
Person 0.0 0 0.0 1287.275391 202.697754 1363.974609 459.645996 0.0 0.0 0.0 0.0 0.0 0.0 0.0 0.921358
Person 0.0 0 0.0 824.853516 144.360352 916.083984 439.936523 0.0 0.0 0.0 0.0 0.0 0.0 0.0 0.924415
Person 0.0 0 0.0 344.355469 333.676758 528.457031 724.702148 0.0 0.0 0.0 0.0 0.0 0.0 0.0 0.924959
Person 0.0 0 0.0 1780.634766 307.902832 1898.115234 539.011230 0.0 0.0 0.0 0.0 0.0 0.0 0.0 0.933915
Person 0.0 0 0.0 632.753906 224.912109 787.558594 544.482422 0.0 0.0 0.0 0.0 0.0 0.0 0.0 0.946990
Person 0.0 0 0.0 1020.541992 21.357422 1077.583008 208.300781 0.0 0.0 0.0 0.0 0.0 0.0 0.0 0.950778
Person 0.0 0 0.0 644.707031 555.424805 864.667969 1064.575195 0.0 0.0 0.0 0.0 0.0 0.0 0.0 0.951323
Person 0.0 0 0.0 923.730469 159.125977 1048.769531 463.666992 0.0 0.0 0.0 0.0 0.0 0.0 0.0 0.952750
Person 0.0 0 0.0 1131.972656 298.081055 1286.777344 656.938477 0.0 0.0 0.0 0.0 0.0 0.0 0.0 0.955981
Person 0.0 0 0.0 1034.824219 102.304688 1158.925781 388.916016 0.0 0.0 0.0 0.0 0.0 0.0 0.0 0.966156
Person 0.0 0 0.0 1176.298828 124.387207 1278.076172 343.894043 0.0 0.0 0.0 0.0 0.0 0.0 0.0 0.967163
Person 0.0 0 0.0 1166.835938 94.987793 1236.914062 304.211426 0.0 0.0 0.0 0.0 0.0 0.0 0.0 0.969785
