Person 0.0 0 0.0 1817.167969 916.062012 1918.000000 1074.133301 0.0 0.0 0.0 0.0 0.0 0.0 0.0 0.365683
Person 0.0 0 0.0 1170.527344 942.923584 1349.472656 1074.693604 0.0 0.0 0.0 0.0 0.0 0.0 0.0 0.475605
Person 0.0 0 0.0 1671.914062 947.603760 1836.210938 1076.341553 0.0 0.0 0.0 0.0 0.0 0.0 0.0 0.682574
Person 0.0 0 0.0 1003.886719 482.519531 1141.113281 882.246094 0.0 0.0 0.0 0.0 0.0 0.0 0.0 0.759225
Person 0.0 0 0.0 0.703125 913.557129 172.500000 1075.583496 0.0 0.0 0.0 0.0 0.0 0.0 0.0 0.772531
Person 0.0 0 0.0 1797.626953 367.294922 1912.998047 594.052734 0.0 0.0 0.0 0.0 0.0 0.0 0.0 0.879974
Person 0.0 0 0.0 664.453125 315.615234 770.859375 709.541016 0.0 0.0 0.0 0.0 0.0 0.0 0.0 0.883236
Person 0.0 0 0.0 1780.693359 312.055664 1899.931641 528.530273 0.0 0.0 0.0 0.0 0.0 0.0 0.0 0.888759
Person 0.0 0 0.0 399.082031 337.236328 553.886719 712.705078 0.0 0.0 0.0 0.0 0.0 0.0 0.0 0.890675
Person 0.0 0 0.0 264.492188 359.912109 398.789062 693.193359 0.0 0.0 0.0 0.0 0.0 0.0 0.0 0.912436
Person 0.0 0 0.0 873.779297 357.011719 988.095703 701.894531 0.0 0.0 0.0 0.0 0.0 0.0 0.0 0.917893
Person 0.0 0 0.0 757.617188 247.719727 915.820312 637.163086 0.0 0.0 0.0 0.0 0.0 0.0 0.0 0.949482
Person 0.0 0 0.0 1157.958984 93.142090 1232.666016 299.729004 0.0 0.0 0.0 0.0 0.0 0.0 0.0 0.957118
Person 0.0 0 0.0 1277.753906 320.229492 1452.246094 674.340820 0.0 0.0 0.0 0.0 0.0 0.0 0.0 0.957912
Person 0.0 0 0.0 1232.109375 119.245605 1314.140625 355.627441 0.0 0.0 0.0 0.0 0.0 0.0 0.0 0.959913
