Person 0.0 0 0.0 1822.675781 920.017090 1918.000000 1074.396973 0.0 0.0 0.0 0.0 0.0 0.0 0.0 0.314471
Person 0.0 0 0.0 395.361328 144.887695 487.294922 354.770508 0.0 0.0 0.0 0.0 0.0 0.0 0.0 0.315736
Person 0.0 0 0.0 1172.578125 943.385010 1347.421875 1074.232178 0.0 0.0 0.0 0.0 0.0 0.0 0.0 0.333720
Person 0.0 0 0.0 1793.261719 365.185547 1918.000000 599.853516 0.0 0.0 0.0 0.0 0.0 0.0 0.0 0.415847
Person 0.0 0 0.0 1682.402344 954.755859 1855.722656 1076.572266 0.0 0.0 0.0 0.0 0.0 0.0 0.0 0.580352
Person 0.0 0 0.0 1073.818359 202.038574 1193.056641 364.855957 0.0 0.0 0.0 0.0 0.0 0.0 0.0 0.584153
Person 0.0 0 0.0 755.859375 480.410156 1052.578125 971.894531 0.0 0.0 0.0 0.0 0.0 0.0 0.0 0.813461
Person 0.0 0 0.0 652.382812 189.052734 746.367188 464.853516 0.0 0.0 0.0 0.0 0.0 0.0 0.0 0.834946
Person 0.0 0 0.0 365.566406 306.914062 541.933594 709.804688 0.0 0.0 0.0 0.0 0.0 0.0 0.0 0.877477
Person 0.0 0 0.0 1174.511719 686.997070 1381.113281 1069.057617 0.0 0.0 0.0 0.0 0.0 0.0 0.0 0.889144
Person 0.0 0 0.0 660.527344 382.983398 791.660156 807.758789 0.0 0.0 0.0 0.0 0.0 0.0 0.0 0.899828
Person 0.0 0 0.0 212.988281 401.308594 392.167969 700.839844 0.0 0.0 0.0 0.0 0.0 0.0 0.0 0.907640
Person 0.0 0 0.0 1773.251953 299.399414 1886.748047 542.241211 0.0 0.0 0.0 0.0 0.0 0.0 0.0 0.921922
Person 0.0 0 0.0 1003.916016 96.635742 1075.458984 370.327148 0.0 0.0 0.0 0.0 0.0 0.0 0.0 0.924142
Person 0.0 0 0.0 1031.250000 295.048828 1173.750000 657.333984 0.0 0.0 0.0 0.0 0.0 0.0 0.0 0.927888
Person 0.0 0 0.0 1179.711914 95.449219 1237.163086 298.476562 0.0 0.0 0.0 0.0 0.0 0.0 0.0 0.932207
Person 0.0 0 0.0 885.908203 164.399414 959.091797 459.975586 0.0 0.0 0.0 0.0 0.0 0.0 0.0 0.935346
Person 0.0 0 0.0 1191.210938 122.805176 1291.289062 354.968262 0.0 0.0 0.0 0.0 0.0 0.0 0.0 0.942507
Person 0.0 0 0.0 839.941406 127.353516 916.933594 399.990234 0.0 0.0 0.0 0.0 0.0 0.0 0.0 0.950411
