Person 0.0 0 0.0 1834.072266 961.644287 1918.000000 1073.902588 0.0 0.0 0.0 0.0 0.0 0.0 0.0 0.342022
Person 0.0 0 0.0 1170.527344 941.868896 1349.472656 1073.638916 0.0 0.0 0.0 0.0 0.0 0.0 0.0 0.518546
Person 0.0 0 0.0 1212.685547 105.600586 1305.439453 261.166992 0.0 0.0 0.0 0.0 0.0 0.0 0.0 0.606731
Person 0.0 0 0.0 1716.621094 512.314453 1918.000000 837.685547 0.0 0.0 0.0 0.0 0.0 0.0 0.0 0.704973
Person 0.0 0 0.0 420.410156 325.898438 563.964844 698.730469 0.0 0.0 0.0 0.0 0.0 0.0 0.0 0.872347
Person 0.0 0 0.0 471.005859 0.000000 535.869141 180.219727 0.0 0.0 0.0 0.0 0.0 0.0 0.0 0.885632
Person 0.0 0 0.0 1602.011719 872.753906 1827.363281 1073.144531 0.0 0.0 0.0 0.0 0.0 0.0 0.0 0.886813
Person 0.0 0 0.0 253.828125 359.121094 398.671875 678.691406 0.0 0.0 0.0 0.0 0.0 0.0 0.0 0.908942
Person 0.0 0 0.0 693.837891 306.254883 802.412109 699.389648 0.0 0.0 0.0 0.0 0.0 0.0 0.0 0.924688
Person 0.0 0 0.0 876.679688 362.812500 1029.257812 744.609375 0.0 0.0 0.0 0.0 0.0 0.0 0.0 0.929696
Person 0.0 0 0.0 1073.027344 624.375000 1248.222656 965.039062 0.0 0.0 0.0 0.0 0.0 0.0 0.0 0.930711
Person 0.0 0 0.0 1160.961914 86.879883 1218.413086 295.971680 0.0 0.0 0.0 0.0 0.0 0.0 0.0 0.932944
Person 0.0 0 0.0 987.304688 506.118164 1142.695312 877.631836 0.0 0.0 0.0 0.0 0.0 0.0 0.0 0.933915
Person 0.0 0 0.0 766.582031 267.363281 895.605469 655.488281 0.0 0.0 0.0 0.0 0.0 0.0 0.0 0.961244
Person 0.0 0 0.0 1195.195312 115.883789 1300.429688 341.059570 0.0 0.0 0.0 0.0 0.0 0.0 0.0 0.971992
