Person 0.0 0 0.0 904.628906 787.785645 1079.121094 1055.808105 0.0 0.0 0.0 0.0 0.0 0.0 0.0 0.311951
Person 0.0 0 0.0 1068.603516 131.967773 1175.771484 307.573242 0.0 0.0 0.0 0.0 0.0 0.0 0.0 0.340266
Person 0.0 0 0.0 1028.906250 228.471680 1179.843750 511.391602 0.0 0.0 0.0 0.0 0.0 0.0 0.0 0.341143
Person 0.0 0 0.0 651.796875 191.162109 765.703125 502.294922 0.0 0.0 0.0 0.0 0.0 0.0 0.0 0.361165
Person 0.0 0 0.0 1173.222656 944.208984 1348.652344 1075.517578 0.0 0.0 0.0 0.0 0.0 0.0 0.0 0.383064
Person 0.0 0 0.0 652.587891 191.425781 749.912109 419.765625 0.0 0.0 0.0 0.0 0.0 0.0 0.0 0.400749
Person 0.0 0 0.0 1030.839844 282.392578 1161.035156 643.623047 0.0 0.0 0.0 0.0 0.0 0.0 0.0 0.428233
Person 0.0 0 0.0 1033.945312 131.704102 1172.929688 511.127930 0.0 0.0 0.0 0.0 0.0 0.0 0.0 0.438785
Person 0.0 0 0.0 1031.660156 239.941406 1163.964844 642.832031 0.0 0.0 0.0 0.0 0.0 0.0 0.0 0.463930
Person 0.0 0 0.0 1794.082031 368.613281 1918.000000 596.425781 0.0 0.0 0.0 0.0 0.0 0.0 0.0 0.468791
Person 0.0 0 0.0 1686.152344 954.327393 1857.597656 1074.891357 0.0 0.0 0.0 0.0 0.0 0.0 0.0 0.653127
Person 0.0 0 0.0 764.707031 509.414062 1000.605469 989.296875 0.0 0.0 0.0 0.0 0.0 0.0 0.0 0.838680
Person 0.0 0 0.0 1175.097656 703.212891 1397.402344 1069.716797 0.0 0.0 0.0 0.0 0.0 0.0 0.0 0.875361
Person 0.0 0 0.0 670.019531 380.478516 797.167969 808.154297 0.0 0.0 0.0 0.0 0.0 0.0 0.0 0.903975
Person 0.0 0 0.0 351.503906 328.666992 551.777344 709.672852 0.0 0.0 0.0 0.0 0.0 0.0 0.0 0.910227
Person 0.0 0 0.0 216.152344 400.517578 393.222656 700.576172 0.0 0.0 0.0 0.0 0.0 0.0 0.0 0.912124
Person 0.0 0 0.0 869.736328 164.926758 956.513672 459.448242 0.0 0.0 0.0 0.0 0.0 0.0 0.0 0.923316
Person 0.0 0 0.0 1773.046875 314.758301 1907.578125 541.120605 0.0 0.0 0.0 0.0 0.0 0.0 0.0 0.928409
Person 0.0 0 0.0 1172.343750 93.735352 1235.156250 298.608398 0.0 0.0 0.0 0.0 0.0 0.0 0.0 0.929951
Person 0.0 0 0.0 842.783203 137.043457 912.216797 399.792480 0.0 0.0 0.0 0.0 0.0 0.0 0.0 0.941223
