Person 0.0 0 0.0 903.808594 787.653809 1079.941406 1055.939941 0.0 0.0 0.0 0.0 0.0 0.0 0.0 0.323808
Person 0.0 0 0.0 652.587891 191.821289 765.849609 501.635742 0.0 0.0 0.0 0.0 0.0 0.0 0.0 0.359364
Person 0.0 0 0.0 1174.628906 943.846436 1349.121094 1074.825439 0.0 0.0 0.0 0.0 0.0 0.0 0.0 0.371137
Person 0.0 0 0.0 988.710938 139.877930 1180.664062 512.973633 0.0 0.0 0.0 0.0 0.0 0.0 0.0 0.409221
Person 0.0 0 0.0 653.027344 191.491699 749.472656 420.227051 0.0 0.0 0.0 0.0 0.0 0.0 0.0 0.430147
Person 0.0 0 0.0 1684.746094 954.525146 1857.128906 1075.748291 0.0 0.0 0.0 0.0 0.0 0.0 0.0 0.578448
Person 0.0 0 0.0 1793.378906 370.393066 1918.000000 596.228027 0.0 0.0 0.0 0.0 0.0 0.0 0.0 0.590779
Person 0.0 0 0.0 751.289062 516.533203 979.335938 1007.490234 0.0 0.0 0.0 0.0 0.0 0.0 0.0 0.819893
Person 0.0 0 0.0 663.398438 378.369141 785.039062 807.099609 0.0 0.0 0.0 0.0 0.0 0.0 0.0 0.845433
Person 0.0 0 0.0 1175.214844 697.675781 1402.910156 1067.871094 0.0 0.0 0.0 0.0 0.0 0.0 0.0 0.884039
Person 0.0 0 0.0 353.613281 322.998047 553.886719 708.486328 0.0 0.0 0.0 0.0 0.0 0.0 0.0 0.891811
Person 0.0 0 0.0 216.269531 400.253906 393.574219 700.839844 0.0 0.0 0.0 0.0 0.0 0.0 0.0 0.916708
Person 0.0 0 0.0 842.138672 135.065918 912.861328 400.187988 0.0 0.0 0.0 0.0 0.0 0.0 0.0 0.930711
Person 0.0 0 0.0 1030.078125 281.337891 1182.421875 643.623047 0.0 0.0 0.0 0.0 0.0 0.0 0.0 0.931960
Person 0.0 0 0.0 1780.253906 310.275879 1900.371094 539.802246 0.0 0.0 0.0 0.0 0.0 0.0 0.0 0.932699
Person 0.0 0 0.0 873.691406 164.926758 958.183594 459.975586 0.0 0.0 0.0 0.0 0.0 0.0 0.0 0.934155
Person 0.0 0 0.0 1165.898438 94.064941 1235.976562 302.497559 0.0 0.0 0.0 0.0 0.0 0.0 0.0 0.942929
Person 0.0 0 0.0 1201.113281 123.002930 1277.636719 363.208008 0.0 0.0 0.0 0.0 0.0 0.0 0.0 0.948346
