Person 0.0 0 0.0 395.449219 144.624023 487.207031 334.467773 0.0 0.0 0.0 0.0 0.0 0.0 0.0 0.324235
Person 0.0 0 0.0 1811.748047 920.148926 1918.000000 1073.210449 0.0 0.0 0.0 0.0 0.0 0.0 0.0 0.346873
Person 0.0 0 0.0 1170.703125 942.561035 1349.296875 1074.001465 0.0 0.0 0.0 0.0 0.0 0.0 0.0 0.403567
Person 0.0 0 0.0 1397.285156 101.843262 1452.714844 276.525879 0.0 0.0 0.0 0.0 0.0 0.0 0.0 0.537041
Person 0.0 0 0.0 1865.712891 247.192383 1918.000000 345.541992 0.0 0.0 0.0 0.0 0.0 0.0 0.0 0.563138
Person 0.0 0 0.0 1663.183594 943.516846 1844.941406 1075.155029 0.0 0.0 0.0 0.0 0.0 0.0 0.0 0.642432
Person 0.0 0 0.0 414.902344 319.965820 555.410156 708.354492 0.0 0.0 0.0 0.0 0.0 0.0 0.0 0.855851
Person 0.0 0 0.0 1793.261719 361.823730 1917.363281 598.469238 0.0 0.0 0.0 0.0 0.0 0.0 0.0 0.867934
Person 0.0 0 0.0 715.957031 299.135742 874.980469 727.602539 0.0 0.0 0.0 0.0 0.0 0.0 0.0 0.888372
Person 0.0 0 0.0 873.808594 342.377930 1002.128906 718.637695 0.0 0.0 0.0 0.0 0.0 0.0 0.0 0.894052
Person 0.0 0 0.0 632.900391 292.807617 744.287109 691.215820 0.0 0.0 0.0 0.0 0.0 0.0 0.0 0.909265
Person 0.0 0 0.0 228.339844 385.488281 400.722656 690.292969 0.0 0.0 0.0 0.0 0.0 0.0 0.0 0.925230
Person 0.0 0 0.0 1780.693359 312.187500 1899.931641 531.035156 0.0 0.0 0.0 0.0 0.0 0.0 0.0 0.931711
Person 0.0 0 0.0 1171.523438 367.163086 1320.351562 721.274414 0.0 0.0 0.0 0.0 0.0 0.0 0.0 0.932453
Person 0.0 0 0.0 1157.490234 91.955566 1225.634766 300.124512 0.0 0.0 0.0 0.0 0.0 0.0 0.0 0.958538
Person 0.0 0 0.0 909.902344 139.020996 987.597656 400.451660 0.0 0.0 0.0 0.0 0.0 0.0 0.0 0.962391
Person 0.0 0 0.0 1200.849609 120.959473 1302.275391 353.122559 0.0 0.0 0.0 0.0 0.0 0.0 0.0 0.967039
