Person 0.0 0 0.0 0.351562 544.086914 116.777344 818.569336 0.0 0.0 0.0 0.0 0.0 0.0 0.0 0.468791
Person 0.0 0 0.0 1167.714844 32.893066 1243.535156 204.938965 0.0 0.0 0.0 0.0 0.0 0.0 0.0 0.498047
Person 0.0 0 0.0 1224.228516 125.507812 1295.771484 284.501953 0.0 0.0 0.0 0.0 0.0 0.0 0.0 0.517571
Person 0.0 0 0.0 1631.367188 991.109619 1829.882812 1077.132568 0.0 0.0 0.0 0.0 0.0 0.0 0.0 0.569853
Person 0.0 0 0.0 415.166016 88.330078 468.427734 197.490234 0.0 0.0 0.0 0.0 0.0 0.0 0.0 0.570810
Person 0.0 0 0.0 1793.378906 367.558594 1918.000000 602.226562 0.0 0.0 0.0 0.0 0.0 0.0 0.0 0.685107
Person 0.0 0 0.0 1376.367188 130.583496 1449.257812 356.945801 0.0 0.0 0.0 0.0 0.0 0.0 0.0 0.767690
Person 0.0 0 0.0 849.169922 130.913086 943.330078 416.469727 0.0 0.0 0.0 0.0 0.0 0.0 0.0 0.837088
Person 0.0 0 0.0 1222.646484 197.622070 1312.353516 491.088867 0.0 0.0 0.0 0.0 0.0 0.0 0.0 0.839208
Person 0.0 0 0.0 381.210938 304.409180 551.132812 709.672852 0.0 0.0 0.0 0.0 0.0 0.0 0.0 0.883236
Person 0.0 0 0.0 210.234375 396.035156 397.265625 699.785156 0.0 0.0 0.0 0.0 0.0 0.0 0.0 0.895888
Person 0.0 0 0.0 729.960938 547.910156 980.976562 1022.519531 0.0 0.0 0.0 0.0 0.0 0.0 0.0 0.900879
Person 0.0 0 0.0 1291.816406 674.472656 1479.433594 1072.089844 0.0 0.0 0.0 0.0 0.0 0.0 0.0 0.910863
Person 0.0 0 0.0 1175.449219 97.097168 1237.675781 279.426270 0.0 0.0 0.0 0.0 0.0 0.0 0.0 0.913677
Person 0.0 0 0.0 909.111328 155.434570 980.888672 461.557617 0.0 0.0 0.0 0.0 0.0 0.0 0.0 0.918187
Person 0.0 0 0.0 684.843750 253.784180 832.031250 591.020508 0.0 0.0 0.0 0.0 0.0 0.0 0.0 0.938350
Person 0.0 0 0.0 1779.140625 306.452637 1918.000000 535.715332 0.0 0.0 0.0 0.0 0.0 0.0 0.0 0.940790
Person 0.0 0 0.0 1074.960938 559.116211 1300.664062 1038.735352 0.0 0.0 0.0 0.0 0.0 0.0 0.0 0.941654
Person 0.0 0 0.0 1121.132812 240.732422 1243.242188 561.884766 0.0 0.0 0.0 0.0 0.0 0.0 0.0 0.952397
Person 0.0 0 0.0 693.427734 74.882812 773.759766 325.371094 0.0 0.0 0.0 0.0 0.0 0.0 0.0 0.961098
