Person 0.0 0 0.0 1825.283203 916.655273 1918.000000 1073.540039 0.0 0.0 0.0 0.0 0.0 0.0 0.0 0.322099
Person 0.0 0 0.0 738.457031 270.527344 859.042969 763.593750 0.0 0.0 0.0 0.0 0.0 0.0 0.0 0.325950
Person 0.0 0 0.0 737.138672 271.054688 856.611328 549.492188 0.0 0.0 0.0 0.0 0.0 0.0 0.0 0.362066
Person 0.0 0 0.0 1171.640625 942.857666 1348.359375 1071.595459 0.0 0.0 0.0 0.0 0.0 0.0 0.0 0.408277
Person 0.0 0 0.0 1690.898438 957.755127 1858.476562 1074.627686 0.0 0.0 0.0 0.0 0.0 0.0 0.0 0.603932
Person 0.0 0 0.0 1370.507812 124.453125 1445.742188 347.783203 0.0 0.0 0.0 0.0 0.0 0.0 0.0 0.825590
Person 0.0 0 0.0 330.058594 316.142578 569.941406 710.595703 0.0 0.0 0.0 0.0 0.0 0.0 0.0 0.833325
Person 0.0 0 0.0 260.507812 359.780273 396.679688 683.305664 0.0 0.0 0.0 0.0 0.0 0.0 0.0 0.849472
Person 0.0 0 0.0 448.623047 85.231934 541.376953 314.230957 0.0 0.0 0.0 0.0 0.0 0.0 0.0 0.871475
Person 0.0 0 0.0 694.101562 395.507812 858.398438 839.531250 0.0 0.0 0.0 0.0 0.0 0.0 0.0 0.873215
Person 0.0 0 0.0 1775.214844 295.510254 1884.785156 525.036621 0.0 0.0 0.0 0.0 0.0 0.0 0.0 0.888372
Person 0.0 0 0.0 1789.101562 367.360840 1910.273438 596.623535 0.0 0.0 0.0 0.0 0.0 0.0 0.0 0.893309
Person 0.0 0 0.0 1166.074219 654.697266 1374.550781 1064.443359 0.0 0.0 0.0 0.0 0.0 0.0 0.0 0.923039
Person 0.0 0 0.0 927.070312 298.608398 1066.054688 675.922852 0.0 0.0 0.0 0.0 0.0 0.0 0.0 0.923316
Person 0.0 0 0.0 617.753906 201.840820 750.996094 567.026367 0.0 0.0 0.0 0.0 0.0 0.0 0.0 0.924415
Person 0.0 0 0.0 1238.496094 185.031738 1386.503906 435.124512 0.0 0.0 0.0 0.0 0.0 0.0 0.0 0.931463
Person 0.0 0 0.0 840.908203 134.934082 921.591797 400.056152 0.0 0.0 0.0 0.0 0.0 0.0 0.0 0.932944
Person 0.0 0 0.0 1161.943359 92.548828 1238.056641 302.958984 0.0 0.0 0.0 0.0 0.0 0.0 0.0 0.942082
Person 0.0 0 0.0 1201.171875 124.650879 1294.453125 365.515137 0.0 0.0 0.0 0.0 0.0 0.0 0.0 0.943348
Person 0.0 0 0.0 871.933594 153.588867 965.566406 453.911133 0.0 0.0 0.0 0.0 0.0 0.0 0.0 0.957118
