Person 0.0 0 0.0 396.474609 144.096680 488.056641 348.442383 0.0 0.0 0.0 0.0 0.0 0.0 0.0 0.416797
Person 0.0 0 0.0 0.234375 544.877930 116.660156 818.833008 0.0 0.0 0.0 0.0 0.0 0.0 0.0 0.460046
Person 0.0 0 0.0 1170.058594 942.297363 1349.941406 1075.319824 0.0 0.0 0.0 0.0 0.0 0.0 0.0 0.497070
Person 0.0 0 0.0 415.209961 87.539062 468.383789 198.808594 0.0 0.0 0.0 0.0 0.0 0.0 0.0 0.612310
Person 0.0 0 0.0 834.609375 132.890625 916.640625 417.656250 0.0 0.0 0.0 0.0 0.0 0.0 0.0 0.644225
Person 0.0 0 0.0 1688.378906 930.366211 1887.246094 1074.594727 0.0 0.0 0.0 0.0 0.0 0.0 0.0 0.762070
Person 0.0 0 0.0 1794.316406 367.558594 1918.000000 598.535156 0.0 0.0 0.0 0.0 0.0 0.0 0.0 0.822760
Person 0.0 0 0.0 1291.728516 87.077637 1376.396484 222.473145 0.0 0.0 0.0 0.0 0.0 0.0 0.0 0.828384
Person 0.0 0 0.0 1184.311523 94.196777 1234.438477 231.701660 0.0 0.0 0.0 0.0 0.0 0.0 0.0 0.832781
Person 0.0 0 0.0 682.968750 654.565430 1160.156250 1073.012695 0.0 0.0 0.0 0.0 0.0 0.0 0.0 0.857291
Person 0.0 0 0.0 1114.570312 150.688477 1204.804688 425.170898 0.0 0.0 0.0 0.0 0.0 0.0 0.0 0.881207
Person 0.0 0 0.0 392.988281 322.602539 554.355469 710.463867 0.0 0.0 0.0 0.0 0.0 0.0 0.0 0.905322
Person 0.0 0 0.0 1212.919922 125.178223 1282.705078 296.696777 0.0 0.0 0.0 0.0 0.0 0.0 0.0 0.909265
Person 0.0 0 0.0 887.314453 157.412109 960.498047 468.544922 0.0 0.0 0.0 0.0 0.0 0.0 0.0 0.921640
Person 0.0 0 0.0 1779.667969 302.695312 1910.332031 535.253906 0.0 0.0 0.0 0.0 0.0 0.0 0.0 0.933188
Person 0.0 0 0.0 1075.839844 560.566406 1239.785156 1009.863281 0.0 0.0 0.0 0.0 0.0 0.0 0.0 0.937211
Person 0.0 0 0.0 700.957031 255.102539 844.980469 592.338867 0.0 0.0 0.0 0.0 0.0 0.0 0.0 0.939471
Person 0.0 0 0.0 206.542969 400.385742 397.207031 700.708008 0.0 0.0 0.0 0.0 0.0 0.0 0.0 0.947962
Person 0.0 0 0.0 688.886719 72.971191 775.488281 325.700684 0.0 0.0 0.0 0.0 0.0 0.0 0.0 0.966411
Person 0.0 0 0.0 1121.425781 236.645508 1261.699219 572.827148 0.0 0.0 0.0 0.0 0.0 0.0 0.0 0.972831
