Person 0.0 0 0.0 1823.027344 916.391602 1918.000000 1075.913086 0.0 0.0 0.0 0.0 0.0 0.0 0.0 0.344664
Person 0.0 0 0.0 1170.703125 942.330322 1349.296875 1074.232178 0.0 0.0 0.0 0.0 0.0 0.0 0.0 0.426322
Person 0.0 0 0.0 1801.259766 365.712891 1918.000000 596.162109 0.0 0.0 0.0 0.0 0.0 0.0 0.0 0.440710
Person 0.0 0 0.0 1670.332031 939.265137 1854.667969 1076.242676 0.0 0.0 0.0 0.0 0.0 0.0 0.0 0.698432
Person 0.0 0 0.0 355.312500 343.300781 549.375000 717.187500 0.0 0.0 0.0 0.0 0.0 0.0 0.0 0.829492
Person 0.0 0 0.0 879.169922 335.522461 984.580078 701.762695 0.0 0.0 0.0 0.0 0.0 0.0 0.0 0.901227
Person 0.0 0 0.0 77.871094 840.322266 310.957031 1073.935547 0.0 0.0 0.0 0.0 0.0 0.0 0.0 0.913058
Person 0.0 0 0.0 1317.158203 180.351562 1390.341797 368.613281 0.0 0.0 0.0 0.0 0.0 0.0 0.0 0.914901
Person 0.0 0 0.0 1782.714844 311.791992 1899.785156 535.649414 0.0 0.0 0.0 0.0 0.0 0.0 0.0 0.915205
Person 0.0 0 0.0 664.687500 314.956055 785.625000 709.145508 0.0 0.0 0.0 0.0 0.0 0.0 0.0 0.916708
Person 0.0 0 0.0 221.953125 394.321289 398.671875 689.897461 0.0 0.0 0.0 0.0 0.0 0.0 0.0 0.924959
Person 0.0 0 0.0 1274.824219 316.801758 1408.300781 661.948242 0.0 0.0 0.0 0.0 0.0 0.0 0.0 0.949856
Person 0.0 0 0.0 1196.835938 117.663574 1268.789062 353.254395 0.0 0.0 0.0 0.0 0.0 0.0 0.0 0.955486
Person 0.0 0 0.0 1157.636719 91.625977 1223.613281 299.926758 0.0 0.0 0.0 0.0 0.0 0.0 0.0 0.965512
