Person 0.0 0 0.0 1815.087891 920.346680 1918.000000 1073.012695 0.0 0.0 0.0 0.0 0.0 0.0 0.0 0.350421
Person 0.0 0 0.0 394.160156 144.492188 488.496094 369.140625 0.0 0.0 0.0 0.0 0.0 0.0 0.0 0.359364
Person 0.0 0 0.0 1170.878906 942.462158 1349.121094 1074.100342 0.0 0.0 0.0 0.0 0.0 0.0 0.0 0.409221
Person 0.0 0 0.0 1786.464844 365.251465 1918.000000 592.404785 0.0 0.0 0.0 0.0 0.0 0.0 0.0 0.527317
Person 0.0 0 0.0 1668.222656 956.634521 1854.902344 1075.748291 0.0 0.0 0.0 0.0 0.0 0.0 0.0 0.572723
Person 0.0 0 0.0 356.484375 335.786133 554.296875 710.463867 0.0 0.0 0.0 0.0 0.0 0.0 0.0 0.865224
Person 0.0 0 0.0 1786.113281 312.253418 1905.761719 529.387207 0.0 0.0 0.0 0.0 0.0 0.0 0.0 0.894421
Person 0.0 0 0.0 1335.527344 113.972168 1416.972656 331.105957 0.0 0.0 0.0 0.0 0.0 0.0 0.0 0.898767
Person 0.0 0 0.0 881.132812 298.344727 961.054688 648.764648 0.0 0.0 0.0 0.0 0.0 0.0 0.0 0.901575
Person 0.0 0 0.0 560.449219 571.640625 785.800781 987.187500 0.0 0.0 0.0 0.0 0.0 0.0 0.0 0.918772
Person 0.0 0 0.0 223.417969 390.498047 401.425781 690.556641 0.0 0.0 0.0 0.0 0.0 0.0 0.0 0.938801
Person 0.0 0 0.0 628.242188 291.489258 767.695312 683.041992 0.0 0.0 0.0 0.0 0.0 0.0 0.0 0.945197
Person 0.0 0 0.0 1185.351562 122.541504 1282.148438 352.067871 0.0 0.0 0.0 0.0 0.0 0.0 0.0 0.953794
Person 0.0 0 0.0 1157.314453 92.087402 1222.060547 299.992676 0.0 0.0 0.0 0.0 0.0 0.0 0.0 0.958538
Person 0.0 0 0.0 910.048828 137.570801 985.576172 390.300293 0.0 0.0 0.0 0.0 0.0 0.0 0.0 0.959913
