Person 0.0 0 0.0 1170.703125 942.330322 1349.296875 1074.232178 0.0 0.0 0.0 0.0 0.0 0.0 0.0 0.431105
Person 0.0 0 0.0 1802.402344 366.240234 1918.000000 595.634766 0.0 0.0 0.0 0.0 0.0 0.0 0.0 0.595493
Person 0.0 0 0.0 1668.984375 936.628418 1856.015625 1075.715332 0.0 0.0 0.0 0.0 0.0 0.0 0.0 0.635222
Person 0.0 0 0.0 1198.857422 123.134766 1296.767578 354.638672 0.0 0.0 0.0 0.0 0.0 0.0 0.0 0.901575
Person 0.0 0 0.0 1783.066406 311.726074 1897.558594 540.988770 0.0 0.0 0.0 0.0 0.0 0.0 0.0 0.906983
Person 0.0 0 0.0 877.382812 335.126953 983.554688 702.158203 0.0 0.0 0.0 0.0 0.0 0.0 0.0 0.915205
Person 0.0 0 0.0 359.414062 345.937500 551.367188 715.078125 0.0 0.0 0.0 0.0 0.0 0.0 0.0 0.918480
Person 0.0 0 0.0 74.824219 840.585938 310.488281 1073.671875 0.0 0.0 0.0 0.0 0.0 0.0 0.0 0.919063
Person 0.0 0 0.0 663.691406 314.956055 776.308594 709.145508 0.0 0.0 0.0 0.0 0.0 0.0 0.0 0.929696
Person 0.0 0 0.0 220.371094 395.112305 398.378906 690.161133 0.0 0.0 0.0 0.0 0.0 0.0 0.0 0.943556
Person 0.0 0 0.0 1275.410156 314.956055 1407.714844 661.684570 0.0 0.0 0.0 0.0 0.0 0.0 0.0 0.943971
Person 0.0 0 0.0 747.832031 243.500977 884.355469 621.342773 0.0 0.0 0.0 0.0 0.0 0.0 0.0 0.944177
Person 0.0 0 0.0 1215.761719 164.333496 1302.363281 417.326660 0.0 0.0 0.0 0.0 0.0 0.0 0.0 0.965250
Person 0.0 0 0.0 1156.611328 91.955566 1232.138672 299.860840 0.0 0.0 0.0 0.0 0.0 0.0 0.0 0.968856
