Person 0.0 0 0.0 394.804688 144.558105 487.382812 365.119629 0.0 0.0 0.0 0.0 0.0 0.0 0.0 0.309858
Person 0.0 0 0.0 1818.867188 915.930176 1918.000000 1074.265137 0.0 0.0 0.0 0.0 0.0 0.0 0.0 0.340705
Person 0.0 0 0.0 1170.703125 942.824707 1349.296875 1074.792480 0.0 0.0 0.0 0.0 0.0 0.0 0.0 0.486332
Person 0.0 0 0.0 1674.492188 947.504883 1835.507812 1075.385742 0.0 0.0 0.0 0.0 0.0 0.0 0.0 0.640636
Person 0.0 0 0.0 996.210938 488.452148 1135.664062 879.477539 0.0 0.0 0.0 0.0 0.0 0.0 0.0 0.754192
Person 0.0 0 0.0 0.703125 913.952637 172.148438 1075.187988 0.0 0.0 0.0 0.0 0.0 0.0 0.0 0.788583
Person 0.0 0 0.0 664.189453 315.878906 770.185547 709.277344 0.0 0.0 0.0 0.0 0.0 0.0 0.0 0.882833
Person 0.0 0 0.0 1797.597656 366.306152 1914.902344 593.459473 0.0 0.0 0.0 0.0 0.0 0.0 0.0 0.886420
Person 0.0 0 0.0 401.542969 336.181641 554.707031 711.123047 0.0 0.0 0.0 0.0 0.0 0.0 0.0 0.891434
Person 0.0 0 0.0 1780.927734 312.319336 1899.697266 529.321289 0.0 0.0 0.0 0.0 0.0 0.0 0.0 0.895523
Person 0.0 0 0.0 872.666016 358.198242 988.271484 702.290039 0.0 0.0 0.0 0.0 0.0 0.0 0.0 0.921640
Person 0.0 0 0.0 264.492188 359.912109 398.789062 694.248047 0.0 0.0 0.0 0.0 0.0 0.0 0.0 0.922761
Person 0.0 0 0.0 757.324219 247.587891 916.113281 637.294922 0.0 0.0 0.0 0.0 0.0 0.0 0.0 0.953101
Person 0.0 0 0.0 1232.109375 119.245605 1314.140625 355.627441 0.0 0.0 0.0 0.0 0.0 0.0 0.0 0.958538
Person 0.0 0 0.0 1277.285156 320.756836 1452.714844 674.340820 0.0 0.0 0.0 0.0 0.0 0.0 0.0 0.959001
Person 0.0 0 0.0 1158.398438 93.471680 1234.101562 299.926758 0.0 0.0 0.0 0.0 0.0 0.0 0.0 0.963780
