Person 0.0 0 0.0 1219.306641 106.193848 1308.193359 243.435059 0.0 0.0 0.0 0.0 0.0 0.0 0.0 0.313210
Person 0.0 0 0.0 1170.234375 941.802979 1349.765625 1073.704834 0.0 0.0 0.0 0.0 0.0 0.0 0.0 0.529263
Person 0.0 0 0.0 1716.972656 489.638672 1913.027344 838.212891 0.0 0.0 0.0 0.0 0.0 0.0 0.0 0.792464
Person 0.0 0 0.0 1632.070312 885.937500 1842.304688 1073.671875 0.0 0.0 0.0 0.0 0.0 0.0 0.0 0.806243
Person 0.0 0 0.0 415.546875 310.869141 560.390625 699.521484 0.0 0.0 0.0 0.0 0.0 0.0 0.0 0.834946
Person 0.0 0 0.0 250.898438 370.195312 392.695312 695.039062 0.0 0.0 0.0 0.0 0.0 0.0 0.0 0.902266
Person 0.0 0 0.0 781.171875 273.032227 936.328125 655.092773 0.0 0.0 0.0 0.0 0.0 0.0 0.0 0.916708
Person 0.0 0 0.0 471.181641 0.000000 535.693359 180.417480 0.0 0.0 0.0 0.0 0.0 0.0 0.0 0.922203
Person 0.0 0 0.0 871.816406 366.503906 1037.871094 745.136719 0.0 0.0 0.0 0.0 0.0 0.0 0.0 0.923592
Person 0.0 0 0.0 980.390625 503.876953 1132.734375 878.818359 0.0 0.0 0.0 0.0 0.0 0.0 0.0 0.929951
Person 0.0 0 0.0 1160.449219 88.198242 1222.675781 295.971680 0.0 0.0 0.0 0.0 0.0 0.0 0.0 0.935346
Person 0.0 0 0.0 1073.671875 605.654297 1245.703125 964.775391 0.0 0.0 0.0 0.0 0.0 0.0 0.0 0.944177
Person 0.0 0 0.0 669.550781 308.232422 796.699219 699.521484 0.0 0.0 0.0 0.0 0.0 0.0 0.0 0.965771
Person 0.0 0 0.0 1194.082031 116.542969 1288.417969 341.191406 0.0 0.0 0.0 0.0 0.0 0.0 0.0 0.965900
