Person 0.0 0 0.0 897.158203 91.362305 963.779297 257.211914 0.0 0.0 0.0 0.0 0.0 0.0 0.0 0.301156
Person 0.0 0 0.0 1170.410156 941.934814 1349.589844 1073.572998 0.0 0.0 0.0 0.0 0.0 0.0 0.0 0.497070
Person 0.0 0 0.0 1799.824219 363.801270 1914.550781 599.655762 0.0 0.0 0.0 0.0 0.0 0.0 0.0 0.805632
Person 0.0 0 0.0 359.296875 329.985352 540.703125 710.463867 0.0 0.0 0.0 0.0 0.0 0.0 0.0 0.819893
Person 0.0 0 0.0 418.681641 88.989258 528.662109 298.872070 0.0 0.0 0.0 0.0 0.0 0.0 0.0 0.834946
Person 0.0 0 0.0 1157.929688 34.079590 1253.320312 300.783691 0.0 0.0 0.0 0.0 0.0 0.0 0.0 0.844922
Person 0.0 0 0.0 646.464844 465.908203 869.472656 983.232422 0.0 0.0 0.0 0.0 0.0 0.0 0.0 0.860134
Person 0.0 0 0.0 1361.308594 122.409668 1441.816406 346.398926 0.0 0.0 0.0 0.0 0.0 0.0 0.0 0.861072
Person 0.0 0 0.0 631.142578 255.102539 730.107422 628.725586 0.0 0.0 0.0 0.0 0.0 0.0 0.0 0.869715
Person 0.0 0 0.0 1786.142578 312.451172 1903.857422 530.771484 0.0 0.0 0.0 0.0 0.0 0.0 0.0 0.904987
Person 0.0 0 0.0 229.804688 392.343750 401.601562 690.820312 0.0 0.0 0.0 0.0 0.0 0.0 0.0 0.912124
Person 0.0 0 0.0 789.667969 315.351562 920.332031 661.289062 0.0 0.0 0.0 0.0 0.0 0.0 0.0 0.928409
Person 0.0 0 0.0 1109.707031 573.750000 1320.292969 946.054688 0.0 0.0 0.0 0.0 0.0 0.0 0.0 0.930458
Person 0.0 0 0.0 480.703125 372.304688 651.796875 828.984375 0.0 0.0 0.0 0.0 0.0 0.0 0.0 0.934155
Person 0.0 0 0.0 1192.734375 123.793945 1276.640625 357.934570 0.0 0.0 0.0 0.0 0.0 0.0 0.0 0.958847
Person 0.0 0 0.0 855.117188 158.730469 956.132812 444.550781 0.0 0.0 0.0 0.0 0.0 0.0 0.0 0.964052
