Person 0.0 0 0.0 904.277344 787.258301 1079.472656 1055.280762 0.0 0.0 0.0 0.0 0.0 0.0 0.0 0.365683
Person 0.0 0 0.0 822.070312 125.441895 919.804688 268.483887 0.0 0.0 0.0 0.0 0.0 0.0 0.0 0.380299
Person 0.0 0 0.0 1173.046875 944.373779 1348.828125 1075.352783 0.0 0.0 0.0 0.0 0.0 0.0 0.0 0.397003
Person 0.0 0 0.0 1795.605469 923.510742 1918.000000 1077.231445 0.0 0.0 0.0 0.0 0.0 0.0 0.0 0.406391
Person 0.0 0 0.0 662.841797 163.278809 763.095703 410.471191 0.0 0.0 0.0 0.0 0.0 0.0 0.0 0.503906
Person 0.0 0 0.0 1794.785156 369.931641 1918.000000 598.271484 0.0 0.0 0.0 0.0 0.0 0.0 0.0 0.616936
Person 0.0 0 0.0 1641.093750 959.666748 1838.906250 1075.880127 0.0 0.0 0.0 0.0 0.0 0.0 0.0 0.715424
Person 0.0 0 0.0 1214.882812 698.730469 1395.117188 1050.996094 0.0 0.0 0.0 0.0 0.0 0.0 0.0 0.734120
Person 0.0 0 0.0 901.230469 152.006836 962.519531 458.657227 0.0 0.0 0.0 0.0 0.0 0.0 0.0 0.785309
Person 0.0 0 0.0 1376.513672 127.814941 1449.111328 354.968262 0.0 0.0 0.0 0.0 0.0 0.0 0.0 0.787278
Person 0.0 0 0.0 736.464844 543.955078 971.660156 1007.490234 0.0 0.0 0.0 0.0 0.0 0.0 0.0 0.819316
Person 0.0 0 0.0 636.445312 397.617188 782.929688 831.093750 0.0 0.0 0.0 0.0 0.0 0.0 0.0 0.842345
Person 0.0 0 0.0 797.929688 261.166992 919.570312 602.622070 0.0 0.0 0.0 0.0 0.0 0.0 0.0 0.852935
Person 0.0 0 0.0 210.761719 398.540039 393.457031 700.444336 0.0 0.0 0.0 0.0 0.0 0.0 0.0 0.901575
Person 0.0 0 0.0 377.402344 330.249023 560.097656 710.200195 0.0 0.0 0.0 0.0 0.0 0.0 0.0 0.905990
Person 0.0 0 0.0 1780.078125 308.562012 1915.546875 539.934082 0.0 0.0 0.0 0.0 0.0 0.0 0.0 0.915809
Person 0.0 0 0.0 610.986328 29.860840 675.263672 242.248535 0.0 0.0 0.0 0.0 0.0 0.0 0.0 0.919931
Person 0.0 0 0.0 1191.005859 122.805176 1280.244141 358.923340 0.0 0.0 0.0 0.0 0.0 0.0 0.0 0.926835
Person 0.0 0 0.0 1165.429688 93.669434 1234.570312 304.738770 0.0 0.0 0.0 0.0 0.0 0.0 0.0 0.939471
Person 0.0 0 0.0 1061.894531 269.604492 1191.855469 641.645508 0.0 0.0 0.0 0.0 0.0 0.0 0.0 0.942082
