Person 0.0 0 0.0 903.515625 791.147461 1078.359375 1055.610352 0.0 0.0 0.0 0.0 0.0 0.0 0.0 0.308607
Person 0.0 0 0.0 1170.058594 942.231445 1348.066406 1072.221680 0.0 0.0 0.0 0.0 0.0 0.0 0.0 0.461988
Person 0.0 0 0.0 9.843750 986.099854 220.429688 1074.759521 0.0 0.0 0.0 0.0 0.0 0.0 0.0 0.500977
Person 0.0 0 0.0 1869.858398 239.084473 1917.641602 318.845215 0.0 0.0 0.0 0.0 0.0 0.0 0.0 0.538012
Person 0.0 0 0.0 1648.710938 935.112305 1844.414062 1077.231445 0.0 0.0 0.0 0.0 0.0 0.0 0.0 0.708213
Person 0.0 0 0.0 439.746094 313.374023 566.191406 702.817383 0.0 0.0 0.0 0.0 0.0 0.0 0.0 0.840783
Person 0.0 0 0.0 1220.156250 100.195312 1303.593750 273.164062 0.0 0.0 0.0 0.0 0.0 0.0 0.0 0.842863
Person 0.0 0 0.0 665.039062 313.505859 786.210938 709.541016 0.0 0.0 0.0 0.0 0.0 0.0 0.0 0.852935
Person 0.0 0 0.0 1781.484375 309.814453 1902.890625 527.607422 0.0 0.0 0.0 0.0 0.0 0.0 0.0 0.858244
Person 0.0 0 0.0 470.214844 0.000000 543.222656 180.417480 0.0 0.0 0.0 0.0 0.0 0.0 0.0 0.879561
Person 0.0 0 0.0 1775.039062 367.756348 1914.960938 588.317871 0.0 0.0 0.0 0.0 0.0 0.0 0.0 0.886027
Person 0.0 0 0.0 875.478516 357.143555 958.271484 701.762695 0.0 0.0 0.0 0.0 0.0 0.0 0.0 0.888759
Person 0.0 0 0.0 264.609375 358.330078 398.671875 687.392578 0.0 0.0 0.0 0.0 0.0 0.0 0.0 0.902266
Person 0.0 0 0.0 757.382812 257.739258 914.179688 637.163086 0.0 0.0 0.0 0.0 0.0 0.0 0.0 0.936052
Person 0.0 0 0.0 1368.046875 494.121094 1579.453125 902.285156 0.0 0.0 0.0 0.0 0.0 0.0 0.0 0.938350
Person 0.0 0 0.0 1155.292969 725.493164 1372.207031 1064.311523 0.0 0.0 0.0 0.0 0.0 0.0 0.0 0.944177
Person 0.0 0 0.0 1160.800781 87.407227 1222.324219 295.971680 0.0 0.0 0.0 0.0 0.0 0.0 0.0 0.944791
Person 0.0 0 0.0 1200.585938 120.761719 1308.164062 345.410156 0.0 0.0 0.0 0.0 0.0 0.0 0.0 0.948537
