Person 0.0 0 0.0 1261.406250 212.387695 1384.218750 530.639648 0.0 0.0 0.0 0.0 0.0 0.0 0.0 0.402627
Person 0.0 0 0.0 414.755859 89.055176 466.025391 214.958496 0.0 0.0 0.0 0.0 0.0 0.0 0.0 0.404507
Person 0.0 0 0.0 1193.730469 944.439697 1356.269531 1073.177490 0.0 0.0 0.0 0.0 0.0 0.0 0.0 0.484380
Person 0.0 0 0.0 1688.437500 996.712646 1874.062500 1075.748291 0.0 0.0 0.0 0.0 0.0 0.0 0.0 0.500977
Person 0.0 0 0.0 1322.636719 767.944336 1514.238281 1073.540039 0.0 0.0 0.0 0.0 0.0 0.0 0.0 0.662796
Person 0.0 0 0.0 890.317383 123.134766 948.120117 410.537109 0.0 0.0 0.0 0.0 0.0 0.0 0.0 0.732592
Person 0.0 0 0.0 906.210938 889.101562 1188.164062 1074.726562 0.0 0.0 0.0 0.0 0.0 0.0 0.0 0.736401
Person 0.0 0 0.0 1804.628906 367.888184 1918.000000 601.369629 0.0 0.0 0.0 0.0 0.0 0.0 0.0 0.830594
Person 0.0 0 0.0 1329.140625 113.312988 1402.734375 253.718262 0.0 0.0 0.0 0.0 0.0 0.0 0.0 0.848471
Person 0.0 0 0.0 1.523438 677.636719 263.085938 989.824219 0.0 0.0 0.0 0.0 0.0 0.0 0.0 0.862468
Person 0.0 0 0.0 1196.044922 122.014160 1267.705078 313.571777 0.0 0.0 0.0 0.0 0.0 0.0 0.0 0.941007
Person 0.0 0 0.0 688.007812 618.178711 895.429688 1073.540039 0.0 0.0 0.0 0.0 0.0 0.0 0.0 0.944791
Person 0.0 0 0.0 555.439453 127.353516 660.498047 394.980469 0.0 0.0 0.0 0.0 0.0 0.0 0.0 0.947186
Person 0.0 0 0.0 1780.839844 314.296875 1909.160156 537.890625 0.0 0.0 0.0 0.0 0.0 0.0 0.0 0.948728
Person 0.0 0 0.0 1169.003906 264.199219 1302.246094 617.519531 0.0 0.0 0.0 0.0 0.0 0.0 0.0 0.948917
Person 0.0 0 0.0 23.203125 493.989258 277.734375 868.666992 0.0 0.0 0.0 0.0 0.0 0.0 0.0 0.951863
Person 0.0 0 0.0 1671.445312 605.786133 1894.804688 925.620117 0.0 0.0 0.0 0.0 0.0 0.0 0.0 0.952042
Person 0.0 0 0.0 847.353516 155.170898 931.083984 470.258789 0.0 0.0 0.0 0.0 0.0 0.0 0.0 0.952926
Person 0.0 0 0.0 1008.310547 98.745117 1108.564453 393.266602 0.0 0.0 0.0 0.0 0.0 0.0 0.0 0.964456
Person 0.0 0 0.0 1166.250000 92.351074 1237.500000 303.947754 0.0 0.0 0.0 0.0 0.0 0.0 0.0 0.970240
