Person 0.0 0 0.0 1665.468750 998.360596 1855.781250 1077.264404 0.0 0.0 0.0 0.0 0.0 0.0 0.0 0.442636
Person 0.0 0 0.0 1182.246094 943.121338 1384.628906 1075.550537 0.0 0.0 0.0 0.0 0.0 0.0 0.0 0.550607
Person 0.0 0 0.0 905.126953 62.424316 973.623047 222.341309 0.0 0.0 0.0 0.0 0.0 0.0 0.0 0.614163
Person 0.0 0 0.0 1330.546875 760.429688 1517.578125 1072.617188 0.0 0.0 0.0 0.0 0.0 0.0 0.0 0.647798
Person 0.0 0 0.0 1794.316406 367.756348 1918.000000 597.282715 0.0 0.0 0.0 0.0 0.0 0.0 0.0 0.722527
Person 0.0 0 0.0 1865.932617 227.878418 1917.817383 332.687988 0.0 0.0 0.0 0.0 0.0 0.0 0.0 0.747616
Person 0.0 0 0.0 949.335938 873.083496 1175.039062 1074.924316 0.0 0.0 0.0 0.0 0.0 0.0 0.0 0.851953
Person 0.0 0 0.0 1194.902344 122.343750 1281.972656 317.197266 0.0 0.0 0.0 0.0 0.0 0.0 0.0 0.878731
Person 0.0 0 0.0 445.136719 323.129883 578.613281 706.245117 0.0 0.0 0.0 0.0 0.0 0.0 0.0 0.883236
Person 0.0 0 0.0 855.439453 144.096680 929.560547 429.653320 0.0 0.0 0.0 0.0 0.0 0.0 0.0 0.897336
Person 0.0 0 0.0 700.136719 647.578125 898.300781 1074.726562 0.0 0.0 0.0 0.0 0.0 0.0 0.0 0.930458
Person 0.0 0 0.0 653.789062 265.385742 775.898438 590.493164 0.0 0.0 0.0 0.0 0.0 0.0 0.0 0.935346
Person 0.0 0 0.0 206.835938 408.032227 394.101562 704.663086 0.0 0.0 0.0 0.0 0.0 0.0 0.0 0.947575
Person 0.0 0 0.0 601.289062 60.710449 678.398438 292.873535 0.0 0.0 0.0 0.0 0.0 0.0 0.0 0.950960
Person 0.0 0 0.0 891.123047 167.827148 998.876953 471.840820 0.0 0.0 0.0 0.0 0.0 0.0 0.0 0.952042
Person 0.0 0 0.0 1296.738281 162.224121 1393.886719 430.510254 0.0 0.0 0.0 0.0 0.0 0.0 0.0 0.953101
Person 0.0 0 0.0 678.603516 25.180664 767.958984 227.944336 0.0 0.0 0.0 0.0 0.0 0.0 0.0 0.956309
Person 0.0 0 0.0 1778.496094 306.716309 1898.378906 539.670410 0.0 0.0 0.0 0.0 0.0 0.0 0.0 0.957912
Person 0.0 0 0.0 1169.179688 255.102539 1303.945312 604.995117 0.0 0.0 0.0 0.0 0.0 0.0 0.0 0.964722
Person 0.0 0 0.0 1166.425781 93.405762 1239.199219 303.156738 0.0 0.0 0.0 0.0 0.0 0.0 0.0 0.972831
