Person 0.0 0 0.0 1844.956055 251.938477 1886.293945 340.795898 0.0 0.0 0.0 0.0 0.0 0.0 0.0 0.339828
Person 0.0 0 0.0 1805.976562 914.809570 1918.000000 1076.440430 0.0 0.0 0.0 0.0 0.0 0.0 0.0 0.342902
Person 0.0 0 0.0 1170.703125 942.330322 1349.296875 1074.232178 0.0 0.0 0.0 0.0 0.0 0.0 0.0 0.425367
Person 0.0 0 0.0 1802.285156 366.042480 1918.000000 595.832520 0.0 0.0 0.0 0.0 0.0 0.0 0.0 0.495117
Person 0.0 0 0.0 1670.625000 937.287598 1856.250000 1076.110840 0.0 0.0 0.0 0.0 0.0 0.0 0.0 0.629775
Person 0.0 0 0.0 1783.476562 309.748535 1897.148438 540.329590 0.0 0.0 0.0 0.0 0.0 0.0 0.0 0.900179
Person 0.0 0 0.0 360.761719 346.333008 552.363281 714.682617 0.0 0.0 0.0 0.0 0.0 0.0 0.0 0.902952
Person 0.0 0 0.0 878.671875 335.126953 985.078125 702.158203 0.0 0.0 0.0 0.0 0.0 0.0 0.0 0.904987
Person 0.0 0 0.0 663.369141 314.560547 776.630859 709.013672 0.0 0.0 0.0 0.0 0.0 0.0 0.0 0.919063
Person 0.0 0 0.0 75.058594 840.388184 310.957031 1073.869629 0.0 0.0 0.0 0.0 0.0 0.0 0.0 0.922761
Person 0.0 0 0.0 1275.292969 315.219727 1407.832031 661.420898 0.0 0.0 0.0 0.0 0.0 0.0 0.0 0.936285
Person 0.0 0 0.0 1226.865234 168.420410 1313.759766 424.841309 0.0 0.0 0.0 0.0 0.0 0.0 0.0 0.959307
Person 0.0 0 0.0 1197.568359 122.673340 1286.806641 354.309082 0.0 0.0 0.0 0.0 0.0 0.0 0.0 0.961965
Person 0.0 0 0.0 1157.197266 91.560059 1229.677734 299.992676 0.0 0.0 0.0 0.0 0.0 0.0 0.0 0.964456
