Person 0.0 0 0.0 739.863281 277.514648 781.699219 549.887695 0.0 0.0 0.0 0.0 0.0 0.0 0.0 0.356671
Person 0.0 0 0.0 1223.144531 164.069824 1302.480469 319.504395 0.0 0.0 0.0 0.0 0.0 0.0 0.0 0.414899
Person 0.0 0 0.0 1202.783203 126.101074 1292.841797 300.783691 0.0 0.0 0.0 0.0 0.0 0.0 0.0 0.439747
Person 0.0 0 0.0 1179.902344 942.824707 1353.222656 1074.792480 0.0 0.0 0.0 0.0 0.0 0.0 0.0 0.533154
Person 0.0 0 0.0 1705.722656 953.898926 1892.402344 1074.265137 0.0 0.0 0.0 0.0 0.0 0.0 0.0 0.581303
Person 0.0 0 0.0 949.687500 869.589844 1174.687500 1075.253906 0.0 0.0 0.0 0.0 0.0 0.0 0.0 0.735642
Person 0.0 0 0.0 1794.316406 367.097168 1918.000000 598.469238 0.0 0.0 0.0 0.0 0.0 0.0 0.0 0.887984
Person 0.0 0 0.0 412.500000 337.500000 563.437500 712.968750 0.0 0.0 0.0 0.0 0.0 0.0 0.0 0.892187
Person 0.0 0 0.0 1326.386719 756.210938 1517.988281 1073.671875 0.0 0.0 0.0 0.0 0.0 0.0 0.0 0.913984
Person 0.0 0 0.0 697.734375 647.182617 896.953125 1075.122070 0.0 0.0 0.0 0.0 0.0 0.0 0.0 0.918772
Person 0.0 0 0.0 1301.132812 160.180664 1393.242188 430.444336 0.0 0.0 0.0 0.0 0.0 0.0 0.0 0.924959
Person 0.0 0 0.0 565.458984 49.768066 650.478516 273.229980 0.0 0.0 0.0 0.0 0.0 0.0 0.0 0.929184
Person 0.0 0 0.0 760.869141 65.786133 837.568359 326.557617 0.0 0.0 0.0 0.0 0.0 0.0 0.0 0.930458
Person 0.0 0 0.0 254.238281 370.327148 397.792969 703.344727 0.0 0.0 0.0 0.0 0.0 0.0 0.0 0.934155
Person 0.0 0 0.0 653.759766 262.880859 763.740234 589.833984 0.0 0.0 0.0 0.0 0.0 0.0 0.0 0.934395
Person 0.0 0 0.0 1778.261719 304.145508 1898.613281 537.495117 0.0 0.0 0.0 0.0 0.0 0.0 0.0 0.954308
Person 0.0 0 0.0 802.148438 128.671875 905.039062 410.537109 0.0 0.0 0.0 0.0 0.0 0.0 0.0 0.958538
Person 0.0 0 0.0 837.363281 161.367188 988.886719 468.281250 0.0 0.0 0.0 0.0 0.0 0.0 0.0 0.959762
Person 0.0 0 0.0 1168.828125 256.552734 1304.296875 605.126953 0.0 0.0 0.0 0.0 0.0 0.0 0.0 0.963643
Person 0.0 0 0.0 1166.103516 94.064941 1235.771484 303.552246 0.0 0.0 0.0 0.0 0.0 0.0 0.0 0.965512
