Person 0.0 0 0.0 1822.382812 916.523438 1918.000000 1074.726562 0.0 0.0 0.0 0.0 0.0 0.0 0.0 0.301568
Person 0.0 0 0.0 1888.432617 231.899414 1918.000000 385.620117 0.0 0.0 0.0 0.0 0.0 0.0 0.0 0.361165
Person 0.0 0 0.0 1170.703125 942.297363 1349.296875 1074.265137 0.0 0.0 0.0 0.0 0.0 0.0 0.0 0.468791
Person 0.0 0 0.0 1801.494141 366.042480 1916.630859 595.832520 0.0 0.0 0.0 0.0 0.0 0.0 0.0 0.600188
Person 0.0 0 0.0 1668.808594 934.716797 1850.566406 1076.572266 0.0 0.0 0.0 0.0 0.0 0.0 0.0 0.809276
Person 0.0 0 0.0 6.328125 886.069336 267.187500 1075.649414 0.0 0.0 0.0 0.0 0.0 0.0 0.0 0.890294
Person 0.0 0 0.0 391.406250 341.586914 548.437500 717.319336 0.0 0.0 0.0 0.0 0.0 0.0 0.0 0.911495
Person 0.0 0 0.0 1782.275391 309.484863 1900.224609 538.483887 0.0 0.0 0.0 0.0 0.0 0.0 0.0 0.929184
Person 0.0 0 0.0 749.414062 254.443359 894.023438 622.529297 0.0 0.0 0.0 0.0 0.0 0.0 0.0 0.930205
Person 0.0 0 0.0 660.966797 317.724609 779.970703 709.013672 0.0 0.0 0.0 0.0 0.0 0.0 0.0 0.935110
Person 0.0 0 0.0 856.582031 350.815430 985.605469 702.290039 0.0 0.0 0.0 0.0 0.0 0.0 0.0 0.939025
Person 0.0 0 0.0 266.191406 358.725586 399.902344 674.868164 0.0 0.0 0.0 0.0 0.0 0.0 0.0 0.950960
Person 0.0 0 0.0 1012.968750 265.913086 1148.906250 604.731445 0.0 0.0 0.0 0.0 0.0 0.0 0.0 0.957596
Person 0.0 0 0.0 1275.996094 312.583008 1405.253906 659.311523 0.0 0.0 0.0 0.0 0.0 0.0 0.0 0.958847
Person 0.0 0 0.0 1157.080078 92.680664 1227.919922 300.454102 0.0 0.0 0.0 0.0 0.0 0.0 0.0 0.969785
Person 0.0 0 0.0 1196.044922 117.795410 1305.205078 346.530762 0.0 0.0 0.0 0.0 0.0 0.0 0.0 0.975012
