Person 0.0 0 0.0 407.219238 0.000000 422.937012 60.100708 0.0 0.0 0.0 0.0 0.0 0.0 0.0 0.360264
Person 0.0 0 0.0 1170.527344 450.153809 1302.597656 684.689941 0.0 0.0 0.0 0.0 0.0 0.0 0.0 0.446495
Person 0.0 0 0.0 1170.996094 941.934814 1349.003906 1074.627686 0.0 0.0 0.0 0.0 0.0 0.0 0.0 0.526343
Person 0.0 0 0.0 1609.218750 880.532227 1829.531250 1073.803711 0.0 0.0 0.0 0.0 0.0 0.0 0.0 0.552540
Person 0.0 0 0.0 1736.279297 340.729980 1852.470703 597.941895 0.0 0.0 0.0 0.0 0.0 0.0 0.0 0.710628
Person 0.0 0 0.0 824.882812 264.199219 978.867188 630.175781 0.0 0.0 0.0 0.0 0.0 0.0 0.0 0.774583
Person 0.0 0 0.0 1736.835938 477.773438 1895.039062 757.265625 0.0 0.0 0.0 0.0 0.0 0.0 0.0 0.852935
Person 0.0 0 0.0 439.570312 333.940430 579.492188 712.309570 0.0 0.0 0.0 0.0 0.0 0.0 0.0 0.892187
Person 0.0 0 0.0 287.871094 361.625977 431.660156 686.206055 0.0 0.0 0.0 0.0 0.0 0.0 0.0 0.907312
Person 0.0 0 0.0 675.000000 358.198242 810.000000 782.973633 0.0 0.0 0.0 0.0 0.0 0.0 0.0 0.929440
Person 0.0 0 0.0 1225.078125 563.730469 1405.546875 911.777344 0.0 0.0 0.0 0.0 0.0 0.0 0.0 0.931213
Person 0.0 0 0.0 1100.625000 575.991211 1256.250000 952.250977 0.0 0.0 0.0 0.0 0.0 0.0 0.0 0.933188
Person 0.0 0 0.0 757.382812 374.018555 967.617188 739.731445 0.0 0.0 0.0 0.0 0.0 0.0 0.0 0.935817
Person 0.0 0 0.0 489.785156 125.507812 564.902344 360.175781 0.0 0.0 0.0 0.0 0.0 0.0 0.0 0.959154
Person 0.0 0 0.0 1124.589844 72.773438 1187.285156 272.109375 0.0 0.0 0.0 0.0 0.0 0.0 0.0 0.961965
Person 0.0 0 0.0 1231.699219 114.763184 1312.675781 335.852051 0.0 0.0 0.0 0.0 0.0 0.0 0.0 0.967287
