Person 0.0 0 0.0 881.865234 268.154297 994.072266 597.216797 0.0 0.0 0.0 0.0 0.0 0.0 0.0 0.332852
Person 0.0 0 0.0 881.396484 268.417969 993.603516 468.281250 0.0 0.0 0.0 0.0 0.0 0.0 0.0 0.397938
Person 0.0 0 0.0 1172.871094 941.506348 1350.878906 1075.056152 0.0 0.0 0.0 0.0 0.0 0.0 0.0 0.515620
Person 0.0 0 0.0 706.845703 348.706055 820.341797 781.918945 0.0 0.0 0.0 0.0 0.0 0.0 0.0 0.848471
Person 0.0 0 0.0 353.671875 350.947266 530.390625 726.943359 0.0 0.0 0.0 0.0 0.0 0.0 0.0 0.887984
Person 0.0 0 0.0 1606.757812 882.377930 1816.992188 1073.012695 0.0 0.0 0.0 0.0 0.0 0.0 0.0 0.914901
Person 0.0 0 0.0 246.679688 378.105469 391.289062 674.472656 0.0 0.0 0.0 0.0 0.0 0.0 0.0 0.919931
Person 0.0 0 0.0 758.583984 27.817383 836.103516 286.743164 0.0 0.0 0.0 0.0 0.0 0.0 0.0 0.934155
Person 0.0 0 0.0 1145.786133 73.696289 1203.588867 268.022461 0.0 0.0 0.0 0.0 0.0 0.0 0.0 0.947186
Person 0.0 0 0.0 877.177734 362.153320 991.259766 738.940430 0.0 0.0 0.0 0.0 0.0 0.0 0.0 0.955651
Person 0.0 0 0.0 1231.992188 546.723633 1417.382812 928.784180 0.0 0.0 0.0 0.0 0.0 0.0 0.0 0.957278
Person 0.0 0 0.0 1436.835938 637.031250 1700.039062 1013.554688 0.0 0.0 0.0 0.0 0.0 0.0 0.0 0.961389
Person 0.0 0 0.0 1209.814453 102.897949 1289.560547 322.668457 0.0 0.0 0.0 0.0 0.0 0.0 0.0 0.961965
Person 0.0 0 0.0 1169.531250 457.470703 1326.093750 835.576172 0.0 0.0 0.0 0.0 0.0 0.0 0.0 0.970688
