Person 0.0 0 0.0 1255.986328 121.223145 1290.263672 214.958496 0.0 0.0 0.0 0.0 0.0 0.0 0.0 0.387690
Person 0.0 0 0.0 415.473633 87.736816 465.307617 213.640137 0.0 0.0 0.0 0.0 0.0 0.0 0.0 0.388618
Person 0.0 0 0.0 1226.074219 942.758789 1353.925781 1074.858398 0.0 0.0 0.0 0.0 0.0 0.0 0.0 0.413951
Person 0.0 0 0.0 1799.003906 915.205078 1918.000000 1077.099609 0.0 0.0 0.0 0.0 0.0 0.0 0.0 0.461988
Person 0.0 0 0.0 1806.269531 374.150391 1918.000000 608.291016 0.0 0.0 0.0 0.0 0.0 0.0 0.0 0.567937
Person 0.0 0 0.0 1180.429688 166.113281 1283.320312 445.605469 0.0 0.0 0.0 0.0 0.0 0.0 0.0 0.643329
Person 0.0 0 0.0 887.812500 852.912598 1225.312500 1072.946777 0.0 0.0 0.0 0.0 0.0 0.0 0.0 0.832781
Person 0.0 0 0.0 97.500000 578.759766 353.203125 925.224609 0.0 0.0 0.0 0.0 0.0 0.0 0.0 0.854885
Person 0.0 0 0.0 1308.457031 209.553223 1419.667969 471.774902 0.0 0.0 0.0 0.0 0.0 0.0 0.0 0.855851
Person 0.0 0 0.0 1150.957031 52.932129 1230.292969 235.788574 0.0 0.0 0.0 0.0 0.0 0.0 0.0 0.866132
Person 0.0 0 0.0 1167.099609 100.393066 1236.650391 303.288574 0.0 0.0 0.0 0.0 0.0 0.0 0.0 0.910545
Person 0.0 0 0.0 250.429688 387.861328 460.664062 764.912109 0.0 0.0 0.0 0.0 0.0 0.0 0.0 0.925769
Person 0.0 0 0.0 1323.925781 767.285156 1529.824219 1073.144531 0.0 0.0 0.0 0.0 0.0 0.0 0.0 0.935582
Person 0.0 0 0.0 693.515625 652.587891 968.671875 1074.990234 0.0 0.0 0.0 0.0 0.0 0.0 0.0 0.938576
Person 0.0 0 0.0 858.134766 131.044922 941.865234 433.212891 0.0 0.0 0.0 0.0 0.0 0.0 0.0 0.953449
Person 0.0 0 0.0 1780.488281 308.693848 1900.136719 536.110840 0.0 0.0 0.0 0.0 0.0 0.0 0.0 0.954984
Person 0.0 0 0.0 923.847656 161.894531 1054.277344 462.480469 0.0 0.0 0.0 0.0 0.0 0.0 0.0 0.966663
Person 0.0 0 0.0 633.867188 177.055664 776.132812 476.323242 0.0 0.0 0.0 0.0 0.0 0.0 0.0 0.966789
Person 0.0 0 0.0 1169.648438 263.803711 1305.351562 615.805664 0.0 0.0 0.0 0.0 0.0 0.0 0.0 0.970240
Person 0.0 0 0.0 1023.896484 102.832031 1113.603516 392.343750 0.0 0.0 0.0 0.0 0.0 0.0 0.0 0.972204
