Person 0.0 0 0.0 1686.796875 987.517090 1862.578125 1076.506348 0.0 0.0 0.0 0.0 0.0 0.0 0.0 0.400749
Person 0.0 0 0.0 1326.445312 765.834961 1508.554688 1072.485352 0.0 0.0 0.0 0.0 0.0 0.0 0.0 0.432063
Person 0.0 0 0.0 1180.634766 122.409668 1262.490234 358.527832 0.0 0.0 0.0 0.0 0.0 0.0 0.0 0.490236
Person 0.0 0 0.0 686.660156 151.677246 738.339844 387.795410 0.0 0.0 0.0 0.0 0.0 0.0 0.0 0.529263
Person 0.0 0 0.0 1761.796875 606.313477 1918.000000 897.670898 0.0 0.0 0.0 0.0 0.0 0.0 0.0 0.595493
Person 0.0 0 0.0 1803.544922 369.140625 1918.000000 602.753906 0.0 0.0 0.0 0.0 0.0 0.0 0.0 0.699254
Person 0.0 0 0.0 1178.261719 189.843750 1281.738281 473.027344 0.0 0.0 0.0 0.0 0.0 0.0 0.0 0.706596
Person 0.0 0 0.0 885.468750 861.745605 1227.656250 1074.660645 0.0 0.0 0.0 0.0 0.0 0.0 0.0 0.846451
Person 0.0 0 0.0 72.949219 617.255859 276.738281 980.595703 0.0 0.0 0.0 0.0 0.0 0.0 0.0 0.862468
Person 0.0 0 0.0 202.851562 416.733398 431.367188 789.829102 0.0 0.0 0.0 0.0 0.0 0.0 0.0 0.898053
Person 0.0 0 0.0 1167.070312 93.076172 1234.804688 303.486328 0.0 0.0 0.0 0.0 0.0 0.0 0.0 0.923316
Person 0.0 0 0.0 1288.183594 190.371094 1357.441406 461.425781 0.0 0.0 0.0 0.0 0.0 0.0 0.0 0.928926
Person 0.0 0 0.0 926.601562 162.026367 1032.773438 460.239258 0.0 0.0 0.0 0.0 0.0 0.0 0.0 0.930962
Person 0.0 0 0.0 697.265625 647.578125 968.671875 1074.726562 0.0 0.0 0.0 0.0 0.0 0.0 0.0 0.934395
Person 0.0 0 0.0 878.466797 119.047852 958.095703 417.524414 0.0 0.0 0.0 0.0 0.0 0.0 0.0 0.941868
Person 0.0 0 0.0 1256.074219 87.143555 1318.300781 261.430664 0.0 0.0 0.0 0.0 0.0 0.0 0.0 0.942929
Person 0.0 0 0.0 615.498047 146.997070 722.314453 422.534180 0.0 0.0 0.0 0.0 0.0 0.0 0.0 0.958538
Person 0.0 0 0.0 1012.148438 100.327148 1114.101562 392.475586 0.0 0.0 0.0 0.0 0.0 0.0 0.0 0.958693
Person 0.0 0 0.0 1170.000000 263.144531 1314.375000 615.410156 0.0 0.0 0.0 0.0 0.0 0.0 0.0 0.960361
Person 0.0 0 0.0 1779.082031 307.441406 1899.667969 537.363281 0.0 0.0 0.0 0.0 0.0 0.0 0.0 0.962108
