Person 0.0 0 0.0 407.929688 329.392090 515.507812 518.049316 0.0 0.0 0.0 0.0 0.0 0.0 0.0 0.301568
Person 0.0 0 0.0 396.328125 145.217285 487.734375 362.351074 0.0 0.0 0.0 0.0 0.0 0.0 0.0 0.347316
Person 0.0 0 0.0 1680.996094 984.221191 1821.503906 1076.638184 0.0 0.0 0.0 0.0 0.0 0.0 0.0 0.353094
Person 0.0 0 0.0 408.105469 328.139648 511.582031 699.653320 0.0 0.0 0.0 0.0 0.0 0.0 0.0 0.407333
Person 0.0 0 0.0 1170.703125 941.802979 1349.296875 1073.704834 0.0 0.0 0.0 0.0 0.0 0.0 0.0 0.437824
Person 0.0 0 0.0 1248.266602 49.240723 1303.608398 212.189941 0.0 0.0 0.0 0.0 0.0 0.0 0.0 0.845942
Person 0.0 0 0.0 1800.322266 365.449219 1917.802734 599.062500 0.0 0.0 0.0 0.0 0.0 0.0 0.0 0.859664
Person 0.0 0 0.0 1361.337891 123.859863 1439.912109 346.267090 0.0 0.0 0.0 0.0 0.0 0.0 0.0 0.873215
Person 0.0 0 0.0 408.281250 414.228516 633.281250 859.833984 0.0 0.0 0.0 0.0 0.0 0.0 0.0 0.886420
Person 0.0 0 0.0 1785.087891 310.737305 1903.037109 530.903320 0.0 0.0 0.0 0.0 0.0 0.0 0.0 0.887984
Person 0.0 0 0.0 902.255859 90.439453 972.744141 410.273438 0.0 0.0 0.0 0.0 0.0 0.0 0.0 0.897336
Person 0.0 0 0.0 687.656250 327.084961 834.843750 643.227539 0.0 0.0 0.0 0.0 0.0 0.0 0.0 0.908942
Person 0.0 0 0.0 556.582031 276.723633 662.167969 691.479492 0.0 0.0 0.0 0.0 0.0 0.0 0.0 0.912124
Person 0.0 0 0.0 230.683594 392.871094 402.128906 690.292969 0.0 0.0 0.0 0.0 0.0 0.0 0.0 0.914291
Person 0.0 0 0.0 1062.070312 514.028320 1221.679688 892.924805 0.0 0.0 0.0 0.0 0.0 0.0 0.0 0.926570
Person 0.0 0 0.0 654.433594 495.834961 868.066406 1017.641602 0.0 0.0 0.0 0.0 0.0 0.0 0.0 0.929440
Person 0.0 0 0.0 839.326172 158.203125 926.923828 472.500000 0.0 0.0 0.0 0.0 0.0 0.0 0.0 0.944791
Person 0.0 0 0.0 1157.724609 94.526367 1231.025391 300.454102 0.0 0.0 0.0 0.0 0.0 0.0 0.0 0.956796
Person 0.0 0 0.0 1202.958984 122.277832 1283.291016 353.386230 0.0 0.0 0.0 0.0 0.0 0.0 0.0 0.957118
