Person 0.0 0 0.0 1172.080078 33.881836 1242.919922 218.320312 0.0 0.0 0.0 0.0 0.0 0.0 0.0 0.355775
Person 0.0 0 0.0 1170.527344 941.770020 1349.472656 1073.737793 0.0 0.0 0.0 0.0 0.0 0.0 0.0 0.498047
Person 0.0 0 0.0 1678.359375 973.872070 1865.390625 1074.331055 0.0 0.0 0.0 0.0 0.0 0.0 0.0 0.601125
Person 0.0 0 0.0 649.863281 445.869141 862.324219 894.638672 0.0 0.0 0.0 0.0 0.0 0.0 0.0 0.678327
Person 0.0 0 0.0 373.417969 330.908203 545.800781 710.595703 0.0 0.0 0.0 0.0 0.0 0.0 0.0 0.756358
Person 0.0 0 0.0 1158.984375 33.947754 1248.515625 299.860840 0.0 0.0 0.0 0.0 0.0 0.0 0.0 0.777300
Person 0.0 0 0.0 1799.824219 363.471680 1914.550781 599.458008 0.0 0.0 0.0 0.0 0.0 0.0 0.0 0.837088
Person 0.0 0 0.0 647.138672 251.147461 744.111328 609.477539 0.0 0.0 0.0 0.0 0.0 0.0 0.0 0.859664
Person 0.0 0 0.0 1361.455078 122.409668 1441.669922 346.398926 0.0 0.0 0.0 0.0 0.0 0.0 0.0 0.867934
Person 0.0 0 0.0 495.292969 362.285156 654.082031 828.457031 0.0 0.0 0.0 0.0 0.0 0.0 0.0 0.901227
Person 0.0 0 0.0 230.039062 392.475586 401.835938 690.688477 0.0 0.0 0.0 0.0 0.0 0.0 0.0 0.911810
Person 0.0 0 0.0 1785.937500 312.648926 1904.062500 531.101074 0.0 0.0 0.0 0.0 0.0 0.0 0.0 0.915205
Person 0.0 0 0.0 421.962891 88.791504 529.130859 304.079590 0.0 0.0 0.0 0.0 0.0 0.0 0.0 0.917598
Person 0.0 0 0.0 866.367188 152.402344 967.382812 446.132812 0.0 0.0 0.0 0.0 0.0 0.0 0.0 0.939471
Person 0.0 0 0.0 1110.234375 577.441406 1312.265625 946.582031 0.0 0.0 0.0 0.0 0.0 0.0 0.0 0.942718
Person 0.0 0 0.0 805.839844 314.165039 938.847656 668.803711 0.0 0.0 0.0 0.0 0.0 0.0 0.0 0.946399
Person 0.0 0 0.0 1192.500000 122.409668 1275.000000 358.527832 0.0 0.0 0.0 0.0 0.0 0.0 0.0 0.964855
