Person 0.0 0 0.0 1828.183594 923.312988 1918.000000 1075.319824 0.0 0.0 0.0 0.0 0.0 0.0 0.0 0.311532
Person 0.0 0 0.0 1172.402344 941.506348 1347.597656 1075.056152 0.0 0.0 0.0 0.0 0.0 0.0 0.0 0.314893
Person 0.0 0 0.0 395.654297 144.030762 488.408203 368.811035 0.0 0.0 0.0 0.0 0.0 0.0 0.0 0.407333
Person 0.0 0 0.0 1794.433594 369.733887 1918.000000 600.578613 0.0 0.0 0.0 0.0 0.0 0.0 0.0 0.455199
Person 0.0 0 0.0 1650.058594 972.619629 1846.816406 1075.583496 0.0 0.0 0.0 0.0 0.0 0.0 0.0 0.579400
Person 0.0 0 0.0 823.125000 125.507812 917.812500 360.175781 0.0 0.0 0.0 0.0 0.0 0.0 0.0 0.718594
Person 0.0 0 0.0 1174.921875 680.800781 1397.578125 1069.980469 0.0 0.0 0.0 0.0 0.0 0.0 0.0 0.763484
Person 0.0 0 0.0 1376.308594 128.474121 1449.316406 354.836426 0.0 0.0 0.0 0.0 0.0 0.0 0.0 0.841826
Person 0.0 0 0.0 734.296875 540.263672 984.140625 1052.314453 0.0 0.0 0.0 0.0 0.0 0.0 0.0 0.850469
Person 0.0 0 0.0 779.267578 269.868164 896.982422 600.776367 0.0 0.0 0.0 0.0 0.0 0.0 0.0 0.851459
Person 0.0 0 0.0 701.308594 421.611328 855.878906 799.716797 0.0 0.0 0.0 0.0 0.0 0.0 0.0 0.862004
Person 0.0 0 0.0 655.971680 24.719238 709.965820 225.373535 0.0 0.0 0.0 0.0 0.0 0.0 0.0 0.899475
Person 0.0 0 0.0 1196.044922 122.409668 1293.955078 356.418457 0.0 0.0 0.0 0.0 0.0 0.0 0.0 0.902610
Person 0.0 0 0.0 1780.136719 302.497559 1907.988281 537.561035 0.0 0.0 0.0 0.0 0.0 0.0 0.0 0.912124
Person 0.0 0 0.0 211.992188 399.726562 394.101562 700.312500 0.0 0.0 0.0 0.0 0.0 0.0 0.0 0.919353
Person 0.0 0 0.0 663.779297 160.444336 764.970703 530.903320 0.0 0.0 0.0 0.0 0.0 0.0 0.0 0.922482
Person 0.0 0 0.0 1210.341797 238.623047 1320.908203 556.611328 0.0 0.0 0.0 0.0 0.0 0.0 0.0 0.926037
Person 0.0 0 0.0 1063.242188 268.417969 1198.007812 636.503906 0.0 0.0 0.0 0.0 0.0 0.0 0.0 0.944177
Person 0.0 0 0.0 1165.546875 93.867188 1243.828125 304.804688 0.0 0.0 0.0 0.0 0.0 0.0 0.0 0.972415
