Person 0.0 0 0.0 842.578125 267.033691 989.296875 518.181152 0.0 0.0 0.0 0.0 0.0 0.0 0.0 0.330687
Person 0.0 0 0.0 1170.878906 942.033691 1349.121094 1075.583496 0.0 0.0 0.0 0.0 0.0 0.0 0.0 0.482429
Person 0.0 0 0.0 859.160156 266.704102 988.652344 718.374023 0.0 0.0 0.0 0.0 0.0 0.0 0.0 0.497070
Person 0.0 0 0.0 1748.203125 717.912598 1918.000000 927.399902 0.0 0.0 0.0 0.0 0.0 0.0 0.0 0.592667
Person 0.0 0 0.0 1736.367188 337.895508 1852.382812 596.557617 0.0 0.0 0.0 0.0 0.0 0.0 0.0 0.707405
Person 0.0 0 0.0 857.050781 371.777344 985.136719 740.917969 0.0 0.0 0.0 0.0 0.0 0.0 0.0 0.754915
Person 0.0 0 0.0 1739.003906 475.004883 1913.496094 755.815430 0.0 0.0 0.0 0.0 0.0 0.0 0.0 0.831143
Person 0.0 0 0.0 361.406250 353.188477 546.093750 735.249023 0.0 0.0 0.0 0.0 0.0 0.0 0.0 0.867934
Person 0.0 0 0.0 265.957031 386.015625 390.761719 687.656250 0.0 0.0 0.0 0.0 0.0 0.0 0.0 0.889912
Person 0.0 0 0.0 796.113281 505.854492 932.636719 923.247070 0.0 0.0 0.0 0.0 0.0 0.0 0.0 0.895888
Person 0.0 0 0.0 1602.832031 887.124023 1834.042969 1073.540039 0.0 0.0 0.0 0.0 0.0 0.0 0.0 0.901575
Person 0.0 0 0.0 540.175781 113.642578 616.699219 358.593750 0.0 0.0 0.0 0.0 0.0 0.0 0.0 0.912124
Person 0.0 0 0.0 460.839844 4.548340 527.285156 214.431152 0.0 0.0 0.0 0.0 0.0 0.0 0.0 0.932944
Person 0.0 0 0.0 674.414062 339.477539 826.523438 763.725586 0.0 0.0 0.0 0.0 0.0 0.0 0.0 0.938576
Person 0.0 0 0.0 1224.140625 562.939453 1398.984375 910.458984 0.0 0.0 0.0 0.0 0.0 0.0 0.0 0.947381
Person 0.0 0 0.0 1098.896484 76.333008 1173.603516 270.131836 0.0 0.0 0.0 0.0 0.0 0.0 0.0 0.951323
Person 0.0 0 0.0 1121.953125 467.226562 1266.796875 838.476562 0.0 0.0 0.0 0.0 0.0 0.0 0.0 0.964987
