Person 0.0 0 0.0 1826.220703 914.216309 1918.000000 1073.869629 0.0 0.0 0.0 0.0 0.0 0.0 0.0 0.343342
Person 0.0 0 0.0 1220.097656 945.164795 1365.527344 1074.561768 0.0 0.0 0.0 0.0 0.0 0.0 0.0 0.345105
Person 0.0 0 0.0 415.371094 88.000488 465.410156 216.276855 0.0 0.0 0.0 0.0 0.0 0.0 0.0 0.346431
Person 0.0 0 0.0 1688.789062 987.187500 1860.585938 1076.835938 0.0 0.0 0.0 0.0 0.0 0.0 0.0 0.351756
Person 0.0 0 0.0 1227.070312 768.339844 1504.804688 1073.144531 0.0 0.0 0.0 0.0 0.0 0.0 0.0 0.382141
Person 0.0 0 0.0 1288.681641 196.435547 1371.943359 460.107422 0.0 0.0 0.0 0.0 0.0 0.0 0.0 0.441673
Person 0.0 0 0.0 1326.152344 767.812500 1505.097656 1072.617188 0.0 0.0 0.0 0.0 0.0 0.0 0.0 0.459076
Person 0.0 0 0.0 1804.306641 366.108398 1918.000000 599.985352 0.0 0.0 0.0 0.0 0.0 0.0 0.0 0.750553
Person 0.0 0 0.0 876.240234 115.356445 950.947266 405.922852 0.0 0.0 0.0 0.0 0.0 0.0 0.0 0.777975
Person 0.0 0 0.0 72.070312 633.339844 276.914062 982.441406 0.0 0.0 0.0 0.0 0.0 0.0 0.0 0.838151
Person 0.0 0 0.0 886.757812 864.514160 1222.617188 1074.001465 0.0 0.0 0.0 0.0 0.0 0.0 0.0 0.839208
Person 0.0 0 0.0 695.273438 645.073242 966.914062 1074.067383 0.0 0.0 0.0 0.0 0.0 0.0 0.0 0.930711
Person 0.0 0 0.0 901.318359 155.039062 996.181641 463.007812 0.0 0.0 0.0 0.0 0.0 0.0 0.0 0.933431
Person 0.0 0 0.0 153.164062 427.280273 341.835938 840.454102 0.0 0.0 0.0 0.0 0.0 0.0 0.0 0.937440
Person 0.0 0 0.0 1178.671875 122.475586 1271.953125 355.297852 0.0 0.0 0.0 0.0 0.0 0.0 0.0 0.958226
Person 0.0 0 0.0 1010.185547 99.931641 1117.939453 392.871094 0.0 0.0 0.0 0.0 0.0 0.0 0.0 0.962813
Person 0.0 0 0.0 1297.646484 99.997559 1353.603516 236.975098 0.0 0.0 0.0 0.0 0.0 0.0 0.0 0.965381
Person 0.0 0 0.0 1166.513672 93.999023 1239.111328 304.145508 0.0 0.0 0.0 0.0 0.0 0.0 0.0 0.966411
Person 0.0 0 0.0 1778.261719 309.287109 1898.613281 536.572266 0.0 0.0 0.0 0.0 0.0 0.0 0.0 0.968141
Person 0.0 0 0.0 1169.062500 263.012695 1313.437500 615.541992 0.0 0.0 0.0 0.0 0.0 0.0 0.0 0.969556
