Person 0.0 0 0.0 1801.904297 232.163086 1918.000000 465.512695 0.0 0.0 0.0 0.0 0.0 0.0 0.0 0.309858
Person 0.0 0 0.0 395.214844 144.558105 488.847656 370.920410 0.0 0.0 0.0 0.0 0.0 0.0 0.0 0.318273
Person 0.0 0 0.0 1801.376953 280.678711 1907.373047 466.040039 0.0 0.0 0.0 0.0 0.0 0.0 0.0 0.349977
Person 0.0 0 0.0 1812.041016 920.874023 1918.000000 1073.540039 0.0 0.0 0.0 0.0 0.0 0.0 0.0 0.368406
Person 0.0 0 0.0 1396.801758 91.461182 1441.948242 170.496826 0.0 0.0 0.0 0.0 0.0 0.0 0.0 0.426322
Person 0.0 0 0.0 1170.703125 942.396240 1349.296875 1074.166260 0.0 0.0 0.0 0.0 0.0 0.0 0.0 0.434941
Person 0.0 0 0.0 666.884766 300.058594 774.052734 678.691406 0.0 0.0 0.0 0.0 0.0 0.0 0.0 0.518546
Person 0.0 0 0.0 1790.214844 364.987793 1918.000000 594.777832 0.0 0.0 0.0 0.0 0.0 0.0 0.0 0.587943
Person 0.0 0 0.0 1668.750000 953.997803 1852.500000 1075.220947 0.0 0.0 0.0 0.0 0.0 0.0 0.0 0.739422
Person 0.0 0 0.0 1786.875000 312.912598 1905.000000 531.364746 0.0 0.0 0.0 0.0 0.0 0.0 0.0 0.871912
Person 0.0 0 0.0 681.738281 334.335938 850.136719 755.156250 0.0 0.0 0.0 0.0 0.0 0.0 0.0 0.885235
Person 0.0 0 0.0 1334.267578 114.829102 1421.982422 331.040039 0.0 0.0 0.0 0.0 0.0 0.0 0.0 0.923039
Person 0.0 0 0.0 1.054688 510.996094 200.625000 885.410156 0.0 0.0 0.0 0.0 0.0 0.0 0.0 0.924688
Person 0.0 0 0.0 362.050781 333.017578 555.761719 706.376953 0.0 0.0 0.0 0.0 0.0 0.0 0.0 0.926835
Person 0.0 0 0.0 887.490234 347.124023 1006.259766 688.579102 0.0 0.0 0.0 0.0 0.0 0.0 0.0 0.933673
Person 0.0 0 0.0 239.765625 632.812500 536.484375 1035.703125 0.0 0.0 0.0 0.0 0.0 0.0 0.0 0.944995
Person 0.0 0 0.0 225.937500 392.607422 401.718750 678.427734 0.0 0.0 0.0 0.0 0.0 0.0 0.0 0.951504
Person 0.0 0 0.0 1182.656250 122.343750 1303.593750 352.265625 0.0 0.0 0.0 0.0 0.0 0.0 0.0 0.963643
Person 0.0 0 0.0 1157.812500 93.142090 1229.062500 300.256348 0.0 0.0 0.0 0.0 0.0 0.0 0.0 0.969556
Person 0.0 0 0.0 907.587891 138.691406 989.912109 383.642578 0.0 0.0 0.0 0.0 0.0 0.0 0.0 0.972831
