Person 0.0 0 0.0 1170.410156 942.528076 1349.589844 1074.034424 0.0 0.0 0.0 0.0 0.0 0.0 0.0 0.463930
Person 0.0 0 0.0 1668.046875 946.417236 1840.078125 1076.473389 0.0 0.0 0.0 0.0 0.0 0.0 0.0 0.590779
Person 0.0 0 0.0 0.937500 911.513672 174.492188 1074.462891 0.0 0.0 0.0 0.0 0.0 0.0 0.0 0.762070
Person 0.0 0 0.0 393.750000 340.400391 548.906250 712.177734 0.0 0.0 0.0 0.0 0.0 0.0 0.0 0.895888
Person 0.0 0 0.0 1795.224609 358.923340 1911.650391 583.967285 0.0 0.0 0.0 0.0 0.0 0.0 0.0 0.901575
Person 0.0 0 0.0 1035.996094 428.730469 1176.503906 813.691406 0.0 0.0 0.0 0.0 0.0 0.0 0.0 0.910227
Person 0.0 0 0.0 1780.078125 311.726074 1898.671875 527.805176 0.0 0.0 0.0 0.0 0.0 0.0 0.0 0.910863
Person 0.0 0 0.0 664.980469 315.615234 768.457031 709.013672 0.0 0.0 0.0 0.0 0.0 0.0 0.0 0.913984
Person 0.0 0 0.0 264.257812 360.175781 399.492188 696.621094 0.0 0.0 0.0 0.0 0.0 0.0 0.0 0.929951
Person 0.0 0 0.0 864.667969 352.265625 988.769531 702.421875 0.0 0.0 0.0 0.0 0.0 0.0 0.0 0.939248
Person 0.0 0 0.0 758.789062 248.642578 900.585938 637.294922 0.0 0.0 0.0 0.0 0.0 0.0 0.0 0.950041
Person 0.0 0 0.0 1277.226562 315.878906 1437.773438 673.417969 0.0 0.0 0.0 0.0 0.0 0.0 0.0 0.953101
Person 0.0 0 0.0 1156.816406 93.010254 1224.433594 299.860840 0.0 0.0 0.0 0.0 0.0 0.0 0.0 0.962108
Person 0.0 0 0.0 1232.490234 119.509277 1319.384766 355.100098 0.0 0.0 0.0 0.0 0.0 0.0 0.0 0.969556
