Person 0.0 0 0.0 1170.410156 942.429199 1349.589844 1075.187988 0.0 0.0 0.0 0.0 0.0 0.0 0.0 0.527317
Person 0.0 0 0.0 1735.751953 341.718750 1851.123047 597.480469 0.0 0.0 0.0 0.0 0.0 0.0 0.0 0.659295
Person 0.0 0 0.0 438.515625 330.380859 577.734375 717.451172 0.0 0.0 0.0 0.0 0.0 0.0 0.0 0.883638
Person 0.0 0 0.0 567.509766 21.093750 658.740234 253.916016 0.0 0.0 0.0 0.0 0.0 0.0 0.0 0.890675
Person 0.0 0 0.0 826.875000 273.955078 983.437500 625.166016 0.0 0.0 0.0 0.0 0.0 0.0 0.0 0.904987
Person 0.0 0 0.0 1704.082031 475.795898 1897.792969 756.079102 0.0 0.0 0.0 0.0 0.0 0.0 0.0 0.905322
Person 0.0 0 0.0 1164.492188 77.980957 1228.007812 274.020996 0.0 0.0 0.0 0.0 0.0 0.0 0.0 0.927363
Person 0.0 0 0.0 450.908203 121.882324 524.091797 329.787598 0.0 0.0 0.0 0.0 0.0 0.0 0.0 0.927626
Person 0.0 0 0.0 677.167969 362.812500 809.707031 782.578125 0.0 0.0 0.0 0.0 0.0 0.0 0.0 0.939025
Person 0.0 0 0.0 1608.046875 889.628906 1830.703125 1073.144531 0.0 0.0 0.0 0.0 0.0 0.0 0.0 0.942507
Person 0.0 0 0.0 302.871094 343.696289 431.191406 666.694336 0.0 0.0 0.0 0.0 0.0 0.0 0.0 0.946001
Person 0.0 0 0.0 1343.964844 685.151367 1582.910156 1041.372070 0.0 0.0 0.0 0.0 0.0 0.0 0.0 0.958070
Person 0.0 0 0.0 814.863281 363.076172 977.636719 739.072266 0.0 0.0 0.0 0.0 0.0 0.0 0.0 0.965771
Person 0.0 0 0.0 1204.570312 102.700195 1298.554688 323.393555 0.0 0.0 0.0 0.0 0.0 0.0 0.0 0.967778
Person 0.0 0 0.0 1169.531250 450.615234 1327.968750 836.103516 0.0 0.0 0.0 0.0 0.0 0.0 0.0 0.968020
