Person 0.0 0 0.0 1340.610352 207.114258 1381.889648 337.104492 0.0 0.0 0.0 0.0 0.0 0.0 0.0 0.382141
Person 0.0 0 0.0 1224.492188 770.844727 1505.507812 1072.749023 0.0 0.0 0.0 0.0 0.0 0.0 0.0 0.390476
Person 0.0 0 0.0 1328.496094 770.581055 1506.503906 1071.958008 0.0 0.0 0.0 0.0 0.0 0.0 0.0 0.402627
Person 0.0 0 0.0 1684.101562 989.362793 1865.273438 1076.770020 0.0 0.0 0.0 0.0 0.0 0.0 0.0 0.441673
Person 0.0 0 0.0 870.498047 118.388672 963.251953 389.179688 0.0 0.0 0.0 0.0 0.0 0.0 0.0 0.734120
Person 0.0 0 0.0 892.031250 867.941895 1219.218750 1074.792480 0.0 0.0 0.0 0.0 0.0 0.0 0.0 0.846451
Person 0.0 0 0.0 1804.189453 367.294922 1918.000000 601.962891 0.0 0.0 0.0 0.0 0.0 0.0 0.0 0.853425
Person 0.0 0 0.0 28.476562 653.774414 275.742188 990.483398 0.0 0.0 0.0 0.0 0.0 0.0 0.0 0.866132
Person 0.0 0 0.0 1181.103516 124.387207 1288.271484 355.495605 0.0 0.0 0.0 0.0 0.0 0.0 0.0 0.923039
Person 0.0 0 0.0 1261.494141 233.613281 1356.005859 541.582031 0.0 0.0 0.0 0.0 0.0 0.0 0.0 0.923592
Person 0.0 0 0.0 108.984375 466.567383 315.937500 849.682617 0.0 0.0 0.0 0.0 0.0 0.0 0.0 0.928926
Person 0.0 0 0.0 695.507812 641.909180 966.679688 1074.067383 0.0 0.0 0.0 0.0 0.0 0.0 0.0 0.938576
Person 0.0 0 0.0 587.636719 139.086914 691.113281 395.903320 0.0 0.0 0.0 0.0 0.0 0.0 0.0 0.950778
Person 0.0 0 0.0 841.640625 162.158203 957.421875 471.708984 0.0 0.0 0.0 0.0 0.0 0.0 0.0 0.953449
Person 0.0 0 0.0 1673.085938 585.747070 1896.914062 900.307617 0.0 0.0 0.0 0.0 0.0 0.0 0.0 0.960952
Person 0.0 0 0.0 1010.917969 100.722656 1113.457031 392.871094 0.0 0.0 0.0 0.0 0.0 0.0 0.0 0.961822
Person 0.0 0 0.0 1319.882812 107.644043 1381.992188 243.830566 0.0 0.0 0.0 0.0 0.0 0.0 0.0 0.965250
Person 0.0 0 0.0 1779.316406 307.177734 1899.433594 538.681641 0.0 0.0 0.0 0.0 0.0 0.0 0.0 0.966028
Person 0.0 0 0.0 1169.296875 265.517578 1311.328125 616.201172 0.0 0.0 0.0 0.0 0.0 0.0 0.0 0.967287
Person 0.0 0 0.0 1166.484375 96.108398 1235.390625 303.354492 0.0 0.0 0.0 0.0 0.0 0.0 0.0 0.974043
