Person 0.0 0 0.0 395.683594 144.360352 487.910156 364.526367 0.0 0.0 0.0 0.0 0.0 0.0 0.0 0.322526
Person 0.0 0 0.0 1170.703125 942.824707 1349.296875 1074.792480 0.0 0.0 0.0 0.0 0.0 0.0 0.0 0.468791
Person 0.0 0 0.0 1801.259766 366.767578 1918.000000 596.689453 0.0 0.0 0.0 0.0 0.0 0.0 0.0 0.474631
Person 0.0 0 0.0 1669.980469 936.232910 1855.019531 1075.056152 0.0 0.0 0.0 0.0 0.0 0.0 0.0 0.730290
Person 0.0 0 0.0 668.994141 325.898438 767.255859 709.804688 0.0 0.0 0.0 0.0 0.0 0.0 0.0 0.863852
Person 0.0 0 0.0 76.816406 840.058594 310.605469 1074.199219 0.0 0.0 0.0 0.0 0.0 0.0 0.0 0.901921
Person 0.0 0 0.0 873.515625 335.126953 979.921875 702.158203 0.0 0.0 0.0 0.0 0.0 0.0 0.0 0.915205
Person 0.0 0 0.0 406.582031 340.004883 547.324219 710.463867 0.0 0.0 0.0 0.0 0.0 0.0 0.0 0.928926
Person 0.0 0 0.0 744.257812 243.500977 884.179688 621.342773 0.0 0.0 0.0 0.0 0.0 0.0 0.0 0.929696
Person 0.0 0 0.0 1781.748047 312.451172 1900.751953 543.955078 0.0 0.0 0.0 0.0 0.0 0.0 0.0 0.932699
Person 0.0 0 0.0 231.386719 392.343750 398.613281 689.765625 0.0 0.0 0.0 0.0 0.0 0.0 0.0 0.952750
Person 0.0 0 0.0 1274.824219 316.933594 1412.050781 663.925781 0.0 0.0 0.0 0.0 0.0 0.0 0.0 0.954816
Person 0.0 0 0.0 1156.582031 91.823730 1226.542969 300.256348 0.0 0.0 0.0 0.0 0.0 0.0 0.0 0.967656
Person 0.0 0 0.0 1197.480469 120.629883 1296.269531 353.979492 0.0 0.0 0.0 0.0 0.0 0.0 0.0 0.974043
