Person 0.0 0 0.0 1832.138672 961.347656 1918.000000 1074.199219 0.0 0.0 0.0 0.0 0.0 0.0 0.0 0.304869
Person 0.0 0 0.0 1369.248047 142.976074 1443.251953 375.930176 0.0 0.0 0.0 0.0 0.0 0.0 0.0 0.322526
Person 0.0 0 0.0 395.419922 144.953613 488.173828 335.720215 0.0 0.0 0.0 0.0 0.0 0.0 0.0 0.390476
Person 0.0 0 0.0 1170.703125 941.934814 1349.296875 1074.627686 0.0 0.0 0.0 0.0 0.0 0.0 0.0 0.498047
Person 0.0 0 0.0 0.468750 583.374023 111.855469 892.133789 0.0 0.0 0.0 0.0 0.0 0.0 0.0 0.585101
Person 0.0 0 0.0 1211.250000 105.534668 1310.625000 258.859863 0.0 0.0 0.0 0.0 0.0 0.0 0.0 0.803174
Person 0.0 0 0.0 829.746094 245.478516 960.878906 616.728516 0.0 0.0 0.0 0.0 0.0 0.0 0.0 0.813461
Person 0.0 0 0.0 414.082031 305.068359 558.105469 699.521484 0.0 0.0 0.0 0.0 0.0 0.0 0.0 0.835484
Person 0.0 0 0.0 1683.105469 884.091797 1841.894531 1073.408203 0.0 0.0 0.0 0.0 0.0 0.0 0.0 0.837620
Person 0.0 0 0.0 706.318359 303.222656 801.181641 698.730469 0.0 0.0 0.0 0.0 0.0 0.0 0.0 0.898411
Person 0.0 0 0.0 1717.207031 478.696289 1886.542969 837.553711 0.0 0.0 0.0 0.0 0.0 0.0 0.0 0.904313
Person 0.0 0 0.0 471.562500 0.000000 534.375000 180.417480 0.0 0.0 0.0 0.0 0.0 0.0 0.0 0.907312
Person 0.0 0 0.0 243.046875 390.761719 392.109375 697.675781 0.0 0.0 0.0 0.0 0.0 0.0 0.0 0.908618
Person 0.0 0 0.0 981.152344 503.481445 1135.722656 879.213867 0.0 0.0 0.0 0.0 0.0 0.0 0.0 0.924959
Person 0.0 0 0.0 874.101562 365.712891 1037.460938 744.873047 0.0 0.0 0.0 0.0 0.0 0.0 0.0 0.933431
Person 0.0 0 0.0 1159.453125 88.395996 1219.921875 296.301270 0.0 0.0 0.0 0.0 0.0 0.0 0.0 0.940353
Person 0.0 0 0.0 1073.320312 600.249023 1244.179688 964.907227 0.0 0.0 0.0 0.0 0.0 0.0 0.0 0.945601
Person 0.0 0 0.0 1196.132812 122.014160 1314.492188 339.147949 0.0 0.0 0.0 0.0 0.0 0.0 0.0 0.971129
