Person 0.0 0 0.0 1816.787109 916.457520 1918.000000 1073.737793 0.0 0.0 0.0 0.0 0.0 0.0 0.0 0.335460
Person 0.0 0 0.0 1171.640625 942.330322 1348.359375 1071.068115 0.0 0.0 0.0 0.0 0.0 0.0 0.0 0.387690
Person 0.0 0 0.0 738.750000 276.987305 861.562500 666.958008 0.0 0.0 0.0 0.0 0.0 0.0 0.0 0.502930
Person 0.0 0 0.0 1690.429688 956.733398 1857.070312 1074.594727 0.0 0.0 0.0 0.0 0.0 0.0 0.0 0.646014
Person 0.0 0 0.0 1363.271484 126.496582 1445.478516 348.376465 0.0 0.0 0.0 0.0 0.0 0.0 0.0 0.746139
Person 0.0 0 0.0 441.035156 85.627441 524.589844 316.999512 0.0 0.0 0.0 0.0 0.0 0.0 0.0 0.785966
Person 0.0 0 0.0 681.972656 404.736328 856.464844 840.849609 0.0 0.0 0.0 0.0 0.0 0.0 0.0 0.841826
Person 0.0 0 0.0 332.226562 326.425781 568.710938 710.859375 0.0 0.0 0.0 0.0 0.0 0.0 0.0 0.846958
Person 0.0 0 0.0 1006.699219 37.968750 1068.925781 258.134766 0.0 0.0 0.0 0.0 0.0 0.0 0.0 0.874507
Person 0.0 0 0.0 260.507812 359.780273 396.679688 683.305664 0.0 0.0 0.0 0.0 0.0 0.0 0.0 0.881615
Person 0.0 0 0.0 1788.339844 367.097168 1914.785156 596.887207 0.0 0.0 0.0 0.0 0.0 0.0 0.0 0.897695
Person 0.0 0 0.0 1774.394531 295.839844 1885.605469 524.707031 0.0 0.0 0.0 0.0 0.0 0.0 0.0 0.907640
Person 0.0 0 0.0 618.515625 199.204102 753.046875 569.663086 0.0 0.0 0.0 0.0 0.0 0.0 0.0 0.923592
Person 0.0 0 0.0 1165.136719 654.829102 1371.738281 1064.311523 0.0 0.0 0.0 0.0 0.0 0.0 0.0 0.930711
Person 0.0 0 0.0 928.125000 298.344727 1066.875000 676.186523 0.0 0.0 0.0 0.0 0.0 0.0 0.0 0.932699
Person 0.0 0 0.0 1162.734375 92.219238 1239.140625 302.761230 0.0 0.0 0.0 0.0 0.0 0.0 0.0 0.942718
Person 0.0 0 0.0 1201.083984 124.387207 1294.541016 365.778809 0.0 0.0 0.0 0.0 0.0 0.0 0.0 0.946990
Person 0.0 0 0.0 1233.164062 183.977051 1373.085938 435.124512 0.0 0.0 0.0 0.0 0.0 0.0 0.0 0.954816
Person 0.0 0 0.0 842.167969 136.252441 923.144531 400.583496 0.0 0.0 0.0 0.0 0.0 0.0 0.0 0.959459
Person 0.0 0 0.0 873.105469 153.325195 971.894531 453.647461 0.0 0.0 0.0 0.0 0.0 0.0 0.0 0.962391
