Person 0.0 0 0.0 1825.869141 919.094238 1918.000000 1075.319824 0.0 0.0 0.0 0.0 0.0 0.0 0.0 0.332419
Person 0.0 0 0.0 1170.703125 942.396240 1349.296875 1074.166260 0.0 0.0 0.0 0.0 0.0 0.0 0.0 0.432063
Person 0.0 0 0.0 1801.464844 365.383301 1918.000000 596.491699 0.0 0.0 0.0 0.0 0.0 0.0 0.0 0.472683
Person 0.0 0 0.0 1671.093750 939.726562 1855.781250 1076.835938 0.0 0.0 0.0 0.0 0.0 0.0 0.0 0.615088
Person 0.0 0 0.0 356.894531 343.037109 550.605469 715.869141 0.0 0.0 0.0 0.0 0.0 0.0 0.0 0.852935
Person 0.0 0 0.0 1334.150391 186.416016 1412.724609 366.767578 0.0 0.0 0.0 0.0 0.0 0.0 0.0 0.877056
Person 0.0 0 0.0 664.189453 314.692383 770.185547 708.881836 0.0 0.0 0.0 0.0 0.0 0.0 0.0 0.895523
Person 0.0 0 0.0 878.964844 335.654297 984.785156 702.158203 0.0 0.0 0.0 0.0 0.0 0.0 0.0 0.904313
Person 0.0 0 0.0 222.421875 393.925781 398.203125 690.292969 0.0 0.0 0.0 0.0 0.0 0.0 0.0 0.917893
Person 0.0 0 0.0 749.707031 240.864258 886.230469 621.342773 0.0 0.0 0.0 0.0 0.0 0.0 0.0 0.920218
Person 0.0 0 0.0 77.695312 840.322266 311.132812 1073.935547 0.0 0.0 0.0 0.0 0.0 0.0 0.0 0.921922
Person 0.0 0 0.0 1783.007812 310.539551 1901.367188 537.429199 0.0 0.0 0.0 0.0 0.0 0.0 0.0 0.927363
Person 0.0 0 0.0 1274.414062 316.406250 1408.710938 662.343750 0.0 0.0 0.0 0.0 0.0 0.0 0.0 0.942082
Person 0.0 0 0.0 1197.099609 122.343750 1270.400391 353.320312 0.0 0.0 0.0 0.0 0.0 0.0 0.0 0.945601
Person 0.0 0 0.0 1158.017578 91.823730 1223.232422 299.992676 0.0 0.0 0.0 0.0 0.0 0.0 0.0 0.959001
