Person 0.0 0 0.0 1182.656250 942.857666 1352.343750 1074.759521 0.0 0.0 0.0 0.0 0.0 0.0 0.0 0.553505
Person 0.0 0 0.0 1230.878906 126.892090 1302.246094 252.795410 0.0 0.0 0.0 0.0 0.0 0.0 0.0 0.574633
Person 0.0 0 0.0 1235.595703 167.036133 1308.779297 313.637695 0.0 0.0 0.0 0.0 0.0 0.0 0.0 0.687630
Person 0.0 0 0.0 860.917969 65.061035 935.332031 289.313965 0.0 0.0 0.0 0.0 0.0 0.0 0.0 0.736401
Person 0.0 0 0.0 955.546875 868.864746 1178.203125 1075.979004 0.0 0.0 0.0 0.0 0.0 0.0 0.0 0.752013
Person 0.0 0 0.0 1794.785156 365.712891 1918.000000 599.853516 0.0 0.0 0.0 0.0 0.0 0.0 0.0 0.795022
Person 0.0 0 0.0 1680.351562 903.999023 1887.773438 1076.704102 0.0 0.0 0.0 0.0 0.0 0.0 0.0 0.822189
Person 0.0 0 0.0 380.742188 343.564453 541.757812 719.033203 0.0 0.0 0.0 0.0 0.0 0.0 0.0 0.877477
Person 0.0 0 0.0 694.394531 649.160156 897.480469 1075.253906 0.0 0.0 0.0 0.0 0.0 0.0 0.0 0.909907
Person 0.0 0 0.0 259.160156 361.230469 396.621094 695.566406 0.0 0.0 0.0 0.0 0.0 0.0 0.0 0.928668
Person 0.0 0 0.0 512.109375 66.643066 597.890625 298.278809 0.0 0.0 0.0 0.0 0.0 0.0 0.0 0.930711
Person 0.0 0 0.0 891.005859 164.003906 980.244141 468.808594 0.0 0.0 0.0 0.0 0.0 0.0 0.0 0.948537
Person 0.0 0 0.0 1289.267578 150.227051 1388.232422 397.155762 0.0 0.0 0.0 0.0 0.0 0.0 0.0 0.952750
Person 0.0 0 0.0 1778.789062 306.650391 1899.960938 538.154297 0.0 0.0 0.0 0.0 0.0 0.0 0.0 0.956634
Person 0.0 0 0.0 790.869141 139.548340 904.130859 408.889160 0.0 0.0 0.0 0.0 0.0 0.0 0.0 0.960361
Person 0.0 0 0.0 649.746094 275.141602 779.003906 590.756836 0.0 0.0 0.0 0.0 0.0 0.0 0.0 0.965512
Person 0.0 0 0.0 1167.011719 252.729492 1292.988281 605.786133 0.0 0.0 0.0 0.0 0.0 0.0 0.0 0.967899
Person 0.0 0 0.0 1166.513672 93.801270 1237.236328 302.761230 0.0 0.0 0.0 0.0 0.0 0.0 0.0 0.976311
Person 0.0 0 0.0 739.130859 62.490234 817.119141 336.181641 0.0 0.0 0.0 0.0 0.0 0.0 0.0 0.980129
