Person 0.0 0 0.0 1417.705078 119.047852 1452.919922 258.266602 0.0 0.0 0.0 0.0 0.0 0.0 0.0 0.310694
Person 0.0 0 0.0 1854.873047 259.156494 1918.000000 364.691162 0.0 0.0 0.0 0.0 0.0 0.0 0.0 0.362066
Person 0.0 0 0.0 395.390625 144.294434 488.671875 363.801270 0.0 0.0 0.0 0.0 0.0 0.0 0.0 0.413951
Person 0.0 0 0.0 1807.734375 920.544434 1918.000000 1073.869629 0.0 0.0 0.0 0.0 0.0 0.0 0.0 0.414899
Person 0.0 0 0.0 1787.753906 307.573242 1911.621094 592.602539 0.0 0.0 0.0 0.0 0.0 0.0 0.0 0.420600
Person 0.0 0 0.0 1170.527344 942.857666 1349.472656 1073.704834 0.0 0.0 0.0 0.0 0.0 0.0 0.0 0.425367
Person 0.0 0 0.0 1781.425781 302.958984 1901.074219 531.298828 0.0 0.0 0.0 0.0 0.0 0.0 0.0 0.502930
Person 0.0 0 0.0 1663.769531 941.737061 1846.230469 1075.880127 0.0 0.0 0.0 0.0 0.0 0.0 0.0 0.652241
Person 0.0 0 0.0 733.652344 334.599609 893.847656 774.931641 0.0 0.0 0.0 0.0 0.0 0.0 0.0 0.809276
Person 0.0 0 0.0 208.476562 389.311523 400.429688 690.688477 0.0 0.0 0.0 0.0 0.0 0.0 0.0 0.860134
Person 0.0 0 0.0 1027.089844 445.869141 1187.285156 818.701172 0.0 0.0 0.0 0.0 0.0 0.0 0.0 0.885235
Person 0.0 0 0.0 634.599609 284.501953 745.400391 689.501953 0.0 0.0 0.0 0.0 0.0 0.0 0.0 0.898411
Person 0.0 0 0.0 875.537109 322.866211 977.900391 668.540039 0.0 0.0 0.0 0.0 0.0 0.0 0.0 0.901227
Person 0.0 0 0.0 381.210938 337.631836 553.007812 712.309570 0.0 0.0 0.0 0.0 0.0 0.0 0.0 0.916110
Person 0.0 0 0.0 912.099609 138.295898 982.587891 384.565430 0.0 0.0 0.0 0.0 0.0 0.0 0.0 0.944177
Person 0.0 0 0.0 1176.679688 121.750488 1277.695312 352.331543 0.0 0.0 0.0 0.0 0.0 0.0 0.0 0.954308
Person 0.0 0 0.0 1156.933594 91.757812 1220.566406 300.058594 0.0 0.0 0.0 0.0 0.0 0.0 0.0 0.965641
