Person 0.0 0 0.0 399.433594 146.535645 486.503906 333.347168 0.0 0.0 0.0 0.0 0.0 0.0 0.0 0.457137
Person 0.0 0 0.0 1170.703125 941.934814 1349.296875 1074.627686 0.0 0.0 0.0 0.0 0.0 0.0 0.0 0.510741
Person 0.0 0 0.0 422.548828 116.740723 489.638672 323.327637 0.0 0.0 0.0 0.0 0.0 0.0 0.0 0.524395
Person 0.0 0 0.0 1736.630859 338.356934 1855.869141 598.205566 0.0 0.0 0.0 0.0 0.0 0.0 0.0 0.699254
Person 0.0 0 0.0 427.031250 334.467773 569.531250 726.020508 0.0 0.0 0.0 0.0 0.0 0.0 0.0 0.905322
Person 0.0 0 0.0 1712.578125 464.853516 1870.546875 746.982422 0.0 0.0 0.0 0.0 0.0 0.0 0.0 0.915809
Person 0.0 0 0.0 245.390625 379.819336 408.515625 672.758789 0.0 0.0 0.0 0.0 0.0 0.0 0.0 0.919931
Person 0.0 0 0.0 1146.225586 76.267090 1203.149414 268.615723 0.0 0.0 0.0 0.0 0.0 0.0 0.0 0.926037
Person 0.0 0 0.0 1605.644531 882.509766 1821.855469 1072.880859 0.0 0.0 0.0 0.0 0.0 0.0 0.0 0.926570
Person 0.0 0 0.0 677.988281 362.944336 809.824219 782.446289 0.0 0.0 0.0 0.0 0.0 0.0 0.0 0.937440
Person 0.0 0 0.0 823.710938 282.919922 984.726562 624.111328 0.0 0.0 0.0 0.0 0.0 0.0 0.0 0.942082
Person 0.0 0 0.0 877.968750 360.834961 986.718750 739.204102 0.0 0.0 0.0 0.0 0.0 0.0 0.0 0.952220
Person 0.0 0 0.0 708.691406 25.773926 780.058594 282.985840 0.0 0.0 0.0 0.0 0.0 0.0 0.0 0.956145
Person 0.0 0 0.0 1436.250000 629.780273 1689.375000 1013.422852 0.0 0.0 0.0 0.0 0.0 0.0 0.0 0.957437
Person 0.0 0 0.0 1222.441406 553.842773 1400.683594 911.118164 0.0 0.0 0.0 0.0 0.0 0.0 0.0 0.960657
Person 0.0 0 0.0 1209.023438 100.063477 1301.601562 321.811523 0.0 0.0 0.0 0.0 0.0 0.0 0.0 0.960952
Person 0.0 0 0.0 1169.179688 459.711914 1324.570312 836.499023 0.0 0.0 0.0 0.0 0.0 0.0 0.0 0.967163
