Person 0.0 0 0.0 1820.185547 915.732422 1918.000000 1075.517578 0.0 0.0 0.0 0.0 0.0 0.0 0.0 0.322099
Person 0.0 0 0.0 1170.234375 942.330322 1349.765625 1074.232178 0.0 0.0 0.0 0.0 0.0 0.0 0.0 0.428233
Person 0.0 0 0.0 1800.644531 364.724121 1913.730469 596.623535 0.0 0.0 0.0 0.0 0.0 0.0 0.0 0.480479
Person 0.0 0 0.0 1666.464844 934.914551 1854.785156 1076.374512 0.0 0.0 0.0 0.0 0.0 0.0 0.0 0.805632
Person 0.0 0 0.0 346.113281 343.037109 550.605469 717.451172 0.0 0.0 0.0 0.0 0.0 0.0 0.0 0.812867
Person 0.0 0 0.0 72.363281 842.497559 308.964844 1073.869629 0.0 0.0 0.0 0.0 0.0 0.0 0.0 0.899475
Person 0.0 0 0.0 662.519531 314.296875 783.105469 708.750000 0.0 0.0 0.0 0.0 0.0 0.0 0.0 0.902610
Person 0.0 0 0.0 1782.187500 311.660156 1904.062500 544.746094 0.0 0.0 0.0 0.0 0.0 0.0 0.0 0.917598
Person 0.0 0 0.0 875.800781 330.908203 980.449219 702.158203 0.0 0.0 0.0 0.0 0.0 0.0 0.0 0.935817
Person 0.0 0 0.0 749.296875 248.115234 884.765625 620.947266 0.0 0.0 0.0 0.0 0.0 0.0 0.0 0.938576
Person 0.0 0 0.0 220.488281 393.530273 397.792969 689.633789 0.0 0.0 0.0 0.0 0.0 0.0 0.0 0.940790
Person 0.0 0 0.0 1169.589844 91.691895 1232.285156 298.806152 0.0 0.0 0.0 0.0 0.0 0.0 0.0 0.944995
Person 0.0 0 0.0 1274.472656 314.296875 1406.777344 661.816406 0.0 0.0 0.0 0.0 0.0 0.0 0.0 0.948917
Person 0.0 0 0.0 1081.904297 155.170898 1194.345703 414.887695 0.0 0.0 0.0 0.0 0.0 0.0 0.0 0.958070
Person 0.0 0 0.0 1191.503906 124.716797 1311.621094 359.648438 0.0 0.0 0.0 0.0 0.0 0.0 0.0 0.968381
