Person 0.0 0 0.0 497.402344 1028.402710 645.410156 1076.753540 0.0 0.0 0.0 0.0 0.0 0.0 0.0 0.302391
Person 0.0 0 0.0 1825.957031 923.181152 1918.000000 1075.451660 0.0 0.0 0.0 0.0 0.0 0.0 0.0 0.312370
Person 0.0 0 0.0 395.742188 145.612793 486.445312 324.250488 0.0 0.0 0.0 0.0 0.0 0.0 0.0 0.339828
Person 0.0 0 0.0 1895.830078 268.945312 1918.000000 363.339844 0.0 0.0 0.0 0.0 0.0 0.0 0.0 0.348645
Person 0.0 0 0.0 1316.982422 87.143555 1358.642578 227.153320 0.0 0.0 0.0 0.0 0.0 0.0 0.0 0.492188
Person 0.0 0 0.0 1170.878906 942.396240 1349.121094 1074.166260 0.0 0.0 0.0 0.0 0.0 0.0 0.0 0.495117
Person 0.0 0 0.0 422.753906 318.647461 560.683594 649.555664 0.0 0.0 0.0 0.0 0.0 0.0 0.0 0.593609
Person 0.0 0 0.0 1614.257812 930.102539 1828.242188 1074.858398 0.0 0.0 0.0 0.0 0.0 0.0 0.0 0.683419
Person 0.0 0 0.0 0.937500 931.091309 180.117188 1074.924316 0.0 0.0 0.0 0.0 0.0 0.0 0.0 0.783988
Person 0.0 0 0.0 1794.726562 366.042480 1906.523438 593.723145 0.0 0.0 0.0 0.0 0.0 0.0 0.0 0.823896
Person 0.0 0 0.0 1781.425781 310.473633 1901.074219 529.057617 0.0 0.0 0.0 0.0 0.0 0.0 0.0 0.893309
Person 0.0 0 0.0 664.160156 317.065430 784.277344 709.672852 0.0 0.0 0.0 0.0 0.0 0.0 0.0 0.903635
Person 0.0 0 0.0 443.554688 511.391602 596.132812 895.561523 0.0 0.0 0.0 0.0 0.0 0.0 0.0 0.906322
Person 0.0 0 0.0 1230.937500 125.969238 1313.437500 361.560059 0.0 0.0 0.0 0.0 0.0 0.0 0.0 0.909907
Person 0.0 0 0.0 878.203125 358.066406 963.984375 701.894531 0.0 0.0 0.0 0.0 0.0 0.0 0.0 0.921640
Person 0.0 0 0.0 1273.652344 311.791992 1411.347656 661.157227 0.0 0.0 0.0 0.0 0.0 0.0 0.0 0.944177
Person 0.0 0 0.0 758.320312 249.960938 917.929688 637.558594 0.0 0.0 0.0 0.0 0.0 0.0 0.0 0.944995
Person 0.0 0 0.0 231.386719 385.224609 399.550781 701.103516 0.0 0.0 0.0 0.0 0.0 0.0 0.0 0.953275
Person 0.0 0 0.0 1158.076172 91.230469 1230.673828 299.794922 0.0 0.0 0.0 0.0 0.0 0.0 0.0 0.958847
