Person 0.0 0 0.0 1818.779297 916.523438 1918.000000 1074.726562 0.0 0.0 0.0 0.0 0.0 0.0 0.0 0.328960
Person 0.0 0 0.0 1170.703125 942.330322 1349.296875 1074.232178 0.0 0.0 0.0 0.0 0.0 0.0 0.0 0.465873
Person 0.0 0 0.0 1667.636719 933.662109 1851.738281 1076.572266 0.0 0.0 0.0 0.0 0.0 0.0 0.0 0.783988
Person 0.0 0 0.0 0.585938 909.470215 207.187500 1074.396973 0.0 0.0 0.0 0.0 0.0 0.0 0.0 0.799442
Person 0.0 0 0.0 1803.134766 366.767578 1918.000000 597.216797 0.0 0.0 0.0 0.0 0.0 0.0 0.0 0.842345
Person 0.0 0 0.0 391.640625 341.982422 548.203125 714.814453 0.0 0.0 0.0 0.0 0.0 0.0 0.0 0.904987
Person 0.0 0 0.0 878.525391 350.683594 982.412109 701.894531 0.0 0.0 0.0 0.0 0.0 0.0 0.0 0.919353
Person 0.0 0 0.0 667.529297 317.592773 779.970703 709.145508 0.0 0.0 0.0 0.0 0.0 0.0 0.0 0.921640
Person 0.0 0 0.0 746.250000 247.851562 882.187500 622.792969 0.0 0.0 0.0 0.0 0.0 0.0 0.0 0.926835
Person 0.0 0 0.0 1781.455078 310.407715 1899.169922 546.525879 0.0 0.0 0.0 0.0 0.0 0.0 0.0 0.935346
Person 0.0 0 0.0 266.308594 357.934570 399.785156 669.331055 0.0 0.0 0.0 0.0 0.0 0.0 0.0 0.946399
Person 0.0 0 0.0 1275.761719 313.242188 1407.363281 659.179688 0.0 0.0 0.0 0.0 0.0 0.0 0.0 0.951863
Person 0.0 0 0.0 1047.949219 290.302734 1173.925781 650.478516 0.0 0.0 0.0 0.0 0.0 0.0 0.0 0.957596
Person 0.0 0 0.0 1157.050781 91.032715 1226.074219 300.256348 0.0 0.0 0.0 0.0 0.0 0.0 0.0 0.969091
Person 0.0 0 0.0 1231.494141 122.211914 1314.755859 355.561523 0.0 0.0 0.0 0.0 0.0 0.0 0.0 0.970240
