Person 0.0 0 0.0 1180.195312 943.220215 1369.804688 1075.451660 0.0 0.0 0.0 0.0 0.0 0.0 0.0 0.512693
Person 0.0 0 0.0 1652.871094 990.977783 1842.128906 1076.209717 0.0 0.0 0.0 0.0 0.0 0.0 0.0 0.543832
Person 0.0 0 0.0 890.361328 62.753906 962.138672 189.052734 0.0 0.0 0.0 0.0 0.0 0.0 0.0 0.566019
Person 0.0 0 0.0 1870.532227 218.287354 1916.967773 308.265381 0.0 0.0 0.0 0.0 0.0 0.0 0.0 0.598312
Person 0.0 0 0.0 1328.027344 760.297852 1516.347656 1072.749023 0.0 0.0 0.0 0.0 0.0 0.0 0.0 0.665411
Person 0.0 0 0.0 1208.759766 123.266602 1292.490234 297.553711 0.0 0.0 0.0 0.0 0.0 0.0 0.0 0.713032
Person 0.0 0 0.0 1793.964844 367.624512 1918.000000 596.887207 0.0 0.0 0.0 0.0 0.0 0.0 0.0 0.754915
Person 0.0 0 0.0 859.980469 135.000000 927.832031 429.257812 0.0 0.0 0.0 0.0 0.0 0.0 0.0 0.823328
Person 0.0 0 0.0 951.796875 873.610840 1176.328125 1074.396973 0.0 0.0 0.0 0.0 0.0 0.0 0.0 0.825590
Person 0.0 0 0.0 446.250000 322.734375 580.312500 706.640625 0.0 0.0 0.0 0.0 0.0 0.0 0.0 0.863852
Person 0.0 0 0.0 700.312500 647.578125 898.125000 1074.726562 0.0 0.0 0.0 0.0 0.0 0.0 0.0 0.935582
Person 0.0 0 0.0 207.187500 408.032227 395.156250 704.663086 0.0 0.0 0.0 0.0 0.0 0.0 0.0 0.941007
Person 0.0 0 0.0 676.083984 26.960449 758.291016 229.196777 0.0 0.0 0.0 0.0 0.0 0.0 0.0 0.944382
Person 0.0 0 0.0 1295.507812 161.630859 1393.242188 429.521484 0.0 0.0 0.0 0.0 0.0 0.0 0.0 0.946001
Person 0.0 0 0.0 654.257812 266.176758 776.367188 589.702148 0.0 0.0 0.0 0.0 0.0 0.0 0.0 0.946794
Person 0.0 0 0.0 1778.144531 304.606934 1898.730469 539.670410 0.0 0.0 0.0 0.0 0.0 0.0 0.0 0.961098
Person 0.0 0 0.0 890.244141 168.881836 989.443359 472.895508 0.0 0.0 0.0 0.0 0.0 0.0 0.0 0.964722
Person 0.0 0 0.0 1169.296875 255.893555 1303.828125 604.731445 0.0 0.0 0.0 0.0 0.0 0.0 0.0 0.966663
Person 0.0 0 0.0 616.289062 61.501465 713.085938 289.445801 0.0 0.0 0.0 0.0 0.0 0.0 0.0 0.968856
Person 0.0 0 0.0 1166.425781 93.405762 1239.199219 303.156738 0.0 0.0 0.0 0.0 0.0 0.0 0.0 0.977371
