Person 0.0 0 0.0 395.830078 144.294434 488.232422 346.926270 0.0 0.0 0.0 0.0 0.0 0.0 0.0 0.314051
Person 0.0 0 0.0 1170.878906 941.934814 1349.121094 1074.627686 0.0 0.0 0.0 0.0 0.0 0.0 0.0 0.525369
Person 0.0 0 0.0 0.468750 646.523438 157.265625 958.710938 0.0 0.0 0.0 0.0 0.0 0.0 0.0 0.680029
Person 0.0 0 0.0 1783.300781 446.594238 1918.000000 711.452637 0.0 0.0 0.0 0.0 0.0 0.0 0.0 0.749821
Person 0.0 0 0.0 823.652344 268.154297 996.035156 628.857422 0.0 0.0 0.0 0.0 0.0 0.0 0.0 0.787931
Person 0.0 0 0.0 1627.558594 890.749512 1843.066406 1076.242676 0.0 0.0 0.0 0.0 0.0 0.0 0.0 0.888759
Person 0.0 0 0.0 431.425781 338.818359 584.824219 713.759766 0.0 0.0 0.0 0.0 0.0 0.0 0.0 0.904651
Person 0.0 0 0.0 1357.968750 651.796875 1668.281250 1029.375000 0.0 0.0 0.0 0.0 0.0 0.0 0.0 0.904987
Person 0.0 0 0.0 757.207031 376.127930 971.542969 739.731445 0.0 0.0 0.0 0.0 0.0 0.0 0.0 0.921074
Person 0.0 0 0.0 472.236328 0.000000 536.513672 179.956055 0.0 0.0 0.0 0.0 0.0 0.0 0.0 0.925500
Person 0.0 0 0.0 243.632812 374.282227 386.367188 700.971680 0.0 0.0 0.0 0.0 0.0 0.0 0.0 0.932944
Person 0.0 0 0.0 709.394531 329.589844 822.480469 717.714844 0.0 0.0 0.0 0.0 0.0 0.0 0.0 0.937897
Person 0.0 0 0.0 1149.199219 84.968262 1209.550781 289.445801 0.0 0.0 0.0 0.0 0.0 0.0 0.0 0.952926
Person 0.0 0 0.0 1223.378906 553.447266 1399.746094 910.458984 0.0 0.0 0.0 0.0 0.0 0.0 0.0 0.960952
Person 0.0 0 0.0 1150.195312 457.470703 1309.804688 830.302734 0.0 0.0 0.0 0.0 0.0 0.0 0.0 0.961244
Person 0.0 0 0.0 725.874023 63.940430 781.625977 270.395508 0.0 0.0 0.0 0.0 0.0 0.0 0.0 0.963643
Person 0.0 0 0.0 1206.005859 114.829102 1308.369141 338.422852 0.0 0.0 0.0 0.0 0.0 0.0 0.0 0.973037
