Person 0.0 0 0.0 395.361328 144.162598 489.169922 374.479980 0.0 0.0 0.0 0.0 0.0 0.0 0.0 0.330255
Person 0.0 0 0.0 1818.398438 919.291992 1918.000000 1074.067383 0.0 0.0 0.0 0.0 0.0 0.0 0.0 0.344223
Person 0.0 0 0.0 1170.410156 942.231445 1347.714844 1072.221680 0.0 0.0 0.0 0.0 0.0 0.0 0.0 0.400749
Person 0.0 0 0.0 1683.046875 955.579834 1856.953125 1075.748291 0.0 0.0 0.0 0.0 0.0 0.0 0.0 0.661048
Person 0.0 0 0.0 1365.292969 134.340820 1445.332031 362.153320 0.0 0.0 0.0 0.0 0.0 0.0 0.0 0.717804
Person 0.0 0 0.0 731.660156 333.413086 862.089844 740.258789 0.0 0.0 0.0 0.0 0.0 0.0 0.0 0.763484
Person 0.0 0 0.0 1787.167969 365.976562 1917.832031 593.789062 0.0 0.0 0.0 0.0 0.0 0.0 0.0 0.807461
Person 0.0 0 0.0 753.984375 471.049805 953.203125 930.629883 0.0 0.0 0.0 0.0 0.0 0.0 0.0 0.848972
Person 0.0 0 0.0 366.679688 337.631836 546.914062 707.563477 0.0 0.0 0.0 0.0 0.0 0.0 0.0 0.854399
Person 0.0 0 0.0 1221.445312 125.639648 1289.179688 284.106445 0.0 0.0 0.0 0.0 0.0 0.0 0.0 0.867036
Person 0.0 0 0.0 263.964844 357.802734 396.503906 681.591797 0.0 0.0 0.0 0.0 0.0 0.0 0.0 0.884838
Person 0.0 0 0.0 1771.435547 296.960449 1890.439453 525.695801 0.0 0.0 0.0 0.0 0.0 0.0 0.0 0.901227
Person 0.0 0 0.0 978.339844 48.317871 1050.410156 275.207520 0.0 0.0 0.0 0.0 0.0 0.0 0.0 0.904313
Person 0.0 0 0.0 886.025391 167.036133 962.724609 460.502930 0.0 0.0 0.0 0.0 0.0 0.0 0.0 0.905322
Person 0.0 0 0.0 1176.328125 190.107422 1315.546875 453.779297 0.0 0.0 0.0 0.0 0.0 0.0 0.0 0.909907
Person 0.0 0 0.0 841.962891 125.112305 918.662109 400.385742 0.0 0.0 0.0 0.0 0.0 0.0 0.0 0.911180
Person 0.0 0 0.0 1164.023438 666.035156 1365.351562 1063.652344 0.0 0.0 0.0 0.0 0.0 0.0 0.0 0.912124
Person 0.0 0 0.0 927.656250 300.058594 1061.718750 659.707031 0.0 0.0 0.0 0.0 0.0 0.0 0.0 0.917006
Person 0.0 0 0.0 623.613281 172.968750 734.824219 541.054688 0.0 0.0 0.0 0.0 0.0 0.0 0.0 0.917893
Person 0.0 0 0.0 1164.638672 92.416992 1235.361328 302.563477 0.0 0.0 0.0 0.0 0.0 0.0 0.0 0.966156
