Person 0.0 0 0.0 1803.779297 917.380371 1918.000000 1077.033691 0.0 0.0 0.0 0.0 0.0 0.0 0.0 0.338514
Person 0.0 0 0.0 1176.152344 942.890625 1381.347656 1075.781250 0.0 0.0 0.0 0.0 0.0 0.0 0.0 0.503906
Person 0.0 0 0.0 980.537109 68.554688 1053.837891 322.998047 0.0 0.0 0.0 0.0 0.0 0.0 0.0 0.533154
Person 0.0 0 0.0 951.035156 874.929199 1173.339844 1074.133301 0.0 0.0 0.0 0.0 0.0 0.0 0.0 0.676620
Person 0.0 0 0.0 1229.384766 168.486328 1301.865234 313.242188 0.0 0.0 0.0 0.0 0.0 0.0 0.0 0.713831
Person 0.0 0 0.0 1330.546875 760.957031 1517.578125 1073.144531 0.0 0.0 0.0 0.0 0.0 0.0 0.0 0.717804
Person 0.0 0 0.0 1202.226562 123.991699 1282.148438 300.520020 0.0 0.0 0.0 0.0 0.0 0.0 0.0 0.773901
Person 0.0 0 0.0 1794.433594 367.097168 1914.316406 597.941895 0.0 0.0 0.0 0.0 0.0 0.0 0.0 0.862468
Person 0.0 0 0.0 393.632812 346.201172 532.148438 733.798828 0.0 0.0 0.0 0.0 0.0 0.0 0.0 0.904313
Person 0.0 0 0.0 980.683594 68.686523 1053.691406 322.602539 0.0 0.0 0.0 0.0 0.0 0.0 0.0 0.912124
Person 0.0 0 0.0 839.091797 136.977539 931.845703 428.862305 0.0 0.0 0.0 0.0 0.0 0.0 0.0 0.918772
Person 0.0 0 0.0 701.894531 645.996094 899.355469 1075.253906 0.0 0.0 0.0 0.0 0.0 0.0 0.0 0.928149
Person 0.0 0 0.0 934.687500 168.881836 1034.062500 462.348633 0.0 0.0 0.0 0.0 0.0 0.0 0.0 0.934155
Person 0.0 0 0.0 233.261719 426.884766 380.800781 743.818359 0.0 0.0 0.0 0.0 0.0 0.0 0.0 0.943764
Person 0.0 0 0.0 1779.638672 309.880371 1899.111328 540.197754 0.0 0.0 0.0 0.0 0.0 0.0 0.0 0.948537
Person 0.0 0 0.0 1299.433594 161.235352 1393.066406 431.499023 0.0 0.0 0.0 0.0 0.0 0.0 0.0 0.952397
Person 0.0 0 0.0 663.164062 258.793945 799.335938 591.284180 0.0 0.0 0.0 0.0 0.0 0.0 0.0 0.954816
Person 0.0 0 0.0 466.230469 75.212402 565.019531 305.266113 0.0 0.0 0.0 0.0 0.0 0.0 0.0 0.956796
Person 0.0 0 0.0 1169.179688 255.102539 1303.945312 604.995117 0.0 0.0 0.0 0.0 0.0 0.0 0.0 0.966283
Person 0.0 0 0.0 1166.367188 93.603516 1237.382812 304.013672 0.0 0.0 0.0 0.0 0.0 0.0 0.0 0.975946
