Person 0.0 0 0.0 1172.285156 942.956543 1347.714844 1075.715332 0.0 0.0 0.0 0.0 0.0 0.0 0.0 0.331985
Person 0.0 0 0.0 821.601562 126.496582 919.335938 275.866699 0.0 0.0 0.0 0.0 0.0 0.0 0.0 0.356671
Person 0.0 0 0.0 395.712891 144.426270 488.818359 369.997559 0.0 0.0 0.0 0.0 0.0 0.0 0.0 0.362969
Person 0.0 0 0.0 822.568359 126.760254 921.181641 345.212402 0.0 0.0 0.0 0.0 0.0 0.0 0.0 0.386763
Person 0.0 0 0.0 1795.722656 922.653809 1918.000000 1075.979004 0.0 0.0 0.0 0.0 0.0 0.0 0.0 0.394201
Person 0.0 0 0.0 1794.316406 368.811035 1918.000000 600.974121 0.0 0.0 0.0 0.0 0.0 0.0 0.0 0.436862
Person 0.0 0 0.0 1646.132812 962.402344 1839.492188 1075.253906 0.0 0.0 0.0 0.0 0.0 0.0 0.0 0.656658
Person 0.0 0 0.0 1177.031250 691.611328 1393.593750 1067.607422 0.0 0.0 0.0 0.0 0.0 0.0 0.0 0.717804
Person 0.0 0 0.0 1376.367188 128.671875 1449.257812 354.902344 0.0 0.0 0.0 0.0 0.0 0.0 0.0 0.814643
Person 0.0 0 0.0 735.468750 543.032227 981.093750 1007.358398 0.0 0.0 0.0 0.0 0.0 0.0 0.0 0.827271
Person 0.0 0 0.0 637.514648 25.773926 688.110352 221.682129 0.0 0.0 0.0 0.0 0.0 0.0 0.0 0.880386
Person 0.0 0 0.0 796.816406 266.704102 909.433594 602.358398 0.0 0.0 0.0 0.0 0.0 0.0 0.0 0.880797
Person 0.0 0 0.0 355.136719 325.766602 549.550781 709.936523 0.0 0.0 0.0 0.0 0.0 0.0 0.0 0.891811
Person 0.0 0 0.0 662.373047 161.894531 763.564453 480.410156 0.0 0.0 0.0 0.0 0.0 0.0 0.0 0.910863
Person 0.0 0 0.0 1191.093750 118.190918 1285.781250 360.900879 0.0 0.0 0.0 0.0 0.0 0.0 0.0 0.911810
Person 0.0 0 0.0 1780.605469 309.287109 1913.144531 540.791016 0.0 0.0 0.0 0.0 0.0 0.0 0.0 0.912748
Person 0.0 0 0.0 1209.902344 236.250000 1319.472656 556.875000 0.0 0.0 0.0 0.0 0.0 0.0 0.0 0.914291
Person 0.0 0 0.0 210.410156 398.540039 393.808594 700.444336 0.0 0.0 0.0 0.0 0.0 0.0 0.0 0.928926
Person 0.0 0 0.0 1060.605469 268.813477 1191.269531 639.272461 0.0 0.0 0.0 0.0 0.0 0.0 0.0 0.952042
Person 0.0 0 0.0 1165.751953 94.196777 1234.248047 305.002441 0.0 0.0 0.0 0.0 0.0 0.0 0.0 0.953449
