Person 0.0 0 0.0 1352.929688 123.266602 1440.820312 342.641602 0.0 0.0 0.0 0.0 0.0 0.0 0.0 0.304042
Person 0.0 0 0.0 843.750000 138.922119 926.250000 239.710693 0.0 0.0 0.0 0.0 0.0 0.0 0.0 0.348202
Person 0.0 0 0.0 1817.080078 915.864258 1918.000000 1073.276367 0.0 0.0 0.0 0.0 0.0 0.0 0.0 0.352648
Person 0.0 0 0.0 1170.234375 941.737061 1347.890625 1070.606689 0.0 0.0 0.0 0.0 0.0 0.0 0.0 0.378459
Person 0.0 0 0.0 762.685547 235.458984 873.251953 423.720703 0.0 0.0 0.0 0.0 0.0 0.0 0.0 0.456167
Person 0.0 0 0.0 1384.086914 123.464355 1441.538086 216.672363 0.0 0.0 0.0 0.0 0.0 0.0 0.0 0.485356
Person 0.0 0 0.0 1696.464844 961.018066 1860.410156 1073.474121 0.0 0.0 0.0 0.0 0.0 0.0 0.0 0.642432
Person 0.0 0 0.0 861.914062 170.200195 941.835938 454.174805 0.0 0.0 0.0 0.0 0.0 0.0 0.0 0.862468
Person 0.0 0 0.0 252.070312 364.394531 396.679688 688.183594 0.0 0.0 0.0 0.0 0.0 0.0 0.0 0.867485
Person 0.0 0 0.0 573.808594 241.259766 731.191406 626.220703 0.0 0.0 0.0 0.0 0.0 0.0 0.0 0.869715
Person 0.0 0 0.0 724.570312 341.586914 895.429688 835.444336 0.0 0.0 0.0 0.0 0.0 0.0 0.0 0.874077
Person 0.0 0 0.0 359.648438 326.689453 555.351562 709.013672 0.0 0.0 0.0 0.0 0.0 0.0 0.0 0.874935
Person 0.0 0 0.0 1775.449219 300.981445 1899.550781 524.311523 0.0 0.0 0.0 0.0 0.0 0.0 0.0 0.875787
Person 0.0 0 0.0 1026.123047 34.013672 1105.751953 229.921875 0.0 0.0 0.0 0.0 0.0 0.0 0.0 0.893681
Person 0.0 0 0.0 927.890625 299.003906 1067.109375 675.527344 0.0 0.0 0.0 0.0 0.0 0.0 0.0 0.904987
Person 0.0 0 0.0 1787.138672 365.646973 1906.611328 596.755371 0.0 0.0 0.0 0.0 0.0 0.0 0.0 0.907967
Person 0.0 0 0.0 491.601562 79.826660 579.960938 328.601074 0.0 0.0 0.0 0.0 0.0 0.0 0.0 0.914901
Person 0.0 0 0.0 1165.957031 633.339844 1382.167969 1064.707031 0.0 0.0 0.0 0.0 0.0 0.0 0.0 0.923316
Person 0.0 0 0.0 1201.376953 124.914551 1288.623047 365.778809 0.0 0.0 0.0 0.0 0.0 0.0 0.0 0.939248
Person 0.0 0 0.0 1162.822266 93.537598 1229.677734 302.761230 0.0 0.0 0.0 0.0 0.0 0.0 0.0 0.942718
