Person 0.0 0 0.0 1418.247070 116.740723 1452.377930 254.509277 0.0 0.0 0.0 0.0 0.0 0.0 0.0 0.328960
Person 0.0 0 0.0 1851.767578 255.333252 1918.000000 359.022217 0.0 0.0 0.0 0.0 0.0 0.0 0.0 0.362969
Person 0.0 0 0.0 395.654297 144.624023 488.408203 362.944336 0.0 0.0 0.0 0.0 0.0 0.0 0.0 0.389547
Person 0.0 0 0.0 1781.835938 255.761719 1917.539062 526.816406 0.0 0.0 0.0 0.0 0.0 0.0 0.0 0.398875
Person 0.0 0 0.0 1808.994141 920.874023 1918.000000 1074.594727 0.0 0.0 0.0 0.0 0.0 0.0 0.0 0.429190
Person 0.0 0 0.0 1789.863281 351.738281 1917.011719 592.207031 0.0 0.0 0.0 0.0 0.0 0.0 0.0 0.430147
Person 0.0 0 0.0 1779.843750 304.013672 1900.781250 533.408203 0.0 0.0 0.0 0.0 0.0 0.0 0.0 0.432063
Person 0.0 0 0.0 1170.703125 942.692871 1349.296875 1073.869629 0.0 0.0 0.0 0.0 0.0 0.0 0.0 0.459076
Person 0.0 0 0.0 1663.652344 940.979004 1846.347656 1075.583496 0.0 0.0 0.0 0.0 0.0 0.0 0.0 0.671471
Person 0.0 0 0.0 734.238281 334.072266 894.199219 771.240234 0.0 0.0 0.0 0.0 0.0 0.0 0.0 0.803174
Person 0.0 0 0.0 1031.308594 444.550781 1203.691406 815.800781 0.0 0.0 0.0 0.0 0.0 0.0 0.0 0.888759
Person 0.0 0 0.0 214.101562 389.707031 400.429688 690.292969 0.0 0.0 0.0 0.0 0.0 0.0 0.0 0.904651
Person 0.0 0 0.0 633.691406 285.292969 746.308594 689.238281 0.0 0.0 0.0 0.0 0.0 0.0 0.0 0.905657
Person 0.0 0 0.0 879.814453 321.416016 973.623047 668.935547 0.0 0.0 0.0 0.0 0.0 0.0 0.0 0.909265
Person 0.0 0 0.0 384.082031 336.445312 554.355469 710.859375 0.0 0.0 0.0 0.0 0.0 0.0 0.0 0.928668
Person 0.0 0 0.0 911.572266 138.229980 983.115234 381.467285 0.0 0.0 0.0 0.0 0.0 0.0 0.0 0.941007
Person 0.0 0 0.0 1176.591797 121.618652 1277.783203 352.199707 0.0 0.0 0.0 0.0 0.0 0.0 0.0 0.954478
Person 0.0 0 0.0 1156.875000 91.625977 1220.625000 300.190430 0.0 0.0 0.0 0.0 0.0 0.0 0.0 0.965641
