Person 0.0 0 0.0 1170.820312 941.671143 1351.054688 1074.891357 0.0 0.0 0.0 0.0 0.0 0.0 0.0 0.543832
Person 0.0 0 0.0 1735.869141 341.125488 1851.005859 597.546387 0.0 0.0 0.0 0.0 0.0 0.0 0.0 0.661048
Person 0.0 0 0.0 434.179688 331.040039 576.445312 715.209961 0.0 0.0 0.0 0.0 0.0 0.0 0.0 0.835484
Person 0.0 0 0.0 818.906250 273.559570 981.093750 629.780273 0.0 0.0 0.0 0.0 0.0 0.0 0.0 0.843380
Person 0.0 0 0.0 1726.289062 475.795898 1898.085938 756.079102 0.0 0.0 0.0 0.0 0.0 0.0 0.0 0.890675
Person 0.0 0 0.0 687.656250 362.944336 809.531250 782.446289 0.0 0.0 0.0 0.0 0.0 0.0 0.0 0.913058
Person 0.0 0 0.0 547.382812 21.357422 611.367188 261.826172 0.0 0.0 0.0 0.0 0.0 0.0 0.0 0.923592
Person 0.0 0 0.0 461.162109 119.772949 527.900391 329.260254 0.0 0.0 0.0 0.0 0.0 0.0 0.0 0.924415
Person 0.0 0 0.0 303.457031 345.014648 431.074219 667.485352 0.0 0.0 0.0 0.0 0.0 0.0 0.0 0.925500
Person 0.0 0 0.0 1608.632812 889.101562 1831.992188 1073.671875 0.0 0.0 0.0 0.0 0.0 0.0 0.0 0.927363
Person 0.0 0 0.0 1137.421875 77.717285 1249.453125 273.757324 0.0 0.0 0.0 0.0 0.0 0.0 0.0 0.936981
Person 0.0 0 0.0 760.488281 376.127930 972.949219 739.731445 0.0 0.0 0.0 0.0 0.0 0.0 0.0 0.949106
Person 0.0 0 0.0 1222.734375 557.402344 1402.265625 911.777344 0.0 0.0 0.0 0.0 0.0 0.0 0.0 0.954137
Person 0.0 0 0.0 1337.519531 685.283203 1521.855469 1032.802734 0.0 0.0 0.0 0.0 0.0 0.0 0.0 0.956957
Person 0.0 0 0.0 1214.677734 101.711426 1301.572266 328.337402 0.0 0.0 0.0 0.0 0.0 0.0 0.0 0.964456
Person 0.0 0 0.0 1169.414062 458.261719 1329.960938 835.839844 0.0 0.0 0.0 0.0 0.0 0.0 0.0 0.966914
