Person 0.0 0 0.0 1822.294922 918.566895 1918.000000 1074.792480 0.0 0.0 0.0 0.0 0.0 0.0 0.0 0.331552
Person 0.0 0 0.0 1170.527344 942.824707 1349.472656 1074.792480 0.0 0.0 0.0 0.0 0.0 0.0 0.0 0.438785
Person 0.0 0 0.0 1667.636719 933.398438 1851.738281 1075.781250 0.0 0.0 0.0 0.0 0.0 0.0 0.0 0.802556
Person 0.0 0 0.0 0.761719 915.600586 195.761719 1074.594727 0.0 0.0 0.0 0.0 0.0 0.0 0.0 0.818737
Person 0.0 0 0.0 1802.724609 364.658203 1918.000000 597.216797 0.0 0.0 0.0 0.0 0.0 0.0 0.0 0.826151
Person 0.0 0 0.0 391.640625 347.124023 548.203125 715.473633 0.0 0.0 0.0 0.0 0.0 0.0 0.0 0.921922
Person 0.0 0 0.0 671.308594 317.329102 795.878906 709.936523 0.0 0.0 0.0 0.0 0.0 0.0 0.0 0.928926
Person 0.0 0 0.0 879.111328 350.288086 982.763672 702.290039 0.0 0.0 0.0 0.0 0.0 0.0 0.0 0.933673
Person 0.0 0 0.0 744.902344 248.247070 886.347656 622.924805 0.0 0.0 0.0 0.0 0.0 0.0 0.0 0.937440
Person 0.0 0 0.0 1781.455078 310.539551 1899.169922 546.394043 0.0 0.0 0.0 0.0 0.0 0.0 0.0 0.946001
Person 0.0 0 0.0 266.425781 357.802734 399.667969 681.591797 0.0 0.0 0.0 0.0 0.0 0.0 0.0 0.952926
Person 0.0 0 0.0 1275.878906 312.187500 1407.246094 659.179688 0.0 0.0 0.0 0.0 0.0 0.0 0.0 0.953449
Person 0.0 0 0.0 1050.175781 306.123047 1177.324219 672.099609 0.0 0.0 0.0 0.0 0.0 0.0 0.0 0.961965
Person 0.0 0 0.0 1157.314453 91.494141 1225.810547 300.322266 0.0 0.0 0.0 0.0 0.0 0.0 0.0 0.965119
Person 0.0 0 0.0 1232.197266 122.937012 1317.802734 355.100098 0.0 0.0 0.0 0.0 0.0 0.0 0.0 0.970013
