Person 0.0 0 0.0 1831.904297 961.248779 1918.000000 1077.462158 0.0 0.0 0.0 0.0 0.0 0.0 0.0 0.313630
Person 0.0 0 0.0 1.289062 976.772461 185.625000 1075.649414 0.0 0.0 0.0 0.0 0.0 0.0 0.0 0.416797
Person 0.0 0 0.0 1782.011719 320.229492 1911.738281 527.739258 0.0 0.0 0.0 0.0 0.0 0.0 0.0 0.439747
Person 0.0 0 0.0 1170.996094 941.934814 1349.003906 1073.572998 0.0 0.0 0.0 0.0 0.0 0.0 0.0 0.522446
Person 0.0 0 0.0 1220.859375 105.007324 1312.265625 273.625488 0.0 0.0 0.0 0.0 0.0 0.0 0.0 0.526343
Person 0.0 0 0.0 440.214844 319.042969 581.660156 691.875000 0.0 0.0 0.0 0.0 0.0 0.0 0.0 0.810479
Person 0.0 0 0.0 668.232422 315.219727 787.705078 709.409180 0.0 0.0 0.0 0.0 0.0 0.0 0.0 0.865679
Person 0.0 0 0.0 936.855469 532.880859 1086.269531 918.369141 0.0 0.0 0.0 0.0 0.0 0.0 0.0 0.876634
Person 0.0 0 0.0 465.849609 0.000000 530.712891 179.626465 0.0 0.0 0.0 0.0 0.0 0.0 0.0 0.905657
Person 0.0 0 0.0 258.632812 355.825195 398.085938 679.350586 0.0 0.0 0.0 0.0 0.0 0.0 0.0 0.919931
Person 0.0 0 0.0 757.382812 251.279297 914.179688 637.294922 0.0 0.0 0.0 0.0 0.0 0.0 0.0 0.928926
Person 0.0 0 0.0 1654.160156 580.341797 1863.339844 906.767578 0.0 0.0 0.0 0.0 0.0 0.0 0.0 0.931463
Person 0.0 0 0.0 1780.839844 353.913574 1890.410156 588.977051 0.0 0.0 0.0 0.0 0.0 0.0 0.0 0.934872
Person 0.0 0 0.0 873.750000 343.037109 977.812500 702.685547 0.0 0.0 0.0 0.0 0.0 0.0 0.0 0.939692
Person 0.0 0 0.0 1072.441406 614.487305 1248.808594 965.434570 0.0 0.0 0.0 0.0 0.0 0.0 0.0 0.941654
Person 0.0 0 0.0 1160.566406 87.473145 1218.808594 295.905762 0.0 0.0 0.0 0.0 0.0 0.0 0.0 0.943971
Person 0.0 0 0.0 1614.667969 869.655762 1833.457031 1075.187988 0.0 0.0 0.0 0.0 0.0 0.0 0.0 0.947186
Person 0.0 0 0.0 1216.464844 117.333984 1297.910156 346.728516 0.0 0.0 0.0 0.0 0.0 0.0 0.0 0.966789
