Person 0.0 0 0.0 1821.357422 917.907715 1918.000000 1074.396973 0.0 0.0 0.0 0.0 0.0 0.0 0.0 0.337204
Person 0.0 0 0.0 1847.226562 208.399658 1885.898438 335.819092 0.0 0.0 0.0 0.0 0.0 0.0 0.0 0.419648
Person 0.0 0 0.0 1170.527344 942.165527 1349.472656 1074.396973 0.0 0.0 0.0 0.0 0.0 0.0 0.0 0.452294
Person 0.0 0 0.0 1802.197266 365.778809 1912.177734 596.096191 0.0 0.0 0.0 0.0 0.0 0.0 0.0 0.600188
Person 0.0 0 0.0 1670.332031 937.617188 1854.667969 1075.781250 0.0 0.0 0.0 0.0 0.0 0.0 0.0 0.740174
Person 0.0 0 0.0 391.640625 343.037109 547.265625 715.341797 0.0 0.0 0.0 0.0 0.0 0.0 0.0 0.889912
Person 0.0 0 0.0 57.421875 862.866211 304.921875 1074.594727 0.0 0.0 0.0 0.0 0.0 0.0 0.0 0.905322
Person 0.0 0 0.0 658.066406 318.515625 778.183594 708.750000 0.0 0.0 0.0 0.0 0.0 0.0 0.0 0.914901
Person 0.0 0 0.0 747.832031 256.948242 891.855469 622.133789 0.0 0.0 0.0 0.0 0.0 0.0 0.0 0.920218
Person 0.0 0 0.0 260.742188 364.262695 399.257812 680.932617 0.0 0.0 0.0 0.0 0.0 0.0 0.0 0.935346
Person 0.0 0 0.0 1275.175781 313.374023 1404.199219 661.157227 0.0 0.0 0.0 0.0 0.0 0.0 0.0 0.937669
Person 0.0 0 0.0 1157.988281 91.428223 1227.011719 300.388184 0.0 0.0 0.0 0.0 0.0 0.0 0.0 0.954647
Person 0.0 0 0.0 991.347656 234.536133 1101.152344 551.206055 0.0 0.0 0.0 0.0 0.0 0.0 0.0 0.956145
Person 0.0 0 0.0 1190.361328 120.695801 1280.888672 348.112793 0.0 0.0 0.0 0.0 0.0 0.0 0.0 0.959307
