Person 0.0 0 0.0 395.917969 144.624023 489.550781 376.127930 0.0 0.0 0.0 0.0 0.0 0.0 0.0 0.361165
Person 0.0 0 0.0 1787.167969 460.832520 1918.000000 711.979980 0.0 0.0 0.0 0.0 0.0 0.0 0.0 0.510741
Person 0.0 0 0.0 1171.640625 941.901855 1350.234375 1074.660645 0.0 0.0 0.0 0.0 0.0 0.0 0.0 0.551574
Person 0.0 0 0.0 825.410156 273.691406 983.027344 629.121094 0.0 0.0 0.0 0.0 0.0 0.0 0.0 0.833325
Person 0.0 0 0.0 397.851562 354.638672 562.148438 727.470703 0.0 0.0 0.0 0.0 0.0 0.0 0.0 0.869271
Person 0.0 0 0.0 1.171875 630.703125 249.375000 987.187500 0.0 0.0 0.0 0.0 0.0 0.0 0.0 0.877477
Person 0.0 0 0.0 1206.884766 107.578125 1283.115234 331.171875 0.0 0.0 0.0 0.0 0.0 0.0 0.0 0.900530
Person 0.0 0 0.0 1628.671875 891.342773 1840.078125 1075.649414 0.0 0.0 0.0 0.0 0.0 0.0 0.0 0.906983
Person 0.0 0 0.0 696.914062 83.122559 759.023438 293.664551 0.0 0.0 0.0 0.0 0.0 0.0 0.0 0.907640
Person 0.0 0 0.0 470.917969 0.000000 534.082031 179.692383 0.0 0.0 0.0 0.0 0.0 0.0 0.0 0.917893
Person 0.0 0 0.0 242.871094 378.764648 386.660156 701.235352 0.0 0.0 0.0 0.0 0.0 0.0 0.0 0.923868
Person 0.0 0 0.0 1149.257812 84.836426 1209.492188 289.841309 0.0 0.0 0.0 0.0 0.0 0.0 0.0 0.924959
Person 0.0 0 0.0 709.599609 333.281250 817.587891 717.187500 0.0 0.0 0.0 0.0 0.0 0.0 0.0 0.938576
Person 0.0 0 0.0 808.828125 375.996094 973.359375 739.863281 0.0 0.0 0.0 0.0 0.0 0.0 0.0 0.938801
Person 0.0 0 0.0 1557.304688 702.685547 1830.820312 1040.712891 0.0 0.0 0.0 0.0 0.0 0.0 0.0 0.954816
Person 0.0 0 0.0 1222.675781 558.984375 1411.699219 911.250000 0.0 0.0 0.0 0.0 0.0 0.0 0.0 0.954984
Person 0.0 0 0.0 1150.781250 452.460938 1307.343750 831.093750 0.0 0.0 0.0 0.0 0.0 0.0 0.0 0.961822
