Person 0.0 0 0.0 394.423828 144.228516 488.232422 346.464844 0.0 0.0 0.0 0.0 0.0 0.0 0.0 0.314893
Person 0.0 0 0.0 1231.669922 168.881836 1303.330078 313.901367 0.0 0.0 0.0 0.0 0.0 0.0 0.0 0.514644
Person 0.0 0 0.0 1179.667969 124.123535 1282.207031 352.858887 0.0 0.0 0.0 0.0 0.0 0.0 0.0 0.530236
Person 0.0 0 0.0 1179.550781 942.956543 1387.324219 1075.715332 0.0 0.0 0.0 0.0 0.0 0.0 0.0 0.566978
Person 0.0 0 0.0 1331.250000 760.825195 1516.875000 1072.221680 0.0 0.0 0.0 0.0 0.0 0.0 0.0 0.648689
Person 0.0 0 0.0 1795.136719 366.042480 1918.000000 597.941895 0.0 0.0 0.0 0.0 0.0 0.0 0.0 0.689306
Person 0.0 0 0.0 952.382812 875.390625 1173.867188 1074.726562 0.0 0.0 0.0 0.0 0.0 0.0 0.0 0.735642
Person 0.0 0 0.0 412.500000 334.204102 566.250000 712.045898 0.0 0.0 0.0 0.0 0.0 0.0 0.0 0.887595
Person 0.0 0 0.0 857.812500 145.283203 942.187500 429.521484 0.0 0.0 0.0 0.0 0.0 0.0 0.0 0.900879
Person 0.0 0 0.0 214.335938 413.833008 386.132812 744.213867 0.0 0.0 0.0 0.0 0.0 0.0 0.0 0.914291
Person 0.0 0 0.0 700.312500 644.545898 898.125000 1074.594727 0.0 0.0 0.0 0.0 0.0 0.0 0.0 0.933673
Person 0.0 0 0.0 652.089844 269.868164 784.160156 590.229492 0.0 0.0 0.0 0.0 0.0 0.0 0.0 0.935582
Person 0.0 0 0.0 942.011719 56.689453 1009.863281 309.287109 0.0 0.0 0.0 0.0 0.0 0.0 0.0 0.939913
Person 0.0 0 0.0 751.054688 16.149902 824.882812 224.582520 0.0 0.0 0.0 0.0 0.0 0.0 0.0 0.949669
Person 0.0 0 0.0 1299.697266 162.290039 1392.802734 431.499023 0.0 0.0 0.0 0.0 0.0 0.0 0.0 0.950411
Person 0.0 0 0.0 925.693359 168.618164 1033.681641 462.084961 0.0 0.0 0.0 0.0 0.0 0.0 0.0 0.952926
Person 0.0 0 0.0 1778.701172 309.616699 1898.173828 538.879395 0.0 0.0 0.0 0.0 0.0 0.0 0.0 0.955981
Person 0.0 0 0.0 1168.945312 254.179688 1304.179688 604.863281 0.0 0.0 0.0 0.0 0.0 0.0 0.0 0.963780
Person 0.0 0 0.0 527.871094 70.795898 605.566406 305.727539 0.0 0.0 0.0 0.0 0.0 0.0 0.0 0.964589
Person 0.0 0 0.0 1166.777344 94.196777 1238.847656 303.684082 0.0 0.0 0.0 0.0 0.0 0.0 0.0 0.974629
