Person 0.0 0 0.0 399.697266 143.701172 489.052734 401.572266 0.0 0.0 0.0 0.0 0.0 0.0 0.0 0.413951
Person 0.0 0 0.0 1334.531250 765.439453 1537.968750 1072.880859 0.0 0.0 0.0 0.0 0.0 0.0 0.0 0.459076
Person 0.0 0 0.0 1172.167969 943.055420 1366.582031 1075.616455 0.0 0.0 0.0 0.0 0.0 0.0 0.0 0.529263
Person 0.0 0 0.0 862.851562 122.739258 960.585938 389.575195 0.0 0.0 0.0 0.0 0.0 0.0 0.0 0.684264
Person 0.0 0 0.0 856.699219 168.881836 1007.988281 463.403320 0.0 0.0 0.0 0.0 0.0 0.0 0.0 0.727201
Person 0.0 0 0.0 1804.716797 368.811035 1918.000000 600.974121 0.0 0.0 0.0 0.0 0.0 0.0 0.0 0.780662
Person 0.0 0 0.0 1220.683594 202.302246 1314.316406 341.916504 0.0 0.0 0.0 0.0 0.0 0.0 0.0 0.792464
Person 0.0 0 0.0 780.585938 884.948730 981.914062 1075.715332 0.0 0.0 0.0 0.0 0.0 0.0 0.0 0.803791
Person 0.0 0 0.0 2.929688 678.691406 229.101562 1029.902344 0.0 0.0 0.0 0.0 0.0 0.0 0.0 0.861072
Person 0.0 0 0.0 1303.183594 209.355469 1394.941406 426.621094 0.0 0.0 0.0 0.0 0.0 0.0 0.0 0.900879
Person 0.0 0 0.0 1327.939453 110.610352 1402.060547 252.465820 0.0 0.0 0.0 0.0 0.0 0.0 0.0 0.920504
Person 0.0 0 0.0 27.539062 491.088867 278.320312 866.293945 0.0 0.0 0.0 0.0 0.0 0.0 0.0 0.925769
Person 0.0 0 0.0 1781.484375 317.658691 1916.015625 538.747559 0.0 0.0 0.0 0.0 0.0 0.0 0.0 0.930962
Person 0.0 0 0.0 690.292969 536.835938 905.332031 1003.007812 0.0 0.0 0.0 0.0 0.0 0.0 0.0 0.933431
Person 0.0 0 0.0 1671.210938 607.500000 1896.914062 926.015625 0.0 0.0 0.0 0.0 0.0 0.0 0.0 0.946200
Person 0.0 0 0.0 547.470703 124.519043 634.716797 392.541504 0.0 0.0 0.0 0.0 0.0 0.0 0.0 0.947769
Person 0.0 0 0.0 1010.361328 101.513672 1110.263672 392.343750 0.0 0.0 0.0 0.0 0.0 0.0 0.0 0.956472
Person 0.0 0 0.0 1166.367188 93.142090 1239.257812 303.420410 0.0 0.0 0.0 0.0 0.0 0.0 0.0 0.962391
Person 0.0 0 0.0 1167.011719 298.212891 1328.613281 657.861328 0.0 0.0 0.0 0.0 0.0 0.0 0.0 0.964187
Person 0.0 0 0.0 1177.998047 121.486816 1268.876953 362.351074 0.0 0.0 0.0 0.0 0.0 0.0 0.0 0.975577
