Person 0.0 0 0.0 11.777344 981.518555 222.832031 1074.067383 0.0 0.0 0.0 0.0 0.0 0.0 0.0 0.522446
Person 0.0 0 0.0 1170.878906 942.692871 1349.121094 1074.924316 0.0 0.0 0.0 0.0 0.0 0.0 0.0 0.551574
Person 0.0 0 0.0 1657.382812 934.255371 1850.742188 1075.979004 0.0 0.0 0.0 0.0 0.0 0.0 0.0 0.853913
Person 0.0 0 0.0 423.632812 320.493164 570.117188 702.553711 0.0 0.0 0.0 0.0 0.0 0.0 0.0 0.865679
Person 0.0 0 0.0 1780.253906 367.097168 1913.496094 588.449707 0.0 0.0 0.0 0.0 0.0 0.0 0.0 0.886420
Person 0.0 0 0.0 669.257812 318.120117 782.929688 709.145508 0.0 0.0 0.0 0.0 0.0 0.0 0.0 0.895888
Person 0.0 0 0.0 1781.601562 309.616699 1904.648438 527.805176 0.0 0.0 0.0 0.0 0.0 0.0 0.0 0.901575
Person 0.0 0 0.0 138.046875 552.128906 376.171875 908.613281 0.0 0.0 0.0 0.0 0.0 0.0 0.0 0.909265
Person 0.0 0 0.0 258.046875 353.452148 430.078125 650.610352 0.0 0.0 0.0 0.0 0.0 0.0 0.0 0.929696
Person 0.0 0 0.0 410.346680 15.820312 469.028320 202.104492 0.0 0.0 0.0 0.0 0.0 0.0 0.0 0.931960
Person 0.0 0 0.0 872.021484 354.375000 957.978516 701.894531 0.0 0.0 0.0 0.0 0.0 0.0 0.0 0.934872
Person 0.0 0 0.0 757.265625 254.047852 915.234375 637.690430 0.0 0.0 0.0 0.0 0.0 0.0 0.0 0.944995
Person 0.0 0 0.0 1291.406250 321.284180 1438.593750 676.450195 0.0 0.0 0.0 0.0 0.0 0.0 0.0 0.953101
Person 0.0 0 0.0 1224.243164 61.303711 1275.131836 242.973633 0.0 0.0 0.0 0.0 0.0 0.0 0.0 0.956796
Person 0.0 0 0.0 1231.787109 125.639648 1312.587891 361.625977 0.0 0.0 0.0 0.0 0.0 0.0 0.0 0.961098
Person 0.0 0 0.0 1157.753906 91.428223 1221.621094 299.597168 0.0 0.0 0.0 0.0 0.0 0.0 0.0 0.963643
