Person 0.0 0 0.0 1781.894531 305.332031 1894.980469 521.542969 0.0 0.0 0.0 0.0 0.0 0.0 0.0 0.415847
Person 0.0 0 0.0 1.992188 990.153809 200.859375 1075.979004 0.0 0.0 0.0 0.0 0.0 0.0 0.0 0.502930
Person 0.0 0 0.0 1170.703125 942.033691 1349.296875 1073.474121 0.0 0.0 0.0 0.0 0.0 0.0 0.0 0.548674
Person 0.0 0 0.0 439.628906 321.284180 576.621094 708.090820 0.0 0.0 0.0 0.0 0.0 0.0 0.0 0.850965
Person 0.0 0 0.0 936.738281 535.517578 1086.386719 924.169922 0.0 0.0 0.0 0.0 0.0 0.0 0.0 0.877896
Person 0.0 0 0.0 1618.007812 889.431152 1830.117188 1073.342285 0.0 0.0 0.0 0.0 0.0 0.0 0.0 0.889529
Person 0.0 0 0.0 661.933594 309.682617 793.066406 709.145508 0.0 0.0 0.0 0.0 0.0 0.0 0.0 0.890294
Person 0.0 0 0.0 1780.312500 304.804688 1898.437500 583.242188 0.0 0.0 0.0 0.0 0.0 0.0 0.0 0.902266
Person 0.0 0 0.0 877.265625 353.847656 960.234375 702.949219 0.0 0.0 0.0 0.0 0.0 0.0 0.0 0.910227
Person 0.0 0 0.0 466.406250 0.131836 530.156250 179.824219 0.0 0.0 0.0 0.0 0.0 0.0 0.0 0.910863
Person 0.0 0 0.0 255.937500 375.468750 390.937500 693.984375 0.0 0.0 0.0 0.0 0.0 0.0 0.0 0.914596
Person 0.0 0 0.0 1160.888672 88.330078 1225.986328 295.839844 0.0 0.0 0.0 0.0 0.0 0.0 0.0 0.927626
Person 0.0 0 0.0 1550.976562 620.683594 1833.398438 960.292969 0.0 0.0 0.0 0.0 0.0 0.0 0.0 0.930205
Person 0.0 0 0.0 758.730469 248.906250 917.519531 637.031250 0.0 0.0 0.0 0.0 0.0 0.0 0.0 0.946001
Person 0.0 0 0.0 1072.558594 615.410156 1246.816406 965.566406 0.0 0.0 0.0 0.0 0.0 0.0 0.0 0.946200
Person 0.0 0 0.0 1216.230469 108.500977 1311.269531 343.959961 0.0 0.0 0.0 0.0 0.0 0.0 0.0 0.954478
