Person 0.0 0 0.0 1826.308594 923.708496 1918.000000 1074.924316 0.0 0.0 0.0 0.0 0.0 0.0 0.0 0.314471
Person 0.0 0 0.0 492.187500 1024.958496 650.625000 1077.033691 0.0 0.0 0.0 0.0 0.0 0.0 0.0 0.319971
Person 0.0 0 0.0 395.830078 145.217285 486.357422 324.645996 0.0 0.0 0.0 0.0 0.0 0.0 0.0 0.363873
Person 0.0 0 0.0 1895.742188 267.824707 1918.000000 364.460449 0.0 0.0 0.0 0.0 0.0 0.0 0.0 0.384912
Person 0.0 0 0.0 1170.703125 942.165527 1349.296875 1074.396973 0.0 0.0 0.0 0.0 0.0 0.0 0.0 0.472683
Person 0.0 0 0.0 1310.932617 85.561523 1355.317383 226.098633 0.0 0.0 0.0 0.0 0.0 0.0 0.0 0.652241
Person 0.0 0 0.0 1618.359375 929.377441 1827.890625 1074.528809 0.0 0.0 0.0 0.0 0.0 0.0 0.0 0.659295
Person 0.0 0 0.0 421.757812 319.570312 560.742188 661.816406 0.0 0.0 0.0 0.0 0.0 0.0 0.0 0.684264
Person 0.0 0 0.0 0.937500 932.080078 180.820312 1074.990234 0.0 0.0 0.0 0.0 0.0 0.0 0.0 0.733356
Person 0.0 0 0.0 1795.341797 365.119629 1905.908203 594.118652 0.0 0.0 0.0 0.0 0.0 0.0 0.0 0.745398
Person 0.0 0 0.0 1781.191406 309.946289 1901.308594 529.057617 0.0 0.0 0.0 0.0 0.0 0.0 0.0 0.865224
Person 0.0 0 0.0 1230.937500 125.837402 1313.437500 361.691895 0.0 0.0 0.0 0.0 0.0 0.0 0.0 0.914596
Person 0.0 0 0.0 878.203125 357.802734 963.046875 702.158203 0.0 0.0 0.0 0.0 0.0 0.0 0.0 0.916110
Person 0.0 0 0.0 437.519531 511.391602 597.480469 895.561523 0.0 0.0 0.0 0.0 0.0 0.0 0.0 0.926570
Person 0.0 0 0.0 1273.652344 311.528320 1411.347656 660.893555 0.0 0.0 0.0 0.0 0.0 0.0 0.0 0.941223
Person 0.0 0 0.0 757.382812 249.829102 916.992188 637.163086 0.0 0.0 0.0 0.0 0.0 0.0 0.0 0.943556
Person 0.0 0 0.0 232.089844 383.510742 399.316406 700.708008 0.0 0.0 0.0 0.0 0.0 0.0 0.0 0.952220
Person 0.0 0 0.0 1159.189453 91.296387 1233.310547 299.729004 0.0 0.0 0.0 0.0 0.0 0.0 0.0 0.953101
