Person 0.0 0 0.0 394.980469 144.624023 488.613281 369.799805 0.0 0.0 0.0 0.0 0.0 0.0 0.0 0.309441
Person 0.0 0 0.0 1788.457031 915.930176 1918.000000 1074.265137 0.0 0.0 0.0 0.0 0.0 0.0 0.0 0.401688
Person 0.0 0 0.0 1170.703125 942.396240 1349.296875 1074.166260 0.0 0.0 0.0 0.0 0.0 0.0 0.0 0.444565
Person 0.0 0 0.0 1799.677734 367.624512 1918.000000 597.414551 0.0 0.0 0.0 0.0 0.0 0.0 0.0 0.517571
Person 0.0 0 0.0 1668.867188 933.991699 1856.132812 1076.242676 0.0 0.0 0.0 0.0 0.0 0.0 0.0 0.812272
Person 0.0 0 0.0 386.718750 339.477539 547.500000 719.428711 0.0 0.0 0.0 0.0 0.0 0.0 0.0 0.861072
Person 0.0 0 0.0 756.738281 238.359375 893.261719 621.738281 0.0 0.0 0.0 0.0 0.0 0.0 0.0 0.891055
Person 0.0 0 0.0 854.003906 336.445312 968.496094 701.367188 0.0 0.0 0.0 0.0 0.0 0.0 0.0 0.897336
Person 0.0 0 0.0 75.351562 842.893066 311.367188 1073.474121 0.0 0.0 0.0 0.0 0.0 0.0 0.0 0.903294
Person 0.0 0 0.0 628.242188 300.058594 763.007812 711.386719 0.0 0.0 0.0 0.0 0.0 0.0 0.0 0.926037
Person 0.0 0 0.0 1781.572266 310.935059 1899.052734 540.197754 0.0 0.0 0.0 0.0 0.0 0.0 0.0 0.935110
Person 0.0 0 0.0 223.828125 395.112305 398.671875 690.161133 0.0 0.0 0.0 0.0 0.0 0.0 0.0 0.935582
Person 0.0 0 0.0 1354.511719 148.381348 1431.738281 329.655762 0.0 0.0 0.0 0.0 0.0 0.0 0.0 0.936285
Person 0.0 0 0.0 1274.414062 316.010742 1408.710938 653.247070 0.0 0.0 0.0 0.0 0.0 0.0 0.0 0.946200
Person 0.0 0 0.0 1177.324219 121.354980 1297.675781 352.463379 0.0 0.0 0.0 0.0 0.0 0.0 0.0 0.966411
Person 0.0 0 0.0 1156.757812 91.691895 1233.867188 300.124512 0.0 0.0 0.0 0.0 0.0 0.0 0.0 0.971129
