Person 0.0 0 0.0 1172.578125 943.253174 1347.421875 1074.364014 0.0 0.0 0.0 0.0 0.0 0.0 0.0 0.312790
Person 0.0 0 0.0 1815.263672 919.687500 1918.000000 1074.726562 0.0 0.0 0.0 0.0 0.0 0.0 0.0 0.330687
Person 0.0 0 0.0 652.089844 189.316406 757.910156 502.031250 0.0 0.0 0.0 0.0 0.0 0.0 0.0 0.352648
Person 0.0 0 0.0 395.742188 145.085449 487.851562 364.592285 0.0 0.0 0.0 0.0 0.0 0.0 0.0 0.393268
Person 0.0 0 0.0 1098.134766 206.389160 1183.740234 377.380371 0.0 0.0 0.0 0.0 0.0 0.0 0.0 0.438785
Person 0.0 0 0.0 1793.847656 366.767578 1918.000000 598.798828 0.0 0.0 0.0 0.0 0.0 0.0 0.0 0.457137
Person 0.0 0 0.0 652.705078 189.316406 755.419922 427.675781 0.0 0.0 0.0 0.0 0.0 0.0 0.0 0.462959
Person 0.0 0 0.0 1682.109375 955.283203 1856.015625 1076.044922 0.0 0.0 0.0 0.0 0.0 0.0 0.0 0.594551
Person 0.0 0 0.0 753.281250 480.146484 1046.718750 972.158203 0.0 0.0 0.0 0.0 0.0 0.0 0.0 0.826151
Person 0.0 0 0.0 1173.398438 696.225586 1374.726562 1071.430664 0.0 0.0 0.0 0.0 0.0 0.0 0.0 0.878314
Person 0.0 0 0.0 213.046875 399.858398 393.515625 701.235352 0.0 0.0 0.0 0.0 0.0 0.0 0.0 0.884039
Person 0.0 0 0.0 350.800781 327.744141 545.449219 709.541016 0.0 0.0 0.0 0.0 0.0 0.0 0.0 0.899121
Person 0.0 0 0.0 1011.240234 108.632812 1092.509766 350.947266 0.0 0.0 0.0 0.0 0.0 0.0 0.0 0.908942
Person 0.0 0 0.0 841.640625 139.416504 910.546875 400.056152 0.0 0.0 0.0 0.0 0.0 0.0 0.0 0.909265
Person 0.0 0 0.0 1031.425781 288.984375 1164.199219 657.597656 0.0 0.0 0.0 0.0 0.0 0.0 0.0 0.913058
Person 0.0 0 0.0 663.222656 381.796875 803.964844 807.890625 0.0 0.0 0.0 0.0 0.0 0.0 0.0 0.913677
Person 0.0 0 0.0 1773.925781 303.222656 1897.324219 541.054688 0.0 0.0 0.0 0.0 0.0 0.0 0.0 0.922482
Person 0.0 0 0.0 887.929688 165.190430 959.882812 459.711914 0.0 0.0 0.0 0.0 0.0 0.0 0.0 0.933431
Person 0.0 0 0.0 1184.677734 121.684570 1294.072266 355.034180 0.0 0.0 0.0 0.0 0.0 0.0 0.0 0.939248
Person 0.0 0 0.0 1172.871094 94.790039 1236.503906 299.926758 0.0 0.0 0.0 0.0 0.0 0.0 0.0 0.952750
