Person 0.0 0 0.0 399.023438 148.117676 486.445312 333.610840 0.0 0.0 0.0 0.0 0.0 0.0 0.0 0.306112
Person 0.0 0 0.0 1170.703125 942.528076 1349.296875 1075.089111 0.0 0.0 0.0 0.0 0.0 0.0 0.0 0.523420
Person 0.0 0 0.0 417.041016 115.686035 487.646484 325.437012 0.0 0.0 0.0 0.0 0.0 0.0 0.0 0.599251
Person 0.0 0 0.0 1736.425781 342.048340 1859.824219 597.150879 0.0 0.0 0.0 0.0 0.0 0.0 0.0 0.721743
Person 0.0 0 0.0 1707.480469 462.348633 1860.644531 744.213867 0.0 0.0 0.0 0.0 0.0 0.0 0.0 0.870157
Person 0.0 0 0.0 1146.811523 73.894043 1202.563477 268.088379 0.0 0.0 0.0 0.0 0.0 0.0 0.0 0.922761
Person 0.0 0 0.0 242.753906 380.478516 390.996094 673.681641 0.0 0.0 0.0 0.0 0.0 0.0 0.0 0.928668
Person 0.0 0 0.0 686.074219 368.085938 810.175781 782.578125 0.0 0.0 0.0 0.0 0.0 0.0 0.0 0.939692
Person 0.0 0 0.0 1607.343750 883.498535 1822.031250 1072.946777 0.0 0.0 0.0 0.0 0.0 0.0 0.0 0.940134
Person 0.0 0 0.0 414.375000 334.467773 561.562500 723.911133 0.0 0.0 0.0 0.0 0.0 0.0 0.0 0.941223
Person 0.0 0 0.0 877.851562 362.021484 986.835938 739.072266 0.0 0.0 0.0 0.0 0.0 0.0 0.0 0.946399
Person 0.0 0 0.0 1209.082031 98.942871 1297.792969 321.877441 0.0 0.0 0.0 0.0 0.0 0.0 0.0 0.947186
Person 0.0 0 0.0 819.609375 283.051758 985.078125 623.979492 0.0 0.0 0.0 0.0 0.0 0.0 0.0 0.954137
Person 0.0 0 0.0 725.419922 25.246582 792.392578 282.194824 0.0 0.0 0.0 0.0 0.0 0.0 0.0 0.961678
Person 0.0 0 0.0 1436.132812 635.976562 1693.242188 1013.554688 0.0 0.0 0.0 0.0 0.0 0.0 0.0 0.963369
Person 0.0 0 0.0 1223.613281 556.479492 1407.011719 911.645508 0.0 0.0 0.0 0.0 0.0 0.0 0.0 0.964589
Person 0.0 0 0.0 1169.414062 461.030273 1326.210938 836.235352 0.0 0.0 0.0 0.0 0.0 0.0 0.0 0.973443
