Person 0.0 0 0.0 1798.886719 922.521973 1918.000000 1076.110840 0.0 0.0 0.0 0.0 0.0 0.0 0.0 0.366590
Person 0.0 0 0.0 1173.046875 943.121338 1348.828125 1075.550537 0.0 0.0 0.0 0.0 0.0 0.0 0.0 0.379378
Person 0.0 0 0.0 825.703125 125.903320 915.234375 290.434570 0.0 0.0 0.0 0.0 0.0 0.0 0.0 0.425367
Person 0.0 0 0.0 1794.785156 369.931641 1918.000000 598.271484 0.0 0.0 0.0 0.0 0.0 0.0 0.0 0.477554
Person 0.0 0 0.0 1654.042969 953.701172 1839.082031 1076.572266 0.0 0.0 0.0 0.0 0.0 0.0 0.0 0.704160
Person 0.0 0 0.0 1176.093750 697.807617 1392.656250 1069.848633 0.0 0.0 0.0 0.0 0.0 0.0 0.0 0.737914
Person 0.0 0 0.0 739.921875 552.128906 1018.828125 999.316406 0.0 0.0 0.0 0.0 0.0 0.0 0.0 0.781331
Person 0.0 0 0.0 1376.513672 128.540039 1449.111328 354.770508 0.0 0.0 0.0 0.0 0.0 0.0 0.0 0.825590
Person 0.0 0 0.0 906.254883 152.666016 965.932617 438.486328 0.0 0.0 0.0 0.0 0.0 0.0 0.0 0.856332
Person 0.0 0 0.0 588.281250 37.243652 639.843750 252.531738 0.0 0.0 0.0 0.0 0.0 0.0 0.0 0.858719
Person 0.0 0 0.0 820.957031 250.620117 937.792969 601.040039 0.0 0.0 0.0 0.0 0.0 0.0 0.0 0.897695
Person 0.0 0 0.0 576.035156 428.071289 755.214844 796.420898 0.0 0.0 0.0 0.0 0.0 0.0 0.0 0.899828
Person 0.0 0 0.0 363.867188 330.249023 559.570312 709.145508 0.0 0.0 0.0 0.0 0.0 0.0 0.0 0.905322
Person 0.0 0 0.0 1207.792969 229.262695 1315.957031 556.479492 0.0 0.0 0.0 0.0 0.0 0.0 0.0 0.913368
Person 0.0 0 0.0 1192.031250 126.298828 1277.343750 356.220703 0.0 0.0 0.0 0.0 0.0 0.0 0.0 0.917598
Person 0.0 0 0.0 1780.253906 305.200195 1913.496094 540.659180 0.0 0.0 0.0 0.0 0.0 0.0 0.0 0.922761
Person 0.0 0 0.0 662.138672 169.145508 760.048828 541.713867 0.0 0.0 0.0 0.0 0.0 0.0 0.0 0.927100
Person 0.0 0 0.0 214.101562 400.385742 394.335938 700.708008 0.0 0.0 0.0 0.0 0.0 0.0 0.0 0.929184
Person 0.0 0 0.0 1165.458984 94.328613 1247.666016 304.079590 0.0 0.0 0.0 0.0 0.0 0.0 0.0 0.960212
Person 0.0 0 0.0 1063.652344 273.164062 1193.847656 641.777344 0.0 0.0 0.0 0.0 0.0 0.0 0.0 0.962953
