Person 0.0 0 0.0 903.691406 788.378906 1078.183594 1055.214844 0.0 0.0 0.0 0.0 0.0 0.0 0.0 0.312370
Person 0.0 0 0.0 1170.703125 941.374512 1349.296875 1075.187988 0.0 0.0 0.0 0.0 0.0 0.0 0.0 0.540924
Person 0.0 0 0.0 1787.519531 472.104492 1918.000000 736.567383 0.0 0.0 0.0 0.0 0.0 0.0 0.0 0.627038
Person 0.0 0 0.0 1624.746094 889.958496 1838.378906 1073.869629 0.0 0.0 0.0 0.0 0.0 0.0 0.0 0.781997
Person 0.0 0 0.0 825.058594 266.967773 985.253906 628.461914 0.0 0.0 0.0 0.0 0.0 0.0 0.0 0.858719
Person 0.0 0 0.0 375.468750 363.867188 540.000000 730.898438 0.0 0.0 0.0 0.0 0.0 0.0 0.0 0.864768
Person 0.0 0 0.0 742.089844 372.304688 973.535156 740.390625 0.0 0.0 0.0 0.0 0.0 0.0 0.0 0.921074
Person 0.0 0 0.0 471.093750 0.000000 534.843750 179.560547 0.0 0.0 0.0 0.0 0.0 0.0 0.0 0.921922
Person 0.0 0 0.0 662.636719 91.164551 743.613281 317.526855 0.0 0.0 0.0 0.0 0.0 0.0 0.0 0.934155
Person 0.0 0 0.0 697.792969 325.502930 818.144531 717.583008 0.0 0.0 0.0 0.0 0.0 0.0 0.0 0.935110
Person 0.0 0 0.0 238.828125 378.632812 386.015625 700.312500 0.0 0.0 0.0 0.0 0.0 0.0 0.0 0.945601
Person 0.0 0 0.0 96.093750 612.114258 366.093750 985.737305 0.0 0.0 0.0 0.0 0.0 0.0 0.0 0.950960
Person 0.0 0 0.0 1589.062500 710.859375 1902.187500 1044.140625 0.0 0.0 0.0 0.0 0.0 0.0 0.0 0.951142
Person 0.0 0 0.0 1205.859375 108.171387 1297.265625 330.051270 0.0 0.0 0.0 0.0 0.0 0.0 0.0 0.958693
Person 0.0 0 0.0 1149.873047 84.111328 1218.251953 288.984375 0.0 0.0 0.0 0.0 0.0 0.0 0.0 0.968620
Person 0.0 0 0.0 1151.367188 447.319336 1306.757812 830.961914 0.0 0.0 0.0 0.0 0.0 0.0 0.0 0.972624
