Person 0.0 0 0.0 1889.853516 270.263672 1918.000000 365.185547 0.0 0.0 0.0 0.0 0.0 0.0 0.0 0.339828
Person 0.0 0 0.0 1813.359375 919.226074 1918.000000 1074.133301 0.0 0.0 0.0 0.0 0.0 0.0 0.0 0.381220
Person 0.0 0 0.0 1170.410156 942.330322 1349.589844 1074.232178 0.0 0.0 0.0 0.0 0.0 0.0 0.0 0.427277
Person 0.0 0 0.0 1670.390625 947.076416 1845.234375 1075.814209 0.0 0.0 0.0 0.0 0.0 0.0 0.0 0.617859
Person 0.0 0 0.0 0.468750 894.572754 167.343750 1072.419434 0.0 0.0 0.0 0.0 0.0 0.0 0.0 0.679179
Person 0.0 0 0.0 1393.623047 94.394531 1452.626953 279.228516 0.0 0.0 0.0 0.0 0.0 0.0 0.0 0.842345
Person 0.0 0 0.0 1792.177734 359.187012 1910.947266 597.941895 0.0 0.0 0.0 0.0 0.0 0.0 0.0 0.887595
Person 0.0 0 0.0 211.464844 389.311523 399.785156 690.688477 0.0 0.0 0.0 0.0 0.0 0.0 0.0 0.891055
Person 0.0 0 0.0 1780.195312 312.319336 1898.554688 531.430664 0.0 0.0 0.0 0.0 0.0 0.0 0.0 0.897695
Person 0.0 0 0.0 392.871094 340.268555 547.441406 709.672852 0.0 0.0 0.0 0.0 0.0 0.0 0.0 0.901921
Person 0.0 0 0.0 868.652344 346.860352 995.097656 718.374023 0.0 0.0 0.0 0.0 0.0 0.0 0.0 0.905990
Person 0.0 0 0.0 637.236328 299.135742 747.451172 691.215820 0.0 0.0 0.0 0.0 0.0 0.0 0.0 0.936518
Person 0.0 0 0.0 1225.195312 342.377930 1384.804688 683.833008 0.0 0.0 0.0 0.0 0.0 0.0 0.0 0.943764
Person 0.0 0 0.0 928.095703 140.273438 1008.779297 405.527344 0.0 0.0 0.0 0.0 0.0 0.0 0.0 0.959154
Person 0.0 0 0.0 1157.402344 92.021484 1220.097656 299.794922 0.0 0.0 0.0 0.0 0.0 0.0 0.0 0.965641
Person 0.0 0 0.0 1183.740234 117.268066 1270.634766 356.550293 0.0 0.0 0.0 0.0 0.0 0.0 0.0 0.968620
