Person 0.0 0 0.0 904.746094 788.576660 1079.003906 1055.017090 0.0 0.0 0.0 0.0 0.0 0.0 0.0 0.315736
Person 0.0 0 0.0 1171.933594 941.901855 1349.941406 1074.660645 0.0 0.0 0.0 0.0 0.0 0.0 0.0 0.527317
Person 0.0 0 0.0 1746.621094 812.241211 1918.000000 1074.594727 0.0 0.0 0.0 0.0 0.0 0.0 0.0 0.643329
Person 0.0 0 0.0 1737.011719 338.356934 1851.738281 596.623535 0.0 0.0 0.0 0.0 0.0 0.0 0.0 0.706596
Person 0.0 0 0.0 1737.480469 464.787598 1900.019531 733.337402 0.0 0.0 0.0 0.0 0.0 0.0 0.0 0.857291
Person 0.0 0 0.0 824.296875 267.099609 988.828125 628.330078 0.0 0.0 0.0 0.0 0.0 0.0 0.0 0.871475
Person 0.0 0 0.0 445.224609 0.395508 518.525391 188.393555 0.0 0.0 0.0 0.0 0.0 0.0 0.0 0.911495
Person 0.0 0 0.0 1626.152344 904.262695 1831.347656 1074.331055 0.0 0.0 0.0 0.0 0.0 0.0 0.0 0.916708
Person 0.0 0 0.0 352.089844 358.593750 505.253906 739.335938 0.0 0.0 0.0 0.0 0.0 0.0 0.0 0.917303
Person 0.0 0 0.0 466.699219 528.398438 632.988281 935.507812 0.0 0.0 0.0 0.0 0.0 0.0 0.0 0.942082
Person 0.0 0 0.0 699.667969 355.957031 830.332031 751.464844 0.0 0.0 0.0 0.0 0.0 0.0 0.0 0.945399
Person 0.0 0 0.0 547.207031 111.599121 664.042969 346.926270 0.0 0.0 0.0 0.0 0.0 0.0 0.0 0.948728
Person 0.0 0 0.0 246.269531 368.745117 397.792969 685.942383 0.0 0.0 0.0 0.0 0.0 0.0 0.0 0.954647
Person 0.0 0 0.0 1149.052734 85.627441 1213.447266 289.313965 0.0 0.0 0.0 0.0 0.0 0.0 0.0 0.957278
Person 0.0 0 0.0 1223.847656 562.675781 1403.027344 910.722656 0.0 0.0 0.0 0.0 0.0 0.0 0.0 0.958070
Person 0.0 0 0.0 1236.005859 112.785645 1313.994141 340.729980 0.0 0.0 0.0 0.0 0.0 0.0 0.0 0.962673
Person 0.0 0 0.0 821.074219 372.304688 968.613281 740.390625 0.0 0.0 0.0 0.0 0.0 0.0 0.0 0.966028
Person 0.0 0 0.0 1122.246094 461.030273 1315.253906 838.344727 0.0 0.0 0.0 0.0 0.0 0.0 0.0 0.971129
