Person 0.0 0 0.0 399.199219 144.624023 489.550781 402.758789 0.0 0.0 0.0 0.0 0.0 0.0 0.0 0.393268
Person 0.0 0 0.0 1692.714844 996.943359 1875.410156 1075.517578 0.0 0.0 0.0 0.0 0.0 0.0 0.0 0.410165
Person 0.0 0 0.0 1336.113281 764.912109 1542.011719 1072.353516 0.0 0.0 0.0 0.0 0.0 0.0 0.0 0.423458
Person 0.0 0 0.0 867.832031 123.002930 962.167969 404.868164 0.0 0.0 0.0 0.0 0.0 0.0 0.0 0.428233
Person 0.0 0 0.0 1171.699219 942.956543 1367.050781 1075.715332 0.0 0.0 0.0 0.0 0.0 0.0 0.0 0.491212
Person 0.0 0 0.0 758.671875 870.908203 951.328125 1074.990234 0.0 0.0 0.0 0.0 0.0 0.0 0.0 0.542863
Person 0.0 0 0.0 1804.306641 368.679199 1918.000000 600.051270 0.0 0.0 0.0 0.0 0.0 0.0 0.0 0.627951
Person 0.0 0 0.0 3.281250 681.196289 228.281250 1031.616211 0.0 0.0 0.0 0.0 0.0 0.0 0.0 0.830044
Person 0.0 0 0.0 1228.828125 201.708984 1324.921875 340.927734 0.0 0.0 0.0 0.0 0.0 0.0 0.0 0.871475
Person 0.0 0 0.0 870.234375 163.476562 993.515625 460.371094 0.0 0.0 0.0 0.0 0.0 0.0 0.0 0.902952
Person 0.0 0 0.0 26.367188 492.143555 278.320312 865.239258 0.0 0.0 0.0 0.0 0.0 0.0 0.0 0.911810
Person 0.0 0 0.0 697.910156 535.517578 922.089844 994.833984 0.0 0.0 0.0 0.0 0.0 0.0 0.0 0.915507
Person 0.0 0 0.0 1327.558594 109.160156 1400.566406 252.333984 0.0 0.0 0.0 0.0 0.0 0.0 0.0 0.929440
Person 0.0 0 0.0 1781.718750 318.120117 1915.781250 538.813477 0.0 0.0 0.0 0.0 0.0 0.0 0.0 0.939248
Person 0.0 0 0.0 1670.800781 605.786133 1897.324219 925.620117 0.0 0.0 0.0 0.0 0.0 0.0 0.0 0.947962
Person 0.0 0 0.0 546.650391 124.321289 630.849609 383.774414 0.0 0.0 0.0 0.0 0.0 0.0 0.0 0.951142
Person 0.0 0 0.0 1009.892578 101.513672 1110.732422 392.080078 0.0 0.0 0.0 0.0 0.0 0.0 0.0 0.956145
Person 0.0 0 0.0 1147.675781 305.859375 1331.074219 658.125000 0.0 0.0 0.0 0.0 0.0 0.0 0.0 0.956957
Person 0.0 0 0.0 1166.513672 93.142090 1239.111328 303.420410 0.0 0.0 0.0 0.0 0.0 0.0 0.0 0.963369
Person 0.0 0 0.0 1178.496094 122.145996 1270.253906 363.010254 0.0 0.0 0.0 0.0 0.0 0.0 0.0 0.972624
