Person 0.0 0 0.0 1831.669922 961.512451 1918.000000 1076.143799 0.0 0.0 0.0 0.0 0.0 0.0 0.0 0.324663
Person 0.0 0 0.0 903.222656 789.829102 1076.777344 1056.928711 0.0 0.0 0.0 0.0 0.0 0.0 0.0 0.331552
Person 0.0 0 0.0 0.644531 983.990479 176.074219 1074.759521 0.0 0.0 0.0 0.0 0.0 0.0 0.0 0.352202
Person 0.0 0 0.0 1781.777344 322.800293 1913.847656 525.695801 0.0 0.0 0.0 0.0 0.0 0.0 0.0 0.391406
Person 0.0 0 0.0 1170.703125 942.033691 1349.296875 1073.474121 0.0 0.0 0.0 0.0 0.0 0.0 0.0 0.525369
Person 0.0 0 0.0 1217.783203 102.634277 1309.716797 269.670410 0.0 0.0 0.0 0.0 0.0 0.0 0.0 0.537041
Person 0.0 0 0.0 440.859375 315.878906 585.703125 692.402344 0.0 0.0 0.0 0.0 0.0 0.0 0.0 0.820469
Person 0.0 0 0.0 937.968750 531.035156 1087.031250 906.503906 0.0 0.0 0.0 0.0 0.0 0.0 0.0 0.837088
Person 0.0 0 0.0 669.375000 316.010742 773.437500 709.145508 0.0 0.0 0.0 0.0 0.0 0.0 0.0 0.843380
Person 0.0 0 0.0 1654.570312 577.836914 1872.304688 898.725586 0.0 0.0 0.0 0.0 0.0 0.0 0.0 0.904651
Person 0.0 0 0.0 465.673828 0.065918 530.888672 179.890137 0.0 0.0 0.0 0.0 0.0 0.0 0.0 0.906653
Person 0.0 0 0.0 258.515625 356.088867 398.203125 679.614258 0.0 0.0 0.0 0.0 0.0 0.0 0.0 0.926304
Person 0.0 0 0.0 1161.152344 87.473145 1223.847656 295.905762 0.0 0.0 0.0 0.0 0.0 0.0 0.0 0.932453
Person 0.0 0 0.0 1613.847656 871.765137 1836.152344 1074.133301 0.0 0.0 0.0 0.0 0.0 0.0 0.0 0.934395
Person 0.0 0 0.0 1780.927734 350.222168 1890.322266 589.504395 0.0 0.0 0.0 0.0 0.0 0.0 0.0 0.936052
Person 0.0 0 0.0 756.914062 252.729492 916.523438 637.426758 0.0 0.0 0.0 0.0 0.0 0.0 0.0 0.939025
Person 0.0 0 0.0 1072.089844 613.300781 1247.285156 965.566406 0.0 0.0 0.0 0.0 0.0 0.0 0.0 0.940790
Person 0.0 0 0.0 876.005859 343.696289 977.431641 702.553711 0.0 0.0 0.0 0.0 0.0 0.0 0.0 0.946597
Person 0.0 0 0.0 1217.197266 116.740723 1300.927734 346.267090 0.0 0.0 0.0 0.0 0.0 0.0 0.0 0.956796
