Person 0.0 0 0.0 1222.910156 942.758789 1353.339844 1074.858398 0.0 0.0 0.0 0.0 0.0 0.0 0.0 0.398875
Person 0.0 0 0.0 415.473633 88.000488 465.307617 213.903809 0.0 0.0 0.0 0.0 0.0 0.0 0.0 0.399812
Person 0.0 0 0.0 1225.605469 166.113281 1305.644531 321.152344 0.0 0.0 0.0 0.0 0.0 0.0 0.0 0.422505
Person 0.0 0 0.0 1180.781250 166.113281 1303.593750 447.714844 0.0 0.0 0.0 0.0 0.0 0.0 0.0 0.434941
Person 0.0 0 0.0 1202.050781 122.145996 1274.824219 311.066895 0.0 0.0 0.0 0.0 0.0 0.0 0.0 0.586049
Person 0.0 0 0.0 1806.064453 374.216309 1918.000000 607.697754 0.0 0.0 0.0 0.0 0.0 0.0 0.0 0.627038
Person 0.0 0 0.0 1320.175781 769.394531 1520.449219 1074.199219 0.0 0.0 0.0 0.0 0.0 0.0 0.0 0.774583
Person 0.0 0 0.0 1303.535156 206.784668 1413.339844 466.105957 0.0 0.0 0.0 0.0 0.0 0.0 0.0 0.827828
Person 0.0 0 0.0 127.148438 568.081055 355.664062 922.192383 0.0 0.0 0.0 0.0 0.0 0.0 0.0 0.862468
Person 0.0 0 0.0 273.691406 379.555664 484.277344 762.670898 0.0 0.0 0.0 0.0 0.0 0.0 0.0 0.887984
Person 0.0 0 0.0 883.125000 850.869141 1222.500000 1074.990234 0.0 0.0 0.0 0.0 0.0 0.0 0.0 0.893681
Person 0.0 0 0.0 1166.835938 96.240234 1236.914062 304.013672 0.0 0.0 0.0 0.0 0.0 0.0 0.0 0.926037
Person 0.0 0 0.0 853.564453 136.582031 943.623047 435.058594 0.0 0.0 0.0 0.0 0.0 0.0 0.0 0.946399
Person 0.0 0 0.0 692.812500 652.192383 963.750000 1075.385742 0.0 0.0 0.0 0.0 0.0 0.0 0.0 0.949295
Person 0.0 0 0.0 1145.390625 46.999512 1211.484375 236.184082 0.0 0.0 0.0 0.0 0.0 0.0 0.0 0.952220
Person 0.0 0 0.0 1170.175781 264.462891 1301.074219 632.021484 0.0 0.0 0.0 0.0 0.0 0.0 0.0 0.952750
Person 0.0 0 0.0 620.332031 186.943359 768.105469 476.982422 0.0 0.0 0.0 0.0 0.0 0.0 0.0 0.954816
Person 0.0 0 0.0 1780.371094 309.353027 1900.253906 534.924316 0.0 0.0 0.0 0.0 0.0 0.0 0.0 0.957596
Person 0.0 0 0.0 923.496094 162.026367 1049.003906 463.930664 0.0 0.0 0.0 0.0 0.0 0.0 0.0 0.972415
Person 0.0 0 0.0 1018.154297 101.250000 1113.720703 391.552734 0.0 0.0 0.0 0.0 0.0 0.0 0.0 0.972831
