Person 0.0 0 0.0 1805.566406 921.005859 1918.000000 1074.462891 0.0 0.0 0.0 0.0 0.0 0.0 0.0 0.359364
Person 0.0 0 0.0 1790.097656 323.657227 1916.777344 593.920898 0.0 0.0 0.0 0.0 0.0 0.0 0.0 0.362969
Person 0.0 0 0.0 1170.234375 942.791748 1349.765625 1073.770752 0.0 0.0 0.0 0.0 0.0 0.0 0.0 0.377541
Person 0.0 0 0.0 1663.242188 946.384277 1848.632812 1075.451660 0.0 0.0 0.0 0.0 0.0 0.0 0.0 0.547706
Person 0.0 0 0.0 1387.265625 119.707031 1447.734375 338.027344 0.0 0.0 0.0 0.0 0.0 0.0 0.0 0.568895
Person 0.0 0 0.0 866.630859 309.155273 965.244141 667.485352 0.0 0.0 0.0 0.0 0.0 0.0 0.0 0.876634
Person 0.0 0 0.0 720.527344 337.763672 885.410156 766.494141 0.0 0.0 0.0 0.0 0.0 0.0 0.0 0.878731
Person 0.0 0 0.0 632.109375 284.106445 744.140625 689.897461 0.0 0.0 0.0 0.0 0.0 0.0 0.0 0.894789
Person 0.0 0 0.0 372.890625 340.268555 551.484375 713.891602 0.0 0.0 0.0 0.0 0.0 0.0 0.0 0.895523
Person 0.0 0 0.0 228.632812 388.784180 400.429688 690.688477 0.0 0.0 0.0 0.0 0.0 0.0 0.0 0.909586
Person 0.0 0 0.0 943.125000 468.281250 1128.750000 893.320312 0.0 0.0 0.0 0.0 0.0 0.0 0.0 0.923316
Person 0.0 0 0.0 1781.689453 302.431641 1897.060547 542.900391 0.0 0.0 0.0 0.0 0.0 0.0 0.0 0.934155
Person 0.0 0 0.0 1176.386719 120.563965 1287.363281 352.199707 0.0 0.0 0.0 0.0 0.0 0.0 0.0 0.947769
Person 0.0 0 0.0 914.355469 140.009766 983.144531 387.861328 0.0 0.0 0.0 0.0 0.0 0.0 0.0 0.955981
Person 0.0 0 0.0 1157.080078 91.955566 1222.294922 300.124512 0.0 0.0 0.0 0.0 0.0 0.0 0.0 0.957596
