Person 0.0 0 0.0 395.478516 145.085449 486.708984 329.787598 0.0 0.0 0.0 0.0 0.0 0.0 0.0 0.331552
Person 0.0 0 0.0 1816.787109 919.885254 1918.000000 1073.474121 0.0 0.0 0.0 0.0 0.0 0.0 0.0 0.367497
Person 0.0 0 0.0 1170.410156 943.220215 1347.714844 1072.287598 0.0 0.0 0.0 0.0 0.0 0.0 0.0 0.394201
Person 0.0 0 0.0 1679.121094 949.877930 1855.253906 1076.176758 0.0 0.0 0.0 0.0 0.0 0.0 0.0 0.688468
Person 0.0 0 0.0 1787.167969 366.833496 1917.832031 598.205566 0.0 0.0 0.0 0.0 0.0 0.0 0.0 0.767690
Person 0.0 0 0.0 786.152344 474.213867 988.535156 964.379883 0.0 0.0 0.0 0.0 0.0 0.0 0.0 0.816991
Person 0.0 0 0.0 732.832031 355.561523 860.917969 775.063477 0.0 0.0 0.0 0.0 0.0 0.0 0.0 0.822760
Person 0.0 0 0.0 1136.308594 201.972656 1263.691406 490.957031 0.0 0.0 0.0 0.0 0.0 0.0 0.0 0.838680
Person 0.0 0 0.0 352.617188 323.789062 556.757812 708.222656 0.0 0.0 0.0 0.0 0.0 0.0 0.0 0.852935
Person 0.0 0 0.0 243.457031 377.446289 397.792969 698.334961 0.0 0.0 0.0 0.0 0.0 0.0 0.0 0.868827
Person 0.0 0 0.0 1208.203125 118.256836 1274.296875 266.440430 0.0 0.0 0.0 0.0 0.0 0.0 0.0 0.872347
Person 0.0 0 0.0 1773.544922 296.960449 1890.205078 525.695801 0.0 0.0 0.0 0.0 0.0 0.0 0.0 0.881207
Person 0.0 0 0.0 645.322266 187.470703 734.677734 543.955078 0.0 0.0 0.0 0.0 0.0 0.0 0.0 0.889529
Person 0.0 0 0.0 1174.804688 91.625977 1232.695312 244.291992 0.0 0.0 0.0 0.0 0.0 0.0 0.0 0.897695
Person 0.0 0 0.0 1167.890625 652.719727 1395.234375 1064.311523 0.0 0.0 0.0 0.0 0.0 0.0 0.0 0.912436
Person 0.0 0 0.0 957.861328 70.136719 1033.388672 320.888672 0.0 0.0 0.0 0.0 0.0 0.0 0.0 0.916409
Person 0.0 0 0.0 964.335938 290.170898 1100.039062 656.938477 0.0 0.0 0.0 0.0 0.0 0.0 0.0 0.921074
Person 0.0 0 0.0 841.318359 121.289062 914.619141 399.990234 0.0 0.0 0.0 0.0 0.0 0.0 0.0 0.926037
Person 0.0 0 0.0 876.269531 167.563477 964.980469 459.975586 0.0 0.0 0.0 0.0 0.0 0.0 0.0 0.940353
