Person 0.0 0 0.0 1171.464844 944.967041 1352.285156 1076.868896 0.0 0.0 0.0 0.0 0.0 0.0 0.0 0.432063
Person 0.0 0 0.0 0.351562 541.977539 116.777344 818.569336 0.0 0.0 0.0 0.0 0.0 0.0 0.0 0.459076
Person 0.0 0 0.0 415.781250 88.000488 468.750000 198.874512 0.0 0.0 0.0 0.0 0.0 0.0 0.0 0.609524
Person 0.0 0 0.0 1794.199219 367.031250 1918.000000 601.699219 0.0 0.0 0.0 0.0 0.0 0.0 0.0 0.692642
Person 0.0 0 0.0 1376.718750 130.649414 1448.906250 356.879883 0.0 0.0 0.0 0.0 0.0 0.0 0.0 0.790530
Person 0.0 0 0.0 1310.917969 663.002930 1479.082031 1066.684570 0.0 0.0 0.0 0.0 0.0 0.0 0.0 0.814053
Person 0.0 0 0.0 375.468750 304.804688 551.250000 709.804688 0.0 0.0 0.0 0.0 0.0 0.0 0.0 0.858719
Person 0.0 0 0.0 848.466797 131.704102 941.220703 416.206055 0.0 0.0 0.0 0.0 0.0 0.0 0.0 0.886813
Person 0.0 0 0.0 1217.666016 125.771484 1291.083984 294.785156 0.0 0.0 0.0 0.0 0.0 0.0 0.0 0.911495
Person 0.0 0 0.0 728.789062 545.537109 959.648438 1021.728516 0.0 0.0 0.0 0.0 0.0 0.0 0.0 0.914901
Person 0.0 0 0.0 210.234375 395.244141 397.265625 699.521484 0.0 0.0 0.0 0.0 0.0 0.0 0.0 0.918187
Person 0.0 0 0.0 1168.286133 26.367188 1226.088867 205.664062 0.0 0.0 0.0 0.0 0.0 0.0 0.0 0.922761
Person 0.0 0 0.0 1201.376953 196.567383 1312.998047 491.088867 0.0 0.0 0.0 0.0 0.0 0.0 0.0 0.937211
Person 0.0 0 0.0 911.074219 154.248047 978.925781 461.689453 0.0 0.0 0.0 0.0 0.0 0.0 0.0 0.941654
Person 0.0 0 0.0 683.437500 255.629883 823.125000 591.284180 0.0 0.0 0.0 0.0 0.0 0.0 0.0 0.945197
Person 0.0 0 0.0 1079.414062 570.058594 1284.960938 1044.667969 0.0 0.0 0.0 0.0 0.0 0.0 0.0 0.946794
Person 0.0 0 0.0 1779.785156 306.650391 1917.714844 535.517578 0.0 0.0 0.0 0.0 0.0 0.0 0.0 0.949669
Person 0.0 0 0.0 1120.576172 241.127930 1240.048828 573.090820 0.0 0.0 0.0 0.0 0.0 0.0 0.0 0.960212
Person 0.0 0 0.0 697.207031 76.530762 776.542969 324.777832 0.0 0.0 0.0 0.0 0.0 0.0 0.0 0.963092
Person 0.0 0 0.0 1174.218750 97.229004 1235.156250 277.976074 0.0 0.0 0.0 0.0 0.0 0.0 0.0 0.969785
