Person 0.0 0 0.0 1306.816406 560.500488 1402.558594 762.077637 0.0 0.0 0.0 0.0 0.0 0.0 0.0 0.381220
Person 0.0 0 0.0 1170.703125 942.659912 1349.296875 1074.957275 0.0 0.0 0.0 0.0 0.0 0.0 0.0 0.403567
Person 0.0 0 0.0 1735.634766 340.729980 1851.240234 598.469238 0.0 0.0 0.0 0.0 0.0 0.0 0.0 0.661923
Person 0.0 0 0.0 825.410156 267.626953 991.464844 629.912109 0.0 0.0 0.0 0.0 0.0 0.0 0.0 0.766294
Person 0.0 0 0.0 1737.128906 477.641602 1898.496094 759.506836 0.0 0.0 0.0 0.0 0.0 0.0 0.0 0.811078
Person 0.0 0 0.0 439.628906 330.380859 570.058594 717.451172 0.0 0.0 0.0 0.0 0.0 0.0 0.0 0.849971
Person 0.0 0 0.0 1609.746094 883.103027 1827.128906 1073.342285 0.0 0.0 0.0 0.0 0.0 0.0 0.0 0.870597
Person 0.0 0 0.0 681.269531 362.944336 809.355469 782.446289 0.0 0.0 0.0 0.0 0.0 0.0 0.0 0.904651
Person 0.0 0 0.0 760.136719 377.446289 968.613281 739.467773 0.0 0.0 0.0 0.0 0.0 0.0 0.0 0.916708
Person 0.0 0 0.0 303.339844 348.046875 432.128906 668.671875 0.0 0.0 0.0 0.0 0.0 0.0 0.0 0.918480
Person 0.0 0 0.0 502.119141 25.180664 566.630859 264.594727 0.0 0.0 0.0 0.0 0.0 0.0 0.0 0.928926
Person 0.0 0 0.0 1139.941406 457.470703 1331.308594 835.576172 0.0 0.0 0.0 0.0 0.0 0.0 0.0 0.933915
Person 0.0 0 0.0 1107.421875 640.327148 1348.828125 1045.063477 0.0 0.0 0.0 0.0 0.0 0.0 0.0 0.942929
Person 0.0 0 0.0 476.894531 122.277832 539.355469 339.675293 0.0 0.0 0.0 0.0 0.0 0.0 0.0 0.966028
Person 0.0 0 0.0 1130.009766 76.728516 1202.490234 273.164062 0.0 0.0 0.0 0.0 0.0 0.0 0.0 0.966283
Person 0.0 0 0.0 1231.523438 111.467285 1307.226562 335.456543 0.0 0.0 0.0 0.0 0.0 0.0 0.0 0.972831
