Person 0.0 0 0.0 1781.748047 304.475098 1900.751953 521.872559 0.0 0.0 0.0 0.0 0.0 0.0 0.0 0.329392
Person 0.0 0 0.0 396.767578 144.755859 488.701172 371.513672 0.0 0.0 0.0 0.0 0.0 0.0 0.0 0.383064
Person 0.0 0 0.0 1827.421875 306.123047 1905.703125 456.416016 0.0 0.0 0.0 0.0 0.0 0.0 0.0 0.406391
Person 0.0 0 0.0 5.039062 983.331299 207.773438 1075.418701 0.0 0.0 0.0 0.0 0.0 0.0 0.0 0.524395
Person 0.0 0 0.0 1170.878906 941.868896 1349.121094 1073.638916 0.0 0.0 0.0 0.0 0.0 0.0 0.0 0.534127
Person 0.0 0 0.0 1660.781250 918.303223 1830.468750 1077.165527 0.0 0.0 0.0 0.0 0.0 0.0 0.0 0.860604
Person 0.0 0 0.0 662.460938 312.978516 785.039062 709.541016 0.0 0.0 0.0 0.0 0.0 0.0 0.0 0.907967
Person 0.0 0 0.0 1774.892578 359.648438 1892.607422 586.406250 0.0 0.0 0.0 0.0 0.0 0.0 0.0 0.913058
Person 0.0 0 0.0 936.855469 538.286133 1086.269531 923.510742 0.0 0.0 0.0 0.0 0.0 0.0 0.0 0.915809
Person 0.0 0 0.0 404.003906 337.763672 556.933594 712.177734 0.0 0.0 0.0 0.0 0.0 0.0 0.0 0.916110
Person 0.0 0 0.0 877.031250 351.870117 966.093750 702.817383 0.0 0.0 0.0 0.0 0.0 0.0 0.0 0.924142
Person 0.0 0 0.0 249.960938 386.015625 388.945312 695.039062 0.0 0.0 0.0 0.0 0.0 0.0 0.0 0.930711
Person 0.0 0 0.0 1530.937500 597.216797 1774.687500 960.556641 0.0 0.0 0.0 0.0 0.0 0.0 0.0 0.937669
Person 0.0 0 0.0 466.523438 0.065918 530.039062 179.890137 0.0 0.0 0.0 0.0 0.0 0.0 0.0 0.938124
Person 0.0 0 0.0 1072.734375 624.111328 1250.390625 965.302734 0.0 0.0 0.0 0.0 0.0 0.0 0.0 0.943971
Person 0.0 0 0.0 1160.727539 86.484375 1220.522461 296.367188 0.0 0.0 0.0 0.0 0.0 0.0 0.0 0.948537
Person 0.0 0 0.0 758.261719 250.092773 911.425781 637.954102 0.0 0.0 0.0 0.0 0.0 0.0 0.0 0.952397
Person 0.0 0 0.0 1205.537109 108.171387 1308.837891 346.662598 0.0 0.0 0.0 0.0 0.0 0.0 0.0 0.962250
