Person 0.0 0 0.0 1433.620605 81.886597 1459.504395 147.376099 0.0 0.0 0.0 0.0 0.0 0.0 0.0 0.310276
Person 0.0 0 0.0 1811.630859 922.258301 1918.000000 1074.265137 0.0 0.0 0.0 0.0 0.0 0.0 0.0 0.344223
Person 0.0 0 0.0 1171.464844 942.561035 1350.410156 1074.001465 0.0 0.0 0.0 0.0 0.0 0.0 0.0 0.413951
Person 0.0 0 0.0 395.214844 144.294434 488.847656 363.801270 0.0 0.0 0.0 0.0 0.0 0.0 0.0 0.415847
Person 0.0 0 0.0 664.804688 302.695312 764.882812 673.945312 0.0 0.0 0.0 0.0 0.0 0.0 0.0 0.505859
Person 0.0 0 0.0 655.341797 211.069336 732.158203 371.118164 0.0 0.0 0.0 0.0 0.0 0.0 0.0 0.554470
Person 0.0 0 0.0 404.882812 330.908203 551.367188 681.064453 0.0 0.0 0.0 0.0 0.0 0.0 0.0 0.650467
Person 0.0 0 0.0 1662.128906 943.220215 1853.496094 1075.451660 0.0 0.0 0.0 0.0 0.0 0.0 0.0 0.654895
Person 0.0 0 0.0 1785.058594 314.758301 1904.941406 528.991699 0.0 0.0 0.0 0.0 0.0 0.0 0.0 0.760651
Person 0.0 0 0.0 1787.519531 365.185547 1913.730469 596.162109 0.0 0.0 0.0 0.0 0.0 0.0 0.0 0.791821
Person 0.0 0 0.0 839.472656 370.327148 956.777344 747.641602 0.0 0.0 0.0 0.0 0.0 0.0 0.0 0.882428
Person 0.0 0 0.0 682.441406 339.609375 856.933594 759.375000 0.0 0.0 0.0 0.0 0.0 0.0 0.0 0.895157
Person 0.0 0 0.0 234.492188 393.002930 402.070312 690.161133 0.0 0.0 0.0 0.0 0.0 0.0 0.0 0.902952
Person 0.0 0 0.0 1336.523438 126.101074 1444.101562 346.135254 0.0 0.0 0.0 0.0 0.0 0.0 0.0 0.910545
Person 0.0 0 0.0 51.796875 480.937500 298.593750 936.562500 0.0 0.0 0.0 0.0 0.0 0.0 0.0 0.924959
Person 0.0 0 0.0 344.296875 420.424805 631.640625 855.747070 0.0 0.0 0.0 0.0 0.0 0.0 0.0 0.944177
Person 0.0 0 0.0 899.384766 140.141602 983.115234 410.405273 0.0 0.0 0.0 0.0 0.0 0.0 0.0 0.964456
Person 0.0 0 0.0 1156.611328 92.153320 1232.138672 300.717773 0.0 0.0 0.0 0.0 0.0 0.0 0.0 0.967410
Person 0.0 0 0.0 1194.199219 122.475586 1305.175781 357.143555 0.0 0.0 0.0 0.0 0.0 0.0 0.0 0.967656
