Person 0.0 0 0.0 12.011719 980.826416 222.597656 1073.704834 0.0 0.0 0.0 0.0 0.0 0.0 0.0 0.522446
Person 0.0 0 0.0 1170.703125 942.857666 1349.296875 1074.759521 0.0 0.0 0.0 0.0 0.0 0.0 0.0 0.535098
Person 0.0 0 0.0 1792.089844 366.569824 1912.910156 590.559082 0.0 0.0 0.0 0.0 0.0 0.0 0.0 0.771155
Person 0.0 0 0.0 1781.074219 309.155273 1905.175781 528.266602 0.0 0.0 0.0 0.0 0.0 0.0 0.0 0.801315
Person 0.0 0 0.0 1657.207031 935.244141 1850.917969 1076.044922 0.0 0.0 0.0 0.0 0.0 0.0 0.0 0.826151
Person 0.0 0 0.0 422.636719 319.965820 568.300781 703.081055 0.0 0.0 0.0 0.0 0.0 0.0 0.0 0.855851
Person 0.0 0 0.0 669.550781 318.515625 782.636719 709.804688 0.0 0.0 0.0 0.0 0.0 0.0 0.0 0.891811
Person 0.0 0 0.0 258.691406 354.243164 434.121094 651.401367 0.0 0.0 0.0 0.0 0.0 0.0 0.0 0.906983
Person 0.0 0 0.0 150.996094 548.173828 376.347656 908.349609 0.0 0.0 0.0 0.0 0.0 0.0 0.0 0.912748
Person 0.0 0 0.0 871.464844 354.638672 958.535156 701.630859 0.0 0.0 0.0 0.0 0.0 0.0 0.0 0.919931
Person 0.0 0 0.0 410.390625 14.436035 468.515625 199.270020 0.0 0.0 0.0 0.0 0.0 0.0 0.0 0.930962
Person 0.0 0 0.0 756.738281 254.179688 915.761719 638.085938 0.0 0.0 0.0 0.0 0.0 0.0 0.0 0.940353
Person 0.0 0 0.0 1289.941406 321.547852 1438.183594 667.221680 0.0 0.0 0.0 0.0 0.0 0.0 0.0 0.940572
Person 0.0 0 0.0 1221.723633 60.314941 1273.901367 242.116699 0.0 0.0 0.0 0.0 0.0 0.0 0.0 0.948728
Person 0.0 0 0.0 1231.933594 126.166992 1312.441406 361.098633 0.0 0.0 0.0 0.0 0.0 0.0 0.0 0.959307
Person 0.0 0 0.0 612.539062 736.171875 818.085938 1074.726562 0.0 0.0 0.0 0.0 0.0 0.0 0.0 0.960063
Person 0.0 0 0.0 1157.519531 91.691895 1219.980469 299.597168 0.0 0.0 0.0 0.0 0.0 0.0 0.0 0.966789
