Person 0.0 0 0.0 1808.144531 919.819336 1918.000000 1074.594727 0.0 0.0 0.0 0.0 0.0 0.0 0.0 0.380299
Person 0.0 0 0.0 1170.703125 942.462158 1349.296875 1074.100342 0.0 0.0 0.0 0.0 0.0 0.0 0.0 0.441673
Person 0.0 0 0.0 1866.723633 250.422363 1918.000000 359.187012 0.0 0.0 0.0 0.0 0.0 0.0 0.0 0.521471
Person 0.0 0 0.0 1665.527344 943.516846 1844.472656 1076.209717 0.0 0.0 0.0 0.0 0.0 0.0 0.0 0.648689
Person 0.0 0 0.0 1397.387695 95.778809 1452.612305 277.316895 0.0 0.0 0.0 0.0 0.0 0.0 0.0 0.787931
Person 0.0 0 0.0 412.324219 326.557617 563.613281 708.618164 0.0 0.0 0.0 0.0 0.0 0.0 0.0 0.860604
Person 0.0 0 0.0 1792.441406 364.262695 1918.000000 598.666992 0.0 0.0 0.0 0.0 0.0 0.0 0.0 0.862004
Person 0.0 0 0.0 740.566406 296.235352 864.433594 696.752930 0.0 0.0 0.0 0.0 0.0 0.0 0.0 0.884838
Person 0.0 0 0.0 636.210938 297.949219 743.789062 691.347656 0.0 0.0 0.0 0.0 0.0 0.0 0.0 0.898053
Person 0.0 0 0.0 1170.234375 359.780273 1344.140625 721.274414 0.0 0.0 0.0 0.0 0.0 0.0 0.0 0.899475
Person 0.0 0 0.0 1781.308594 311.726074 1901.191406 532.551270 0.0 0.0 0.0 0.0 0.0 0.0 0.0 0.905657
Person 0.0 0 0.0 227.812500 386.938477 400.781250 690.424805 0.0 0.0 0.0 0.0 0.0 0.0 0.0 0.921074
Person 0.0 0 0.0 860.742188 348.442383 995.507812 718.901367 0.0 0.0 0.0 0.0 0.0 0.0 0.0 0.930205
Person 0.0 0 0.0 901.464844 140.207520 993.222656 408.757324 0.0 0.0 0.0 0.0 0.0 0.0 0.0 0.952397
Person 0.0 0 0.0 1185.117188 119.772949 1295.507812 353.254395 0.0 0.0 0.0 0.0 0.0 0.0 0.0 0.955981
Person 0.0 0 0.0 1158.486328 92.087402 1230.263672 299.992676 0.0 0.0 0.0 0.0 0.0 0.0 0.0 0.961098
