Person 0.0 0 0.0 411.591797 120.498047 488.408203 324.580078 0.0 0.0 0.0 0.0 0.0 0.0 0.0 0.503906
Person 0.0 0 0.0 1170.878906 941.737061 1349.121094 1074.825439 0.0 0.0 0.0 0.0 0.0 0.0 0.0 0.522446
Person 0.0 0 0.0 400.253906 119.575195 488.964844 328.403320 0.0 0.0 0.0 0.0 0.0 0.0 0.0 0.637934
Person 0.0 0 0.0 1735.869141 342.707520 1849.130859 596.491699 0.0 0.0 0.0 0.0 0.0 0.0 0.0 0.686790
Person 0.0 0 0.0 433.476562 332.753906 576.210938 730.371094 0.0 0.0 0.0 0.0 0.0 0.0 0.0 0.878731
Person 0.0 0 0.0 1708.828125 468.676758 1883.671875 751.596680 0.0 0.0 0.0 0.0 0.0 0.0 0.0 0.917598
Person 0.0 0 0.0 695.742188 19.379883 767.695312 277.250977 0.0 0.0 0.0 0.0 0.0 0.0 0.0 0.922482
Person 0.0 0 0.0 256.171875 371.645508 433.828125 671.967773 0.0 0.0 0.0 0.0 0.0 0.0 0.0 0.924688
Person 0.0 0 0.0 1604.531250 882.114258 1822.968750 1073.276367 0.0 0.0 0.0 0.0 0.0 0.0 0.0 0.926037
Person 0.0 0 0.0 1146.621094 84.309082 1217.753906 267.956543 0.0 0.0 0.0 0.0 0.0 0.0 0.0 0.941439
Person 0.0 0 0.0 1436.250000 620.156250 1674.375000 1013.554688 0.0 0.0 0.0 0.0 0.0 0.0 0.0 0.943764
Person 0.0 0 0.0 673.535156 361.889648 810.527344 782.446289 0.0 0.0 0.0 0.0 0.0 0.0 0.0 0.945801
Person 0.0 0 0.0 823.828125 282.919922 984.609375 624.111328 0.0 0.0 0.0 0.0 0.0 0.0 0.0 0.948728
Person 0.0 0 0.0 1207.148438 102.897949 1299.726562 318.977051 0.0 0.0 0.0 0.0 0.0 0.0 0.0 0.953275
Person 0.0 0 0.0 878.964844 358.593750 988.535156 739.335938 0.0 0.0 0.0 0.0 0.0 0.0 0.0 0.958070
Person 0.0 0 0.0 1223.671875 553.315430 1397.578125 911.645508 0.0 0.0 0.0 0.0 0.0 0.0 0.0 0.958847
Person 0.0 0 0.0 1169.179688 457.734375 1324.570312 836.367188 0.0 0.0 0.0 0.0 0.0 0.0 0.0 0.966789
