Person 0.0 0 0.0 1807.851562 915.666504 1918.000000 1074.528809 0.0 0.0 0.0 0.0 0.0 0.0 0.0 0.339828
Person 0.0 0 0.0 394.511719 144.360352 488.144531 371.118164 0.0 0.0 0.0 0.0 0.0 0.0 0.0 0.351756
Person 0.0 0 0.0 1170.703125 942.330322 1349.296875 1074.232178 0.0 0.0 0.0 0.0 0.0 0.0 0.0 0.430147
Person 0.0 0 0.0 1800.498047 367.031250 1918.000000 598.007812 0.0 0.0 0.0 0.0 0.0 0.0 0.0 0.625209
Person 0.0 0 0.0 1666.464844 933.266602 1854.785156 1075.913086 0.0 0.0 0.0 0.0 0.0 0.0 0.0 0.812867
Person 0.0 0 0.0 380.332031 344.487305 543.105469 722.856445 0.0 0.0 0.0 0.0 0.0 0.0 0.0 0.869715
Person 0.0 0 0.0 870.732422 336.181641 968.642578 701.630859 0.0 0.0 0.0 0.0 0.0 0.0 0.0 0.887595
Person 0.0 0 0.0 74.589844 840.651855 311.425781 1073.605957 0.0 0.0 0.0 0.0 0.0 0.0 0.0 0.894052
Person 0.0 0 0.0 757.968750 239.809570 892.968750 621.870117 0.0 0.0 0.0 0.0 0.0 0.0 0.0 0.908942
Person 0.0 0 0.0 627.304688 300.190430 763.007812 711.782227 0.0 0.0 0.0 0.0 0.0 0.0 0.0 0.929440
Person 0.0 0 0.0 1298.935547 147.722168 1417.939453 388.850098 0.0 0.0 0.0 0.0 0.0 0.0 0.0 0.936052
Person 0.0 0 0.0 1781.572266 311.132812 1899.052734 541.054688 0.0 0.0 0.0 0.0 0.0 0.0 0.0 0.943764
Person 0.0 0 0.0 221.425781 394.057617 398.730469 690.161133 0.0 0.0 0.0 0.0 0.0 0.0 0.0 0.947381
Person 0.0 0 0.0 1275.000000 316.406250 1410.000000 653.378906 0.0 0.0 0.0 0.0 0.0 0.0 0.0 0.950778
Person 0.0 0 0.0 1157.109375 91.889648 1231.640625 300.190430 0.0 0.0 0.0 0.0 0.0 0.0 0.0 0.971347
Person 0.0 0 0.0 1178.437500 121.289062 1300.312500 352.792969 0.0 0.0 0.0 0.0 0.0 0.0 0.0 0.974435
