Person 0.0 0 0.0 1825.957031 921.005859 1918.000000 1076.572266 0.0 0.0 0.0 0.0 0.0 0.0 0.0 0.369315
Person 0.0 0 0.0 1170.878906 942.330322 1349.121094 1074.232178 0.0 0.0 0.0 0.0 0.0 0.0 0.0 0.502930
Person 0.0 0 0.0 1860.043945 221.220703 1918.000000 341.982422 0.0 0.0 0.0 0.0 0.0 0.0 0.0 0.676620
Person 0.0 0 0.0 1661.308594 959.139404 1811.191406 1075.352783 0.0 0.0 0.0 0.0 0.0 0.0 0.0 0.695131
Person 0.0 0 0.0 665.214844 315.878906 782.285156 641.777344 0.0 0.0 0.0 0.0 0.0 0.0 0.0 0.720958
Person 0.0 0 0.0 0.703125 913.029785 182.460938 1075.056152 0.0 0.0 0.0 0.0 0.0 0.0 0.0 0.823328
Person 0.0 0 0.0 1795.664062 366.240234 1909.335938 591.416016 0.0 0.0 0.0 0.0 0.0 0.0 0.0 0.866132
Person 0.0 0 0.0 1379.560547 91.955566 1436.689453 263.210449 0.0 0.0 0.0 0.0 0.0 0.0 0.0 0.886027
Person 0.0 0 0.0 1779.902344 310.605469 1900.722656 527.871094 0.0 0.0 0.0 0.0 0.0 0.0 0.0 0.888372
Person 0.0 0 0.0 419.062500 326.557617 561.562500 706.508789 0.0 0.0 0.0 0.0 0.0 0.0 0.0 0.898767
Person 0.0 0 0.0 878.144531 354.243164 966.855469 702.026367 0.0 0.0 0.0 0.0 0.0 0.0 0.0 0.917006
Person 0.0 0 0.0 647.988281 504.536133 830.449219 897.143555 0.0 0.0 0.0 0.0 0.0 0.0 0.0 0.927626
Person 0.0 0 0.0 756.562500 250.488281 915.937500 637.558594 0.0 0.0 0.0 0.0 0.0 0.0 0.0 0.939692
Person 0.0 0 0.0 248.378906 372.832031 399.902344 700.839844 0.0 0.0 0.0 0.0 0.0 0.0 0.0 0.956472
Person 0.0 0 0.0 1275.761719 338.027344 1482.363281 674.472656 0.0 0.0 0.0 0.0 0.0 0.0 0.0 0.958538
Person 0.0 0 0.0 1158.281250 90.241699 1228.593750 299.729004 0.0 0.0 0.0 0.0 0.0 0.0 0.0 0.967778
Person 0.0 0 0.0 1234.628906 120.102539 1319.121094 353.979492 0.0 0.0 0.0 0.0 0.0 0.0 0.0 0.973241
