Person 0.0 0 0.0 1190.800781 943.187256 1349.824219 1075.484619 0.0 0.0 0.0 0.0 0.0 0.0 0.0 0.404507
Person 0.0 0 0.0 0.234375 562.807617 116.660156 818.833008 0.0 0.0 0.0 0.0 0.0 0.0 0.0 0.488283
Person 0.0 0 0.0 1328.320312 137.834473 1446.679688 394.782715 0.0 0.0 0.0 0.0 0.0 0.0 0.0 0.492188
Person 0.0 0 0.0 973.593750 911.843262 1188.281250 1074.133301 0.0 0.0 0.0 0.0 0.0 0.0 0.0 0.554470
Person 0.0 0 0.0 414.726562 87.967529 469.335938 198.643799 0.0 0.0 0.0 0.0 0.0 0.0 0.0 0.591723
Person 0.0 0 0.0 730.166016 66.247559 808.271484 320.295410 0.0 0.0 0.0 0.0 0.0 0.0 0.0 0.718594
Person 0.0 0 0.0 1671.093750 899.187012 1885.781250 1076.242676 0.0 0.0 0.0 0.0 0.0 0.0 0.0 0.754192
Person 0.0 0 0.0 1795.312500 369.667969 1913.437500 600.644531 0.0 0.0 0.0 0.0 0.0 0.0 0.0 0.805020
Person 0.0 0 0.0 380.097656 341.191406 543.808594 719.296875 0.0 0.0 0.0 0.0 0.0 0.0 0.0 0.884039
Person 0.0 0 0.0 1167.714844 623.452148 1404.785156 1069.321289 0.0 0.0 0.0 0.0 0.0 0.0 0.0 0.889912
Person 0.0 0 0.0 206.015625 395.771484 396.328125 700.048828 0.0 0.0 0.0 0.0 0.0 0.0 0.0 0.911495
Person 0.0 0 0.0 885.234375 170.595703 961.640625 469.072266 0.0 0.0 0.0 0.0 0.0 0.0 0.0 0.919931
Person 0.0 0 0.0 685.781250 656.015625 1125.468750 1071.562500 0.0 0.0 0.0 0.0 0.0 0.0 0.0 0.922482
Person 0.0 0 0.0 1777.968750 305.332031 1913.906250 536.308594 0.0 0.0 0.0 0.0 0.0 0.0 0.0 0.930205
Person 0.0 0 0.0 701.367188 255.234375 836.132812 590.625000 0.0 0.0 0.0 0.0 0.0 0.0 0.0 0.938124
Person 0.0 0 0.0 1018.007812 112.060547 1111.992188 390.234375 0.0 0.0 0.0 0.0 0.0 0.0 0.0 0.942507
Person 0.0 0 0.0 1224.052734 123.200684 1288.447266 302.893066 0.0 0.0 0.0 0.0 0.0 0.0 0.0 0.952397
Person 0.0 0 0.0 803.994141 132.626953 902.255859 407.900391 0.0 0.0 0.0 0.0 0.0 0.0 0.0 0.961965
Person 0.0 0 0.0 1121.660156 237.832031 1259.589844 572.695312 0.0 0.0 0.0 0.0 0.0 0.0 0.0 0.962813
Person 0.0 0 0.0 1168.945312 94.196777 1234.804688 279.426270 0.0 0.0 0.0 0.0 0.0 0.0 0.0 0.966411
