Person 0.0 0 0.0 1323.193359 107.248535 1393.681641 251.081543 0.0 0.0 0.0 0.0 0.0 0.0 0.0 0.405449
Person 0.0 0 0.0 1170.820312 942.659912 1352.929688 1074.957275 0.0 0.0 0.0 0.0 0.0 0.0 0.0 0.489259
Person 0.0 0 0.0 396.767578 145.019531 489.169922 402.890625 0.0 0.0 0.0 0.0 0.0 0.0 0.0 0.492188
Person 0.0 0 0.0 1694.882812 978.947754 1867.617188 1075.583496 0.0 0.0 0.0 0.0 0.0 0.0 0.0 0.506836
Person 0.0 0 0.0 0.878906 706.245117 229.394531 1035.043945 0.0 0.0 0.0 0.0 0.0 0.0 0.0 0.674051
Person 0.0 0 0.0 1802.314453 366.569824 1917.685547 601.633301 0.0 0.0 0.0 0.0 0.0 0.0 0.0 0.780662
Person 0.0 0 0.0 860.156250 528.793945 1151.718750 931.948242 0.0 0.0 0.0 0.0 0.0 0.0 0.0 0.842863
Person 0.0 0 0.0 1285.195312 202.697754 1375.429688 460.173340 0.0 0.0 0.0 0.0 0.0 0.0 0.0 0.891434
Person 0.0 0 0.0 878.613281 119.443359 952.324219 406.318359 0.0 0.0 0.0 0.0 0.0 0.0 0.0 0.901227
Person 0.0 0 0.0 644.062500 706.113281 858.750000 1074.199219 0.0 0.0 0.0 0.0 0.0 0.0 0.0 0.925230
Person 0.0 0 0.0 26.542969 511.655273 260.566406 906.899414 0.0 0.0 0.0 0.0 0.0 0.0 0.0 0.927626
Person 0.0 0 0.0 1222.822266 187.800293 1304.677734 375.402832 0.0 0.0 0.0 0.0 0.0 0.0 0.0 0.931213
Person 0.0 0 0.0 530.742188 139.416504 618.632812 385.817871 0.0 0.0 0.0 0.0 0.0 0.0 0.0 0.934395
Person 0.0 0 0.0 1130.273438 314.033203 1282.851562 678.955078 0.0 0.0 0.0 0.0 0.0 0.0 0.0 0.942507
Person 0.0 0 0.0 1671.035156 599.194336 1893.339844 925.883789 0.0 0.0 0.0 0.0 0.0 0.0 0.0 0.951323
Person 0.0 0 0.0 1176.621094 121.091309 1268.378906 356.945801 0.0 0.0 0.0 0.0 0.0 0.0 0.0 0.953622
Person 0.0 0 0.0 1166.220703 93.603516 1239.404297 304.013672 0.0 0.0 0.0 0.0 0.0 0.0 0.0 0.955817
Person 0.0 0 0.0 1011.386719 101.777344 1111.113281 392.607422 0.0 0.0 0.0 0.0 0.0 0.0 0.0 0.961534
Person 0.0 0 0.0 1781.425781 311.660156 1904.824219 539.472656 0.0 0.0 0.0 0.0 0.0 0.0 0.0 0.961678
Person 0.0 0 0.0 895.605469 156.884766 1020.644531 446.923828 0.0 0.0 0.0 0.0 0.0 0.0 0.0 0.964722
