Person 0.0 0 0.0 1823.291016 916.523438 1918.000000 1074.726562 0.0 0.0 0.0 0.0 0.0 0.0 0.0 0.312790
Person 0.0 0 0.0 1170.703125 942.231445 1349.296875 1074.331055 0.0 0.0 0.0 0.0 0.0 0.0 0.0 0.468791
Person 0.0 0 0.0 1857.011719 227.186279 1917.363281 337.071533 0.0 0.0 0.0 0.0 0.0 0.0 0.0 0.676620
Person 0.0 0 0.0 1801.816406 365.976562 1914.433594 595.898438 0.0 0.0 0.0 0.0 0.0 0.0 0.0 0.694303
Person 0.0 0 0.0 1669.453125 933.859863 1849.921875 1076.374512 0.0 0.0 0.0 0.0 0.0 0.0 0.0 0.787278
Person 0.0 0 0.0 19.921875 878.291016 276.562500 1074.990234 0.0 0.0 0.0 0.0 0.0 0.0 0.0 0.867036
Person 0.0 0 0.0 391.347656 344.091797 547.558594 716.396484 0.0 0.0 0.0 0.0 0.0 0.0 0.0 0.895888
Person 0.0 0 0.0 748.300781 252.729492 894.199219 622.661133 0.0 0.0 0.0 0.0 0.0 0.0 0.0 0.918772
Person 0.0 0 0.0 857.285156 350.947266 984.902344 702.158203 0.0 0.0 0.0 0.0 0.0 0.0 0.0 0.934395
Person 0.0 0 0.0 1781.630859 308.034668 1900.869141 539.406738 0.0 0.0 0.0 0.0 0.0 0.0 0.0 0.938801
Person 0.0 0 0.0 660.791016 317.988281 778.271484 709.277344 0.0 0.0 0.0 0.0 0.0 0.0 0.0 0.941654
Person 0.0 0 0.0 266.191406 359.912109 399.902344 675.791016 0.0 0.0 0.0 0.0 0.0 0.0 0.0 0.945801
Person 0.0 0 0.0 1015.957031 263.540039 1144.042969 601.303711 0.0 0.0 0.0 0.0 0.0 0.0 0.0 0.947962
Person 0.0 0 0.0 1275.058594 312.451172 1404.316406 659.443359 0.0 0.0 0.0 0.0 0.0 0.0 0.0 0.954984
Person 0.0 0 0.0 1157.519531 91.823730 1227.480469 300.256348 0.0 0.0 0.0 0.0 0.0 0.0 0.0 0.963916
Person 0.0 0 0.0 1191.650391 118.059082 1300.224609 348.112793 0.0 0.0 0.0 0.0 0.0 0.0 0.0 0.971779
