Person 0.0 0 0.0 397.207031 144.360352 488.261719 352.661133 0.0 0.0 0.0 0.0 0.0 0.0 0.0 0.461988
Person 0.0 0 0.0 0.351562 545.009766 116.777344 818.701172 0.0 0.0 0.0 0.0 0.0 0.0 0.0 0.462959
Person 0.0 0 0.0 1170.058594 941.967773 1349.941406 1075.649414 0.0 0.0 0.0 0.0 0.0 0.0 0.0 0.469763
Person 0.0 0 0.0 1183.740234 94.361572 1235.009766 225.999756 0.0 0.0 0.0 0.0 0.0 0.0 0.0 0.561215
Person 0.0 0 0.0 415.166016 87.374268 468.427734 198.446045 0.0 0.0 0.0 0.0 0.0 0.0 0.0 0.580352
Person 0.0 0 0.0 1793.847656 368.415527 1918.000000 599.260254 0.0 0.0 0.0 0.0 0.0 0.0 0.0 0.620622
Person 0.0 0 0.0 1683.164062 927.399902 1888.710938 1076.506348 0.0 0.0 0.0 0.0 0.0 0.0 0.0 0.745398
Person 0.0 0 0.0 1297.324219 90.802002 1378.300781 224.022217 0.0 0.0 0.0 0.0 0.0 0.0 0.0 0.842863
Person 0.0 0 0.0 392.402344 306.386719 554.941406 711.386719 0.0 0.0 0.0 0.0 0.0 0.0 0.0 0.887205
Person 0.0 0 0.0 682.382812 655.092773 1155.117188 1072.485352 0.0 0.0 0.0 0.0 0.0 0.0 0.0 0.888759
Person 0.0 0 0.0 1106.835938 148.315430 1199.414062 438.090820 0.0 0.0 0.0 0.0 0.0 0.0 0.0 0.892187
Person 0.0 0 0.0 1207.763672 125.375977 1278.486328 295.180664 0.0 0.0 0.0 0.0 0.0 0.0 0.0 0.896614
Person 0.0 0 0.0 1073.144531 552.919922 1227.480469 1008.017578 0.0 0.0 0.0 0.0 0.0 0.0 0.0 0.897695
Person 0.0 0 0.0 882.744141 159.389648 959.443359 468.676758 0.0 0.0 0.0 0.0 0.0 0.0 0.0 0.903975
Person 0.0 0 0.0 700.781250 254.838867 849.843750 592.602539 0.0 0.0 0.0 0.0 0.0 0.0 0.0 0.934634
Person 0.0 0 0.0 1780.019531 301.772461 1913.730469 535.122070 0.0 0.0 0.0 0.0 0.0 0.0 0.0 0.937440
Person 0.0 0 0.0 206.367188 400.253906 397.382812 700.839844 0.0 0.0 0.0 0.0 0.0 0.0 0.0 0.939248
Person 0.0 0 0.0 832.177734 137.636719 912.509766 419.765625 0.0 0.0 0.0 0.0 0.0 0.0 0.0 0.943764
Person 0.0 0 0.0 689.121094 72.707520 775.253906 325.700684 0.0 0.0 0.0 0.0 0.0 0.0 0.0 0.964187
Person 0.0 0 0.0 1122.773438 239.545898 1262.226562 572.563477 0.0 0.0 0.0 0.0 0.0 0.0 0.0 0.968620
