Person 0.0 0 0.0 1833.662109 960.721436 1918.000000 1073.770752 0.0 0.0 0.0 0.0 0.0 0.0 0.0 0.314893
Person 0.0 0 0.0 1170.234375 942.000732 1349.765625 1073.507080 0.0 0.0 0.0 0.0 0.0 0.0 0.0 0.505859
Person 0.0 0 0.0 1627.910156 880.795898 1838.964844 1074.594727 0.0 0.0 0.0 0.0 0.0 0.0 0.0 0.733356
Person 0.0 0 0.0 1716.914062 487.265625 1916.835938 838.476562 0.0 0.0 0.0 0.0 0.0 0.0 0.0 0.769080
Person 0.0 0 0.0 418.476562 319.042969 560.273438 698.730469 0.0 0.0 0.0 0.0 0.0 0.0 0.0 0.841305
Person 0.0 0 0.0 1161.166992 87.011719 1218.208008 296.103516 0.0 0.0 0.0 0.0 0.0 0.0 0.0 0.902610
Person 0.0 0 0.0 470.771484 0.000000 535.166016 180.417480 0.0 0.0 0.0 0.0 0.0 0.0 0.0 0.915205
Person 0.0 0 0.0 252.128906 367.822266 392.402344 691.083984 0.0 0.0 0.0 0.0 0.0 0.0 0.0 0.921922
Person 0.0 0 0.0 781.347656 275.932617 929.589844 655.356445 0.0 0.0 0.0 0.0 0.0 0.0 0.0 0.923316
Person 0.0 0 0.0 872.929688 365.976562 1033.945312 744.609375 0.0 0.0 0.0 0.0 0.0 0.0 0.0 0.933431
Person 0.0 0 0.0 981.210938 503.349609 1133.789062 880.400391 0.0 0.0 0.0 0.0 0.0 0.0 0.0 0.936518
Person 0.0 0 0.0 1073.203125 612.773438 1246.171875 965.039062 0.0 0.0 0.0 0.0 0.0 0.0 0.0 0.941654
Person 0.0 0 0.0 1194.697266 114.697266 1287.802734 340.927734 0.0 0.0 0.0 0.0 0.0 0.0 0.0 0.962533
Person 0.0 0 0.0 670.605469 306.782227 796.582031 699.389648 0.0 0.0 0.0 0.0 0.0 0.0 0.0 0.968620
