Person 0.0 0 0.0 903.515625 789.301758 1076.484375 1056.401367 0.0 0.0 0.0 0.0 0.0 0.0 0.0 0.303629
Person 0.0 0 0.0 1830.234375 961.940918 1918.000000 1076.770020 0.0 0.0 0.0 0.0 0.0 0.0 0.0 0.325950
Person 0.0 0 0.0 1841.425781 322.800293 1918.000000 476.652832 0.0 0.0 0.0 0.0 0.0 0.0 0.0 0.342462
Person 0.0 0 0.0 1780.605469 322.536621 1911.269531 525.959473 0.0 0.0 0.0 0.0 0.0 0.0 0.0 0.397938
Person 0.0 0 0.0 0.937500 981.815186 180.468750 1075.880127 0.0 0.0 0.0 0.0 0.0 0.0 0.0 0.418697
Person 0.0 0 0.0 1219.335938 103.688965 1311.914062 273.361816 0.0 0.0 0.0 0.0 0.0 0.0 0.0 0.500000
Person 0.0 0 0.0 1170.878906 942.099609 1349.121094 1073.408203 0.0 0.0 0.0 0.0 0.0 0.0 0.0 0.522446
Person 0.0 0 0.0 440.332031 317.592773 583.417969 692.797852 0.0 0.0 0.0 0.0 0.0 0.0 0.0 0.821044
Person 0.0 0 0.0 670.107422 316.010742 764.267578 710.200195 0.0 0.0 0.0 0.0 0.0 0.0 0.0 0.835484
Person 0.0 0 0.0 1615.781250 870.644531 1836.093750 1074.199219 0.0 0.0 0.0 0.0 0.0 0.0 0.0 0.878731
Person 0.0 0 0.0 937.148438 531.562500 1085.976562 907.031250 0.0 0.0 0.0 0.0 0.0 0.0 0.0 0.882833
Person 0.0 0 0.0 465.849609 0.065918 530.712891 179.890137 0.0 0.0 0.0 0.0 0.0 0.0 0.0 0.911810
Person 0.0 0 0.0 258.750000 356.088867 397.968750 679.614258 0.0 0.0 0.0 0.0 0.0 0.0 0.0 0.924959
Person 0.0 0 0.0 757.441406 251.674805 915.058594 637.426758 0.0 0.0 0.0 0.0 0.0 0.0 0.0 0.939471
Person 0.0 0 0.0 1654.746094 578.759766 1868.378906 898.857422 0.0 0.0 0.0 0.0 0.0 0.0 0.0 0.941007
Person 0.0 0 0.0 1072.910156 613.432617 1248.339844 965.434570 0.0 0.0 0.0 0.0 0.0 0.0 0.0 0.941868
Person 0.0 0 0.0 1161.093750 87.275391 1223.906250 296.103516 0.0 0.0 0.0 0.0 0.0 0.0 0.0 0.944177
Person 0.0 0 0.0 876.210938 343.300781 977.226562 702.949219 0.0 0.0 0.0 0.0 0.0 0.0 0.0 0.944382
Person 0.0 0 0.0 1782.978516 351.738281 1890.146484 591.152344 0.0 0.0 0.0 0.0 0.0 0.0 0.0 0.946794
Person 0.0 0 0.0 1216.552734 115.224609 1297.822266 346.728516 0.0 0.0 0.0 0.0 0.0 0.0 0.0 0.961534
