Person 0.0 0 0.0 1311.503906 702.290039 1442.871094 986.264648 0.0 0.0 0.0 0.0 0.0 0.0 0.0 0.324235
Person 0.0 0 0.0 1311.386719 701.762695 1442.988281 1041.635742 0.0 0.0 0.0 0.0 0.0 0.0 0.0 0.364778
Person 0.0 0 0.0 1860.058594 237.205811 1910.566406 331.798096 0.0 0.0 0.0 0.0 0.0 0.0 0.0 0.374791
Person 0.0 0 0.0 396.328125 144.162598 489.609375 376.325684 0.0 0.0 0.0 0.0 0.0 0.0 0.0 0.390476
Person 0.0 0 0.0 1167.187500 945.560303 1350.937500 1077.330322 0.0 0.0 0.0 0.0 0.0 0.0 0.0 0.468791
Person 0.0 0 0.0 840.087891 136.450195 938.349609 419.370117 0.0 0.0 0.0 0.0 0.0 0.0 0.0 0.738669
Person 0.0 0 0.0 1376.015625 130.583496 1449.609375 354.572754 0.0 0.0 0.0 0.0 0.0 0.0 0.0 0.752740
Person 0.0 0 0.0 1780.722656 305.266113 1918.000000 536.374512 0.0 0.0 0.0 0.0 0.0 0.0 0.0 0.841826
Person 0.0 0 0.0 375.351562 346.992188 548.085938 711.914062 0.0 0.0 0.0 0.0 0.0 0.0 0.0 0.889912
Person 0.0 0 0.0 209.238281 402.363281 391.699219 700.839844 0.0 0.0 0.0 0.0 0.0 0.0 0.0 0.900530
Person 0.0 0 0.0 666.386719 268.417969 799.863281 619.628906 0.0 0.0 0.0 0.0 0.0 0.0 0.0 0.907312
Person 0.0 0 0.0 699.609375 574.277344 972.890625 1029.902344 0.0 0.0 0.0 0.0 0.0 0.0 0.0 0.909907
Person 0.0 0 0.0 1222.792969 239.282227 1351.582031 555.952148 0.0 0.0 0.0 0.0 0.0 0.0 0.0 0.911180
Person 0.0 0 0.0 971.030273 14.897461 1025.844727 198.017578 0.0 0.0 0.0 0.0 0.0 0.0 0.0 0.920790
Person 0.0 0 0.0 1074.960938 548.964844 1276.289062 1019.355469 0.0 0.0 0.0 0.0 0.0 0.0 0.0 0.921358
Person 0.0 0 0.0 878.261719 162.949219 958.300781 462.480469 0.0 0.0 0.0 0.0 0.0 0.0 0.0 0.944587
Person 0.0 0 0.0 1212.421875 125.178223 1298.203125 353.913574 0.0 0.0 0.0 0.0 0.0 0.0 0.0 0.944995
Person 0.0 0 0.0 665.683594 115.356445 755.566406 354.770508 0.0 0.0 0.0 0.0 0.0 0.0 0.0 0.947381
Person 0.0 0 0.0 1088.203125 248.642578 1210.546875 582.978516 0.0 0.0 0.0 0.0 0.0 0.0 0.0 0.957912
Person 0.0 0 0.0 1172.636719 93.537598 1234.863281 303.024902 0.0 0.0 0.0 0.0 0.0 0.0 0.0 0.963231
