Person 0.0 0 0.0 1834.306641 962.402344 1918.000000 1075.253906 0.0 0.0 0.0 0.0 0.0 0.0 0.0 0.304455
Person 0.0 0 0.0 1212.861328 104.282227 1305.263672 261.958008 0.0 0.0 0.0 0.0 0.0 0.0 0.0 0.432063
Person 0.0 0 0.0 1170.527344 941.868896 1349.472656 1073.638916 0.0 0.0 0.0 0.0 0.0 0.0 0.0 0.533154
Person 0.0 0 0.0 1787.636719 406.582031 1918.000000 644.414062 0.0 0.0 0.0 0.0 0.0 0.0 0.0 0.687630
Person 0.0 0 0.0 1715.917969 520.224609 1918.000000 838.212891 0.0 0.0 0.0 0.0 0.0 0.0 0.0 0.774583
Person 0.0 0 0.0 421.582031 323.393555 564.667969 694.907227 0.0 0.0 0.0 0.0 0.0 0.0 0.0 0.882428
Person 0.0 0 0.0 1602.070312 873.281250 1825.429688 1073.671875 0.0 0.0 0.0 0.0 0.0 0.0 0.0 0.911810
Person 0.0 0 0.0 877.148438 361.757812 1029.726562 744.609375 0.0 0.0 0.0 0.0 0.0 0.0 0.0 0.921074
Person 0.0 0 0.0 472.792969 0.000000 536.894531 180.285645 0.0 0.0 0.0 0.0 0.0 0.0 0.0 0.924959
Person 0.0 0 0.0 256.757812 362.153320 399.023438 679.350586 0.0 0.0 0.0 0.0 0.0 0.0 0.0 0.929184
Person 0.0 0 0.0 692.841797 306.650391 803.408203 698.994141 0.0 0.0 0.0 0.0 0.0 0.0 0.0 0.943764
Person 0.0 0 0.0 1161.005859 87.143555 1218.369141 295.708008 0.0 0.0 0.0 0.0 0.0 0.0 0.0 0.949669
Person 0.0 0 0.0 994.042969 502.558594 1152.832031 878.027344 0.0 0.0 0.0 0.0 0.0 0.0 0.0 0.952574
Person 0.0 0 0.0 1073.203125 623.979492 1249.921875 965.434570 0.0 0.0 0.0 0.0 0.0 0.0 0.0 0.957596
Person 0.0 0 0.0 766.347656 268.945312 890.214844 638.085938 0.0 0.0 0.0 0.0 0.0 0.0 0.0 0.962250
Person 0.0 0 0.0 1194.667969 109.555664 1302.832031 341.586914 0.0 0.0 0.0 0.0 0.0 0.0 0.0 0.968620
