Person 0.0 0 0.0 1822.939453 915.732422 1918.000000 1075.517578 0.0 0.0 0.0 0.0 0.0 0.0 0.0 0.365683
Person 0.0 0 0.0 1170.234375 942.330322 1349.765625 1074.232178 0.0 0.0 0.0 0.0 0.0 0.0 0.0 0.441673
Person 0.0 0 0.0 346.289062 340.795898 553.710938 717.583008 0.0 0.0 0.0 0.0 0.0 0.0 0.0 0.793746
Person 0.0 0 0.0 1662.656250 933.859863 1852.968750 1076.374512 0.0 0.0 0.0 0.0 0.0 0.0 0.0 0.814053
Person 0.0 0 0.0 1800.146484 362.153320 1906.728516 597.084961 0.0 0.0 0.0 0.0 0.0 0.0 0.0 0.827828
Person 0.0 0 0.0 663.632812 314.956055 772.617188 709.145508 0.0 0.0 0.0 0.0 0.0 0.0 0.0 0.906653
Person 0.0 0 0.0 73.359375 842.695312 309.843750 1073.671875 0.0 0.0 0.0 0.0 0.0 0.0 0.0 0.910863
Person 0.0 0 0.0 872.958984 330.776367 987.041016 702.290039 0.0 0.0 0.0 0.0 0.0 0.0 0.0 0.918772
Person 0.0 0 0.0 221.191406 392.871094 397.558594 689.238281 0.0 0.0 0.0 0.0 0.0 0.0 0.0 0.931213
Person 0.0 0 0.0 1781.660156 310.803223 1898.964844 546.130371 0.0 0.0 0.0 0.0 0.0 0.0 0.0 0.939692
Person 0.0 0 0.0 758.378906 257.871094 884.121094 621.210938 0.0 0.0 0.0 0.0 0.0 0.0 0.0 0.942295
Person 0.0 0 0.0 1274.589844 314.956055 1406.660156 661.684570 0.0 0.0 0.0 0.0 0.0 0.0 0.0 0.946794
Person 0.0 0 0.0 1157.724609 91.428223 1227.275391 300.651855 0.0 0.0 0.0 0.0 0.0 0.0 0.0 0.954308
Person 0.0 0 0.0 1043.642578 156.093750 1131.357422 433.476562 0.0 0.0 0.0 0.0 0.0 0.0 0.0 0.955651
Person 0.0 0 0.0 1187.109375 125.969238 1293.515625 359.450684 0.0 0.0 0.0 0.0 0.0 0.0 0.0 0.969785
