Person 0.0 0 0.0 395.683594 144.821777 487.910156 331.369629 0.0 0.0 0.0 0.0 0.0 0.0 0.0 0.318273
Person 0.0 0 0.0 903.691406 788.774414 1078.183594 1055.874023 0.0 0.0 0.0 0.0 0.0 0.0 0.0 0.360264
Person 0.0 0 0.0 1806.328125 297.355957 1868.671875 435.651855 0.0 0.0 0.0 0.0 0.0 0.0 0.0 0.492188
Person 0.0 0 0.0 1170.527344 941.770020 1349.472656 1073.737793 0.0 0.0 0.0 0.0 0.0 0.0 0.0 0.526343
Person 0.0 0 0.0 1213.945312 100.129395 1304.179688 254.772949 0.0 0.0 0.0 0.0 0.0 0.0 0.0 0.621541
Person 0.0 0 0.0 424.218750 322.998047 566.718750 695.302734 0.0 0.0 0.0 0.0 0.0 0.0 0.0 0.874935
Person 0.0 0 0.0 1699.335938 524.838867 1908.164062 838.872070 0.0 0.0 0.0 0.0 0.0 0.0 0.0 0.882428
Person 0.0 0 0.0 692.607422 306.518555 797.080078 699.653320 0.0 0.0 0.0 0.0 0.0 0.0 0.0 0.901921
Person 0.0 0 0.0 471.035156 0.197754 533.964844 180.021973 0.0 0.0 0.0 0.0 0.0 0.0 0.0 0.923039
Person 0.0 0 0.0 1602.421875 871.765137 1825.078125 1073.078613 0.0 0.0 0.0 0.0 0.0 0.0 0.0 0.929951
Person 0.0 0 0.0 1073.789062 622.133789 1245.585938 965.170898 0.0 0.0 0.0 0.0 0.0 0.0 0.0 0.934155
Person 0.0 0 0.0 1783.769531 371.777344 1896.855469 619.628906 0.0 0.0 0.0 0.0 0.0 0.0 0.0 0.941439
Person 0.0 0 0.0 256.875000 360.307617 399.375000 679.614258 0.0 0.0 0.0 0.0 0.0 0.0 0.0 0.942082
Person 0.0 0 0.0 875.449219 360.307617 1004.238281 727.075195 0.0 0.0 0.0 0.0 0.0 0.0 0.0 0.947381
Person 0.0 0 0.0 767.929688 272.373047 916.757812 636.767578 0.0 0.0 0.0 0.0 0.0 0.0 0.0 0.950778
Person 0.0 0 0.0 971.718750 520.488281 1128.281250 879.082031 0.0 0.0 0.0 0.0 0.0 0.0 0.0 0.950960
Person 0.0 0 0.0 1161.166992 87.275391 1218.208008 295.839844 0.0 0.0 0.0 0.0 0.0 0.0 0.0 0.951863
Person 0.0 0 0.0 1195.488281 117.465820 1292.636719 341.323242 0.0 0.0 0.0 0.0 0.0 0.0 0.0 0.973241
