Person 0.0 0 0.0 394.511719 144.492188 488.144531 365.976562 0.0 0.0 0.0 0.0 0.0 0.0 0.0 0.326379
Person 0.0 0 0.0 1805.976562 919.687500 1918.000000 1074.726562 0.0 0.0 0.0 0.0 0.0 0.0 0.0 0.388618
Person 0.0 0 0.0 1882.133789 265.122070 1918.000000 361.889648 0.0 0.0 0.0 0.0 0.0 0.0 0.0 0.396068
Person 0.0 0 0.0 0.175781 917.644043 150.644531 1073.605957 0.0 0.0 0.0 0.0 0.0 0.0 0.0 0.425367
Person 0.0 0 0.0 1170.410156 942.330322 1349.589844 1074.232178 0.0 0.0 0.0 0.0 0.0 0.0 0.0 0.439747
Person 0.0 0 0.0 1665.527344 943.879395 1844.472656 1075.847168 0.0 0.0 0.0 0.0 0.0 0.0 0.0 0.595493
Person 0.0 0 0.0 1395.600586 94.921875 1452.524414 279.755859 0.0 0.0 0.0 0.0 0.0 0.0 0.0 0.806243
Person 0.0 0 0.0 1780.078125 311.066895 1898.671875 530.046387 0.0 0.0 0.0 0.0 0.0 0.0 0.0 0.889529
Person 0.0 0 0.0 404.589844 335.258789 559.160156 707.827148 0.0 0.0 0.0 0.0 0.0 0.0 0.0 0.890675
Person 0.0 0 0.0 1792.265625 361.691895 1914.609375 598.073730 0.0 0.0 0.0 0.0 0.0 0.0 0.0 0.905322
Person 0.0 0 0.0 750.234375 284.765625 866.015625 697.148438 0.0 0.0 0.0 0.0 0.0 0.0 0.0 0.916409
Person 0.0 0 0.0 864.257812 348.310547 986.367188 719.033203 0.0 0.0 0.0 0.0 0.0 0.0 0.0 0.924415
Person 0.0 0 0.0 1183.945312 117.070312 1281.679688 354.902344 0.0 0.0 0.0 0.0 0.0 0.0 0.0 0.928926
Person 0.0 0 0.0 637.851562 298.608398 746.835938 691.215820 0.0 0.0 0.0 0.0 0.0 0.0 0.0 0.933915
Person 0.0 0 0.0 1178.261719 352.792969 1373.613281 701.894531 0.0 0.0 0.0 0.0 0.0 0.0 0.0 0.941439
Person 0.0 0 0.0 222.480469 388.784180 400.488281 690.688477 0.0 0.0 0.0 0.0 0.0 0.0 0.0 0.953449
Person 0.0 0 0.0 923.027344 140.339355 998.847656 408.625488 0.0 0.0 0.0 0.0 0.0 0.0 0.0 0.955817
Person 0.0 0 0.0 1157.929688 91.757812 1221.445312 300.058594 0.0 0.0 0.0 0.0 0.0 0.0 0.0 0.968381
