Person 0.0 0 0.0 1170.703125 942.725830 1349.296875 1072.781982 0.0 0.0 0.0 0.0 0.0 0.0 0.0 0.359364
Person 0.0 0 0.0 1830.380859 915.798340 1918.000000 1074.396973 0.0 0.0 0.0 0.0 0.0 0.0 0.0 0.375706
Person 0.0 0 0.0 729.169922 236.645508 834.580078 604.995117 0.0 0.0 0.0 0.0 0.0 0.0 0.0 0.480479
Person 0.0 0 0.0 838.681641 138.625488 923.818359 399.265137 0.0 0.0 0.0 0.0 0.0 0.0 0.0 0.527317
Person 0.0 0 0.0 1689.843750 959.666748 1857.656250 1075.880127 0.0 0.0 0.0 0.0 0.0 0.0 0.0 0.685107
Person 0.0 0 0.0 716.953125 347.124023 874.921875 835.180664 0.0 0.0 0.0 0.0 0.0 0.0 0.0 0.862004
Person 0.0 0 0.0 346.289062 304.277344 553.710938 709.804688 0.0 0.0 0.0 0.0 0.0 0.0 0.0 0.888372
Person 0.0 0 0.0 1777.705078 307.045898 1895.419922 530.375977 0.0 0.0 0.0 0.0 0.0 0.0 0.0 0.894789
Person 0.0 0 0.0 1788.457031 365.119629 1909.042969 596.755371 0.0 0.0 0.0 0.0 0.0 0.0 0.0 0.896976
Person 0.0 0 0.0 1362.363281 121.750488 1438.886719 348.112793 0.0 0.0 0.0 0.0 0.0 0.0 0.0 0.900179
Person 0.0 0 0.0 230.332031 386.411133 396.386719 690.952148 0.0 0.0 0.0 0.0 0.0 0.0 0.0 0.909265
Person 0.0 0 0.0 1160.917969 621.342773 1374.082031 1042.954102 0.0 0.0 0.0 0.0 0.0 0.0 0.0 0.916708
Person 0.0 0 0.0 609.843750 271.186523 752.343750 688.579102 0.0 0.0 0.0 0.0 0.0 0.0 0.0 0.931711
Person 0.0 0 0.0 921.621094 295.444336 1054.628906 676.977539 0.0 0.0 0.0 0.0 0.0 0.0 0.0 0.932699
Person 0.0 0 0.0 858.574219 172.705078 938.613281 452.197266 0.0 0.0 0.0 0.0 0.0 0.0 0.0 0.947962
Person 0.0 0 0.0 503.056641 83.188477 581.630859 328.666992 0.0 0.0 0.0 0.0 0.0 0.0 0.0 0.953275
Person 0.0 0 0.0 1059.316406 28.608398 1125.058594 227.153320 0.0 0.0 0.0 0.0 0.0 0.0 0.0 0.954137
Person 0.0 0 0.0 1162.265625 92.680664 1235.859375 302.827148 0.0 0.0 0.0 0.0 0.0 0.0 0.0 0.958693
Person 0.0 0 0.0 1203.193359 123.200684 1303.681641 360.109863 0.0 0.0 0.0 0.0 0.0 0.0 0.0 0.959913
