Person 0.0 0 0.0 1824.492188 916.984863 1918.000000 1076.374512 0.0 0.0 0.0 0.0 0.0 0.0 0.0 0.330687
Person 0.0 0 0.0 1170.527344 942.330322 1349.472656 1074.232178 0.0 0.0 0.0 0.0 0.0 0.0 0.0 0.435902
Person 0.0 0 0.0 1801.347656 365.646973 1918.000000 596.755371 0.0 0.0 0.0 0.0 0.0 0.0 0.0 0.454230
Person 0.0 0 0.0 1670.156250 939.265137 1854.843750 1076.242676 0.0 0.0 0.0 0.0 0.0 0.0 0.0 0.673192
Person 0.0 0 0.0 355.546875 342.905273 550.546875 716.000977 0.0 0.0 0.0 0.0 0.0 0.0 0.0 0.835484
Person 0.0 0 0.0 879.169922 335.126953 984.580078 702.158203 0.0 0.0 0.0 0.0 0.0 0.0 0.0 0.904651
Person 0.0 0 0.0 663.925781 314.824219 784.511719 709.277344 0.0 0.0 0.0 0.0 0.0 0.0 0.0 0.906653
Person 0.0 0 0.0 77.695312 840.388184 311.132812 1073.869629 0.0 0.0 0.0 0.0 0.0 0.0 0.0 0.911495
Person 0.0 0 0.0 748.886719 240.864258 887.050781 621.342773 0.0 0.0 0.0 0.0 0.0 0.0 0.0 0.921922
Person 0.0 0 0.0 1782.070312 311.132812 1900.429688 536.835938 0.0 0.0 0.0 0.0 0.0 0.0 0.0 0.922203
Person 0.0 0 0.0 1323.339844 183.449707 1401.035156 368.151855 0.0 0.0 0.0 0.0 0.0 0.0 0.0 0.930711
Person 0.0 0 0.0 221.718750 393.398438 398.437500 689.765625 0.0 0.0 0.0 0.0 0.0 0.0 0.0 0.931960
Person 0.0 0 0.0 1274.531250 316.142578 1408.593750 662.080078 0.0 0.0 0.0 0.0 0.0 0.0 0.0 0.941654
Person 0.0 0 0.0 1196.923828 119.113770 1268.701172 353.122559 0.0 0.0 0.0 0.0 0.0 0.0 0.0 0.952574
Person 0.0 0 0.0 1157.958984 91.691895 1223.291016 299.860840 0.0 0.0 0.0 0.0 0.0 0.0 0.0 0.964589
