Person 0.0 0 0.0 1295.507812 684.096680 1449.492188 981.254883 0.0 0.0 0.0 0.0 0.0 0.0 0.0 0.354880
Person 0.0 0 0.0 395.566406 144.360352 489.902344 373.754883 0.0 0.0 0.0 0.0 0.0 0.0 0.0 0.367497
Person 0.0 0 0.0 1857.626953 218.287354 1914.873047 310.374756 0.0 0.0 0.0 0.0 0.0 0.0 0.0 0.370225
Person 0.0 0 0.0 1794.785156 367.822266 1918.000000 600.380859 0.0 0.0 0.0 0.0 0.0 0.0 0.0 0.398875
Person 0.0 0 0.0 1170.527344 944.274902 1353.222656 1075.451660 0.0 0.0 0.0 0.0 0.0 0.0 0.0 0.453262
Person 0.0 0 0.0 672.216797 142.514648 767.783203 398.012695 0.0 0.0 0.0 0.0 0.0 0.0 0.0 0.521471
Person 0.0 0 0.0 1375.341797 130.517578 1450.283203 354.638672 0.0 0.0 0.0 0.0 0.0 0.0 0.0 0.737914
Person 0.0 0 0.0 841.113281 136.186523 938.261719 409.086914 0.0 0.0 0.0 0.0 0.0 0.0 0.0 0.773216
Person 0.0 0 0.0 696.738281 578.496094 909.199219 1023.574219 0.0 0.0 0.0 0.0 0.0 0.0 0.0 0.858719
Person 0.0 0 0.0 357.070312 336.049805 550.429688 718.110352 0.0 0.0 0.0 0.0 0.0 0.0 0.0 0.886420
Person 0.0 0 0.0 903.251953 6.723633 947.373047 155.698242 0.0 0.0 0.0 0.0 0.0 0.0 0.0 0.888372
Person 0.0 0 0.0 211.523438 399.858398 393.632812 700.180664 0.0 0.0 0.0 0.0 0.0 0.0 0.0 0.894052
Person 0.0 0 0.0 1780.136719 310.144043 1907.988281 534.133301 0.0 0.0 0.0 0.0 0.0 0.0 0.0 0.910227
Person 0.0 0 0.0 1073.378906 539.472656 1302.246094 1009.863281 0.0 0.0 0.0 0.0 0.0 0.0 0.0 0.920504
Person 0.0 0 0.0 1087.500000 259.189453 1226.250000 586.142578 0.0 0.0 0.0 0.0 0.0 0.0 0.0 0.925230
Person 0.0 0 0.0 1219.570312 245.478516 1328.554688 557.138672 0.0 0.0 0.0 0.0 0.0 0.0 0.0 0.938350
Person 0.0 0 0.0 1203.134766 126.166992 1286.865234 327.348633 0.0 0.0 0.0 0.0 0.0 0.0 0.0 0.943556
Person 0.0 0 0.0 663.984375 295.576172 808.828125 619.365234 0.0 0.0 0.0 0.0 0.0 0.0 0.0 0.943764
Person 0.0 0 0.0 1171.933594 93.471680 1235.566406 272.504883 0.0 0.0 0.0 0.0 0.0 0.0 0.0 0.955817
Person 0.0 0 0.0 880.664062 171.123047 960.585938 462.216797 0.0 0.0 0.0 0.0 0.0 0.0 0.0 0.957437
