Person 0.0 0 0.0 1222.675781 942.758789 1406.074219 1074.858398 0.0 0.0 0.0 0.0 0.0 0.0 0.0 0.339828
Person 0.0 0 0.0 414.667969 87.572021 464.707031 213.013916 0.0 0.0 0.0 0.0 0.0 0.0 0.0 0.400749
Person 0.0 0 0.0 901.933594 789.038086 1053.691406 1065.102539 0.0 0.0 0.0 0.0 0.0 0.0 0.0 0.402627
Person 0.0 0 0.0 1220.214844 942.857666 1408.535156 1074.759521 0.0 0.0 0.0 0.0 0.0 0.0 0.0 0.403567
Person 0.0 0 0.0 1800.498047 914.743652 1918.000000 1077.561035 0.0 0.0 0.0 0.0 0.0 0.0 0.0 0.443600
Person 0.0 0 0.0 1336.699219 764.121094 1520.800781 1073.144531 0.0 0.0 0.0 0.0 0.0 0.0 0.0 0.670608
Person 0.0 0 0.0 1808.261719 369.997559 1918.000000 604.006348 0.0 0.0 0.0 0.0 0.0 0.0 0.0 0.776623
Person 0.0 0 0.0 1314.345703 203.686523 1404.404297 463.403320 0.0 0.0 0.0 0.0 0.0 0.0 0.0 0.849472
Person 0.0 0 0.0 879.843750 848.166504 1222.031250 1074.528809 0.0 0.0 0.0 0.0 0.0 0.0 0.0 0.849971
Person 0.0 0 0.0 309.785156 372.832031 502.089844 757.792969 0.0 0.0 0.0 0.0 0.0 0.0 0.0 0.895523
Person 0.0 0 0.0 166.054688 548.964844 355.664062 892.792969 0.0 0.0 0.0 0.0 0.0 0.0 0.0 0.897336
Person 0.0 0 0.0 1246.142578 161.235352 1333.857422 334.204102 0.0 0.0 0.0 0.0 0.0 0.0 0.0 0.938801
Person 0.0 0 0.0 847.382812 145.283203 956.367188 434.794922 0.0 0.0 0.0 0.0 0.0 0.0 0.0 0.940790
Person 0.0 0 0.0 1121.074219 38.825684 1187.050781 233.547363 0.0 0.0 0.0 0.0 0.0 0.0 0.0 0.944587
Person 0.0 0 0.0 618.750000 192.612305 765.937500 494.516602 0.0 0.0 0.0 0.0 0.0 0.0 0.0 0.954478
Person 0.0 0 0.0 695.859375 647.973633 960.703125 1074.331055 0.0 0.0 0.0 0.0 0.0 0.0 0.0 0.956309
Person 0.0 0 0.0 1166.894531 93.603516 1233.105469 304.013672 0.0 0.0 0.0 0.0 0.0 0.0 0.0 0.964722
Person 0.0 0 0.0 1780.400391 309.023438 1898.349609 535.781250 0.0 0.0 0.0 0.0 0.0 0.0 0.0 0.965119
Person 0.0 0 0.0 1185.380859 121.223145 1263.369141 355.759277 0.0 0.0 0.0 0.0 0.0 0.0 0.0 0.970688
Person 0.0 0 0.0 1170.117188 285.161133 1312.382812 640.327148 0.0 0.0 0.0 0.0 0.0 0.0 0.0 0.971564
