Person 0.0 0 0.0 906.093750 789.169922 1057.031250 1018.564453 0.0 0.0 0.0 0.0 0.0 0.0 0.0 0.428233
Person 0.0 0 0.0 1689.199219 996.943359 1875.175781 1075.517578 0.0 0.0 0.0 0.0 0.0 0.0 0.0 0.534127
Person 0.0 0 0.0 1264.248047 212.783203 1383.251953 520.751953 0.0 0.0 0.0 0.0 0.0 0.0 0.0 0.543832
Person 0.0 0 0.0 1171.347656 944.143066 1363.652344 1074.528809 0.0 0.0 0.0 0.0 0.0 0.0 0.0 0.589835
Person 0.0 0 0.0 1323.984375 768.076172 1520.390625 1073.408203 0.0 0.0 0.0 0.0 0.0 0.0 0.0 0.629775
Person 0.0 0 0.0 4.101562 678.691406 247.851562 989.824219 0.0 0.0 0.0 0.0 0.0 0.0 0.0 0.732592
Person 0.0 0 0.0 1330.107422 114.829102 1405.517578 257.739258 0.0 0.0 0.0 0.0 0.0 0.0 0.0 0.741674
Person 0.0 0 0.0 1804.716797 368.085938 1918.000000 601.171875 0.0 0.0 0.0 0.0 0.0 0.0 0.0 0.770465
Person 0.0 0 0.0 869.501953 122.871094 956.748047 411.328125 0.0 0.0 0.0 0.0 0.0 0.0 0.0 0.773216
Person 0.0 0 0.0 901.992188 916.457520 1138.007812 1073.737793 0.0 0.0 0.0 0.0 0.0 0.0 0.0 0.827828
Person 0.0 0 0.0 1781.074219 317.395020 1912.675781 537.429199 0.0 0.0 0.0 0.0 0.0 0.0 0.0 0.913058
Person 0.0 0 0.0 1197.714844 121.354980 1267.910156 322.141113 0.0 0.0 0.0 0.0 0.0 0.0 0.0 0.919643
Person 0.0 0 0.0 683.203125 591.152344 892.734375 1074.199219 0.0 0.0 0.0 0.0 0.0 0.0 0.0 0.936981
Person 0.0 0 0.0 1670.625000 606.577148 1895.625000 925.883789 0.0 0.0 0.0 0.0 0.0 0.0 0.0 0.939471
Person 0.0 0 0.0 853.183594 157.016602 940.253906 463.139648 0.0 0.0 0.0 0.0 0.0 0.0 0.0 0.951684
Person 0.0 0 0.0 1168.593750 270.659180 1302.656250 650.083008 0.0 0.0 0.0 0.0 0.0 0.0 0.0 0.952574
Person 0.0 0 0.0 22.382812 492.670898 277.382812 865.766602 0.0 0.0 0.0 0.0 0.0 0.0 0.0 0.953101
Person 0.0 0 0.0 553.974609 124.453125 657.275391 392.080078 0.0 0.0 0.0 0.0 0.0 0.0 0.0 0.956472
Person 0.0 0 0.0 1006.435547 99.931641 1108.564453 393.134766 0.0 0.0 0.0 0.0 0.0 0.0 0.0 0.960952
Person 0.0 0 0.0 1166.250000 93.405762 1237.500000 303.156738 0.0 0.0 0.0 0.0 0.0 0.0 0.0 0.964456
