Person 0.0 0 0.0 879.199219 112.060547 1006.113281 400.253906 0.0 0.0 0.0 0.0 0.0 0.0 0.0 0.420600
Person 0.0 0 0.0 1692.421875 989.989014 1873.828125 1075.089111 0.0 0.0 0.0 0.0 0.0 0.0 0.0 0.471710
Person 0.0 0 0.0 1171.464844 941.605225 1352.285156 1073.902588 0.0 0.0 0.0 0.0 0.0 0.0 0.0 0.492188
Person 0.0 0 0.0 1324.013672 106.655273 1394.736328 253.784180 0.0 0.0 0.0 0.0 0.0 0.0 0.0 0.524395
Person 0.0 0 0.0 1802.285156 366.306152 1918.000000 599.787598 0.0 0.0 0.0 0.0 0.0 0.0 0.0 0.584153
Person 0.0 0 0.0 1324.570312 756.342773 1542.304688 1073.540039 0.0 0.0 0.0 0.0 0.0 0.0 0.0 0.624294
Person 0.0 0 0.0 0.703125 698.598633 228.750000 1032.143555 0.0 0.0 0.0 0.0 0.0 0.0 0.0 0.843895
Person 0.0 0 0.0 1299.609375 207.312012 1391.015625 457.141113 0.0 0.0 0.0 0.0 0.0 0.0 0.0 0.863852
Person 0.0 0 0.0 688.535156 746.191406 887.402344 1074.199219 0.0 0.0 0.0 0.0 0.0 0.0 0.0 0.873647
Person 0.0 0 0.0 803.789062 536.176758 1068.398438 941.440430 0.0 0.0 0.0 0.0 0.0 0.0 0.0 0.914291
Person 0.0 0 0.0 21.152344 506.909180 259.863281 906.372070 0.0 0.0 0.0 0.0 0.0 0.0 0.0 0.918772
Person 0.0 0 0.0 1249.482422 197.094727 1328.642578 377.709961 0.0 0.0 0.0 0.0 0.0 0.0 0.0 0.929696
Person 0.0 0 0.0 1129.746094 311.132812 1304.003906 678.164062 0.0 0.0 0.0 0.0 0.0 0.0 0.0 0.942718
Person 0.0 0 0.0 891.064453 155.302734 1006.435547 446.396484 0.0 0.0 0.0 0.0 0.0 0.0 0.0 0.942929
Person 0.0 0 0.0 1782.480469 314.099121 1909.394531 538.088379 0.0 0.0 0.0 0.0 0.0 0.0 0.0 0.945197
Person 0.0 0 0.0 1671.445312 601.303711 1894.804688 925.883789 0.0 0.0 0.0 0.0 0.0 0.0 0.0 0.946001
Person 0.0 0 0.0 1011.210938 101.118164 1111.289062 392.739258 0.0 0.0 0.0 0.0 0.0 0.0 0.0 0.947186
Person 0.0 0 0.0 531.884766 134.143066 621.240234 383.972168 0.0 0.0 0.0 0.0 0.0 0.0 0.0 0.949106
Person 0.0 0 0.0 1166.015625 93.142090 1239.609375 303.420410 0.0 0.0 0.0 0.0 0.0 0.0 0.0 0.954308
Person 0.0 0 0.0 1178.496094 121.552734 1270.253906 359.121094 0.0 0.0 0.0 0.0 0.0 0.0 0.0 0.970465
