Person 0.0 0 0.0 394.804688 143.898926 487.382812 345.212402 0.0 0.0 0.0 0.0 0.0 0.0 0.0 0.326379
Person 0.0 0 0.0 1811.923828 919.885254 1918.000000 1074.528809 0.0 0.0 0.0 0.0 0.0 0.0 0.0 0.373876
Person 0.0 0 0.0 1170.527344 942.396240 1349.472656 1074.166260 0.0 0.0 0.0 0.0 0.0 0.0 0.0 0.429190
Person 0.0 0 0.0 1864.057617 246.796875 1918.000000 356.484375 0.0 0.0 0.0 0.0 0.0 0.0 0.0 0.578448
Person 0.0 0 0.0 1664.472656 943.516846 1843.652344 1076.209717 0.0 0.0 0.0 0.0 0.0 0.0 0.0 0.640636
Person 0.0 0 0.0 1397.285156 96.899414 1452.714844 276.196289 0.0 0.0 0.0 0.0 0.0 0.0 0.0 0.661923
Person 0.0 0 0.0 413.671875 320.756836 562.265625 708.618164 0.0 0.0 0.0 0.0 0.0 0.0 0.0 0.819893
Person 0.0 0 0.0 1792.441406 365.449219 1918.000000 598.535156 0.0 0.0 0.0 0.0 0.0 0.0 0.0 0.853425
Person 0.0 0 0.0 730.253906 296.103516 860.683594 696.884766 0.0 0.0 0.0 0.0 0.0 0.0 0.0 0.871912
Person 0.0 0 0.0 635.039062 296.499023 748.710938 690.688477 0.0 0.0 0.0 0.0 0.0 0.0 0.0 0.877056
Person 0.0 0 0.0 1170.351562 361.625977 1334.648438 721.538086 0.0 0.0 0.0 0.0 0.0 0.0 0.0 0.885235
Person 0.0 0 0.0 1780.576172 313.110352 1900.048828 532.221680 0.0 0.0 0.0 0.0 0.0 0.0 0.0 0.904313
Person 0.0 0 0.0 860.859375 346.728516 996.328125 718.505859 0.0 0.0 0.0 0.0 0.0 0.0 0.0 0.912748
Person 0.0 0 0.0 228.574219 385.620117 400.957031 690.161133 0.0 0.0 0.0 0.0 0.0 0.0 0.0 0.922203
Person 0.0 0 0.0 908.203125 139.680176 991.171875 407.702637 0.0 0.0 0.0 0.0 0.0 0.0 0.0 0.949295
Person 0.0 0 0.0 1157.929688 92.087402 1227.070312 299.992676 0.0 0.0 0.0 0.0 0.0 0.0 0.0 0.953449
Person 0.0 0 0.0 1198.242188 120.695801 1299.257812 354.177246 0.0 0.0 0.0 0.0 0.0 0.0 0.0 0.955651
