Person 0.0 0 0.0 1791.621094 916.984863 1918.000000 1077.429199 0.0 0.0 0.0 0.0 0.0 0.0 0.0 0.475605
Person 0.0 0 0.0 1177.734375 942.659912 1353.515625 1074.957275 0.0 0.0 0.0 0.0 0.0 0.0 0.0 0.507812
Person 0.0 0 0.0 1326.386719 760.297852 1517.988281 1073.803711 0.0 0.0 0.0 0.0 0.0 0.0 0.0 0.680029
Person 0.0 0 0.0 915.937500 872.556152 1174.687500 1074.396973 0.0 0.0 0.0 0.0 0.0 0.0 0.0 0.831691
Person 0.0 0 0.0 382.734375 339.873047 540.703125 719.560547 0.0 0.0 0.0 0.0 0.0 0.0 0.0 0.834946
Person 0.0 0 0.0 1794.492188 367.031250 1916.132812 598.007812 0.0 0.0 0.0 0.0 0.0 0.0 0.0 0.842345
Person 0.0 0 0.0 1235.800781 170.529785 1304.824219 313.308105 0.0 0.0 0.0 0.0 0.0 0.0 0.0 0.867036
Person 0.0 0 0.0 220.664062 440.200195 380.273438 790.620117 0.0 0.0 0.0 0.0 0.0 0.0 0.0 0.899828
Person 0.0 0 0.0 450.585938 79.035645 516.914062 310.671387 0.0 0.0 0.0 0.0 0.0 0.0 0.0 0.912436
Person 0.0 0 0.0 841.669922 134.077148 935.830078 429.653320 0.0 0.0 0.0 0.0 0.0 0.0 0.0 0.939471
Person 0.0 0 0.0 701.894531 646.655273 899.355469 1074.594727 0.0 0.0 0.0 0.0 0.0 0.0 0.0 0.942295
Person 0.0 0 0.0 847.851562 17.006836 909.023438 208.696289 0.0 0.0 0.0 0.0 0.0 0.0 0.0 0.944177
Person 0.0 0 0.0 670.371094 247.587891 820.253906 585.615234 0.0 0.0 0.0 0.0 0.0 0.0 0.0 0.951142
Person 0.0 0 0.0 1780.576172 309.550781 1900.048828 538.417969 0.0 0.0 0.0 0.0 0.0 0.0 0.0 0.952042
Person 0.0 0 0.0 937.587891 168.222656 1042.412109 462.480469 0.0 0.0 0.0 0.0 0.0 0.0 0.0 0.953275
Person 0.0 0 0.0 1177.148438 123.398438 1269.726562 352.265625 0.0 0.0 0.0 0.0 0.0 0.0 0.0 0.953966
Person 0.0 0 0.0 1299.609375 160.971680 1392.890625 431.235352 0.0 0.0 0.0 0.0 0.0 0.0 0.0 0.966028
Person 0.0 0 0.0 1169.296875 255.234375 1303.828125 604.863281 0.0 0.0 0.0 0.0 0.0 0.0 0.0 0.970013
Person 0.0 0 0.0 1166.601562 93.603516 1240.898438 304.013672 0.0 0.0 0.0 0.0 0.0 0.0 0.0 0.974821
Person 0.0 0 0.0 1003.945312 76.398926 1081.054688 345.739746 0.0 0.0 0.0 0.0 0.0 0.0 0.0 0.975202
