Person 0.0 0 0.0 394.599609 145.678711 488.056641 364.790039 0.0 0.0 0.0 0.0 0.0 0.0 0.0 0.304869
Person 0.0 0 0.0 1816.699219 919.753418 1918.000000 1073.605957 0.0 0.0 0.0 0.0 0.0 0.0 0.0 0.364778
Person 0.0 0 0.0 1171.816406 944.143066 1350.058594 1072.419434 0.0 0.0 0.0 0.0 0.0 0.0 0.0 0.383064
Person 0.0 0 0.0 1679.941406 951.163330 1856.308594 1075.946045 0.0 0.0 0.0 0.0 0.0 0.0 0.0 0.730290
Person 0.0 0 0.0 1787.519531 367.492676 1917.480469 598.073730 0.0 0.0 0.0 0.0 0.0 0.0 0.0 0.735642
Person 0.0 0 0.0 1234.028320 121.157227 1291.596680 355.825195 0.0 0.0 0.0 0.0 0.0 0.0 0.0 0.780662
Person 0.0 0 0.0 1186.186523 91.164551 1240.063477 221.022949 0.0 0.0 0.0 0.0 0.0 0.0 0.0 0.819316
Person 0.0 0 0.0 784.101562 489.375000 1023.398438 958.710938 0.0 0.0 0.0 0.0 0.0 0.0 0.0 0.827271
Person 0.0 0 0.0 734.765625 354.902344 892.734375 775.722656 0.0 0.0 0.0 0.0 0.0 0.0 0.0 0.880386
Person 0.0 0 0.0 379.101562 339.873047 544.804688 710.068359 0.0 0.0 0.0 0.0 0.0 0.0 0.0 0.889144
Person 0.0 0 0.0 840.791016 119.443359 913.271484 400.253906 0.0 0.0 0.0 0.0 0.0 0.0 0.0 0.891055
Person 0.0 0 0.0 1772.490234 296.696777 1891.259766 525.959473 0.0 0.0 0.0 0.0 0.0 0.0 0.0 0.897336
Person 0.0 0 0.0 1142.812500 181.274414 1260.937500 471.049805 0.0 0.0 0.0 0.0 0.0 0.0 0.0 0.916708
Person 0.0 0 0.0 261.445312 361.494141 397.148438 686.337891 0.0 0.0 0.0 0.0 0.0 0.0 0.0 0.920790
Person 0.0 0 0.0 1166.132812 680.537109 1363.242188 1064.970703 0.0 0.0 0.0 0.0 0.0 0.0 0.0 0.930458
Person 0.0 0 0.0 967.089844 60.644531 1037.285156 302.958984 0.0 0.0 0.0 0.0 0.0 0.0 0.0 0.933188
Person 0.0 0 0.0 977.226562 295.971680 1113.398438 659.047852 0.0 0.0 0.0 0.0 0.0 0.0 0.0 0.935110
Person 0.0 0 0.0 633.867188 178.374023 741.445312 545.141602 0.0 0.0 0.0 0.0 0.0 0.0 0.0 0.937440
Person 0.0 0 0.0 880.488281 164.794922 963.574219 460.107422 0.0 0.0 0.0 0.0 0.0 0.0 0.0 0.946399
