Person 0.0 0 0.0 1787.285156 362.548828 1917.714844 592.470703 0.0 0.0 0.0 0.0 0.0 0.0 0.0 0.301568
Person 0.0 0 0.0 1880.903320 285.358887 1918.000000 366.965332 0.0 0.0 0.0 0.0 0.0 0.0 0.0 0.335895
Person 0.0 0 0.0 394.980469 144.558105 488.613281 369.865723 0.0 0.0 0.0 0.0 0.0 0.0 0.0 0.380299
Person 0.0 0 0.0 1813.564453 920.939941 1918.000000 1073.474121 0.0 0.0 0.0 0.0 0.0 0.0 0.0 0.381220
Person 0.0 0 0.0 1170.703125 942.330322 1349.296875 1074.232178 0.0 0.0 0.0 0.0 0.0 0.0 0.0 0.426322
Person 0.0 0 0.0 1665.644531 950.306396 1849.980469 1075.748291 0.0 0.0 0.0 0.0 0.0 0.0 0.0 0.600188
Person 0.0 0 0.0 714.257812 335.917969 885.117188 768.339844 0.0 0.0 0.0 0.0 0.0 0.0 0.0 0.854885
Person 0.0 0 0.0 1365.322266 117.861328 1443.427734 335.654297 0.0 0.0 0.0 0.0 0.0 0.0 0.0 0.868381
Person 0.0 0 0.0 908.964844 495.043945 1072.910156 912.963867 0.0 0.0 0.0 0.0 0.0 0.0 0.0 0.885632
Person 0.0 0 0.0 231.328125 390.366211 401.015625 690.688477 0.0 0.0 0.0 0.0 0.0 0.0 0.0 0.911810
Person 0.0 0 0.0 632.988281 282.788086 741.386719 689.633789 0.0 0.0 0.0 0.0 0.0 0.0 0.0 0.914596
Person 0.0 0 0.0 869.736328 290.961914 972.451172 655.620117 0.0 0.0 0.0 0.0 0.0 0.0 0.0 0.917303
Person 0.0 0 0.0 377.050781 340.004883 555.292969 712.573242 0.0 0.0 0.0 0.0 0.0 0.0 0.0 0.918187
Person 0.0 0 0.0 1156.523438 91.757812 1222.851562 300.058594 0.0 0.0 0.0 0.0 0.0 0.0 0.0 0.935346
Person 0.0 0 0.0 1782.128906 303.288574 1896.621094 551.535645 0.0 0.0 0.0 0.0 0.0 0.0 0.0 0.938350
Person 0.0 0 0.0 1175.683594 122.277832 1299.316406 352.331543 0.0 0.0 0.0 0.0 0.0 0.0 0.0 0.946200
Person 0.0 0 0.0 908.378906 139.086914 985.371094 369.008789 0.0 0.0 0.0 0.0 0.0 0.0 0.0 0.953101
