Person 0.0 0 0.0 397.148438 143.239746 487.382812 326.096191 0.0 0.0 0.0 0.0 0.0 0.0 0.0 0.342022
Person 0.0 0 0.0 1827.597656 948.559570 1918.000000 1076.440430 0.0 0.0 0.0 0.0 0.0 0.0 0.0 0.414899
Person 0.0 0 0.0 1170.703125 942.297363 1349.296875 1075.319824 0.0 0.0 0.0 0.0 0.0 0.0 0.0 0.467818
Person 0.0 0 0.0 1691.308594 879.147949 1839.316406 1074.133301 0.0 0.0 0.0 0.0 0.0 0.0 0.0 0.500000
Person 0.0 0 0.0 0.527344 637.163086 137.753906 960.688477 0.0 0.0 0.0 0.0 0.0 0.0 0.0 0.586996
Person 0.0 0 0.0 1376.542969 129.990234 1445.332031 378.105469 0.0 0.0 0.0 0.0 0.0 0.0 0.0 0.674908
Person 0.0 0 0.0 1719.257812 484.497070 1908.867188 843.354492 0.0 0.0 0.0 0.0 0.0 0.0 0.0 0.702530
Person 0.0 0 0.0 831.621094 249.038086 968.378906 615.805664 0.0 0.0 0.0 0.0 0.0 0.0 0.0 0.864310
Person 0.0 0 0.0 429.082031 320.493164 582.480469 697.807617 0.0 0.0 0.0 0.0 0.0 0.0 0.0 0.873215
Person 0.0 0 0.0 1073.320312 668.671875 1246.054688 965.039062 0.0 0.0 0.0 0.0 0.0 0.0 0.0 0.913368
Person 0.0 0 0.0 981.855469 507.436523 1135.019531 875.258789 0.0 0.0 0.0 0.0 0.0 0.0 0.0 0.917893
Person 0.0 0 0.0 471.416016 0.000000 536.396484 180.285645 0.0 0.0 0.0 0.0 0.0 0.0 0.0 0.920218
Person 0.0 0 0.0 1149.580078 83.188477 1205.419922 289.116211 0.0 0.0 0.0 0.0 0.0 0.0 0.0 0.924142
Person 0.0 0 0.0 692.578125 301.113281 811.171875 698.730469 0.0 0.0 0.0 0.0 0.0 0.0 0.0 0.930962
Person 0.0 0 0.0 866.191406 370.195312 990.058594 744.609375 0.0 0.0 0.0 0.0 0.0 0.0 0.0 0.937440
Person 0.0 0 0.0 247.265625 366.503906 386.015625 699.785156 0.0 0.0 0.0 0.0 0.0 0.0 0.0 0.940353
Person 0.0 0 0.0 1009.511719 36.914062 1075.488281 217.529297 0.0 0.0 0.0 0.0 0.0 0.0 0.0 0.955319
Person 0.0 0 0.0 1186.201172 110.478516 1290.673828 337.763672 0.0 0.0 0.0 0.0 0.0 0.0 0.0 0.956634
