Person 0.0 0 0.0 395.273438 144.624023 487.382812 364.790039 0.0 0.0 0.0 0.0 0.0 0.0 0.0 0.334589
Person 0.0 0 0.0 1801.025391 366.240234 1918.000000 595.634766 0.0 0.0 0.0 0.0 0.0 0.0 0.0 0.397938
Person 0.0 0 0.0 1170.878906 942.857666 1349.121094 1074.759521 0.0 0.0 0.0 0.0 0.0 0.0 0.0 0.455199
Person 0.0 0 0.0 1670.449219 937.221680 1854.550781 1075.122070 0.0 0.0 0.0 0.0 0.0 0.0 0.0 0.680879
Person 0.0 0 0.0 669.257812 325.502930 766.054688 710.200195 0.0 0.0 0.0 0.0 0.0 0.0 0.0 0.867036
Person 0.0 0 0.0 76.699219 840.058594 310.722656 1074.199219 0.0 0.0 0.0 0.0 0.0 0.0 0.0 0.901227
Person 0.0 0 0.0 405.351562 341.323242 547.148438 711.254883 0.0 0.0 0.0 0.0 0.0 0.0 0.0 0.904651
Person 0.0 0 0.0 873.691406 335.126953 980.683594 702.158203 0.0 0.0 0.0 0.0 0.0 0.0 0.0 0.912124
Person 0.0 0 0.0 744.140625 243.369141 883.359375 621.474609 0.0 0.0 0.0 0.0 0.0 0.0 0.0 0.919063
Person 0.0 0 0.0 1782.070312 313.242188 1900.429688 543.164062 0.0 0.0 0.0 0.0 0.0 0.0 0.0 0.926570
Person 0.0 0 0.0 230.976562 392.343750 398.554688 689.765625 0.0 0.0 0.0 0.0 0.0 0.0 0.0 0.940572
Person 0.0 0 0.0 1274.414062 316.406250 1410.585938 664.453125 0.0 0.0 0.0 0.0 0.0 0.0 0.0 0.949669
Person 0.0 0 0.0 1156.875000 91.889648 1224.375000 300.190430 0.0 0.0 0.0 0.0 0.0 0.0 0.0 0.958693
Person 0.0 0 0.0 1198.300781 120.300293 1295.449219 354.309082 0.0 0.0 0.0 0.0 0.0 0.0 0.0 0.969785
