Person 0.0 0 0.0 844.277344 139.284668 925.722656 224.846191 0.0 0.0 0.0 0.0 0.0 0.0 0.0 0.335895
Person 0.0 0 0.0 1827.773438 915.996094 1918.000000 1073.144531 0.0 0.0 0.0 0.0 0.0 0.0 0.0 0.336331
Person 0.0 0 0.0 1171.171875 941.802979 1348.828125 1070.540771 0.0 0.0 0.0 0.0 0.0 0.0 0.0 0.384912
Person 0.0 0 0.0 1384.248047 123.233643 1441.376953 219.012451 0.0 0.0 0.0 0.0 0.0 0.0 0.0 0.397003
Person 0.0 0 0.0 760.986328 237.700195 871.201172 422.534180 0.0 0.0 0.0 0.0 0.0 0.0 0.0 0.460046
Person 0.0 0 0.0 1696.289062 961.545410 1860.585938 1074.001465 0.0 0.0 0.0 0.0 0.0 0.0 0.0 0.646906
Person 0.0 0 0.0 1336.992188 180.549316 1432.382812 416.403809 0.0 0.0 0.0 0.0 0.0 0.0 0.0 0.779993
Person 0.0 0 0.0 724.863281 341.718750 895.136719 835.312500 0.0 0.0 0.0 0.0 0.0 0.0 0.0 0.835484
Person 0.0 0 0.0 575.507812 241.787109 729.492188 626.748047 0.0 0.0 0.0 0.0 0.0 0.0 0.0 0.861538
Person 0.0 0 0.0 1777.734375 302.036133 1899.140625 525.366211 0.0 0.0 0.0 0.0 0.0 0.0 0.0 0.871475
Person 0.0 0 0.0 252.187500 365.712891 396.562500 688.974609 0.0 0.0 0.0 0.0 0.0 0.0 0.0 0.872347
Person 0.0 0 0.0 359.824219 326.689453 555.175781 709.013672 0.0 0.0 0.0 0.0 0.0 0.0 0.0 0.874077
Person 0.0 0 0.0 862.792969 171.254883 943.769531 454.174805 0.0 0.0 0.0 0.0 0.0 0.0 0.0 0.880386
Person 0.0 0 0.0 1787.255859 366.240234 1906.494141 597.744141 0.0 0.0 0.0 0.0 0.0 0.0 0.0 0.901227
Person 0.0 0 0.0 928.476562 299.135742 1068.398438 675.395508 0.0 0.0 0.0 0.0 0.0 0.0 0.0 0.903294
Person 0.0 0 0.0 1033.916016 34.145508 1105.458984 229.394531 0.0 0.0 0.0 0.0 0.0 0.0 0.0 0.918187
Person 0.0 0 0.0 492.597656 80.419922 580.839844 328.271484 0.0 0.0 0.0 0.0 0.0 0.0 0.0 0.923316
Person 0.0 0 0.0 1165.019531 631.362305 1381.230469 1064.575195 0.0 0.0 0.0 0.0 0.0 0.0 0.0 0.928149
Person 0.0 0 0.0 1162.500000 93.867188 1230.000000 302.695312 0.0 0.0 0.0 0.0 0.0 0.0 0.0 0.940572
Person 0.0 0 0.0 1201.201172 125.244141 1288.798828 365.976562 0.0 0.0 0.0 0.0 0.0 0.0 0.0 0.942082
