Person 0.0 0 0.0 1830.732422 960.952148 1918.000000 1074.594727 0.0 0.0 0.0 0.0 0.0 0.0 0.0 0.323808
Person 0.0 0 0.0 1368.779297 142.119141 1443.720703 375.732422 0.0 0.0 0.0 0.0 0.0 0.0 0.0 0.351311
Person 0.0 0 0.0 395.126953 144.624023 487.529297 325.502930 0.0 0.0 0.0 0.0 0.0 0.0 0.0 0.379378
Person 0.0 0 0.0 1170.703125 941.835938 1349.296875 1074.726562 0.0 0.0 0.0 0.0 0.0 0.0 0.0 0.500977
Person 0.0 0 0.0 0.263672 582.583008 111.650391 892.924805 0.0 0.0 0.0 0.0 0.0 0.0 0.0 0.574633
Person 0.0 0 0.0 1214.003906 101.513672 1309.746094 263.408203 0.0 0.0 0.0 0.0 0.0 0.0 0.0 0.649579
Person 0.0 0 0.0 415.664062 307.968750 560.273438 700.312500 0.0 0.0 0.0 0.0 0.0 0.0 0.0 0.808067
Person 0.0 0 0.0 831.621094 242.709961 962.753906 617.915039 0.0 0.0 0.0 0.0 0.0 0.0 0.0 0.815233
Person 0.0 0 0.0 1682.050781 884.619141 1841.074219 1072.880859 0.0 0.0 0.0 0.0 0.0 0.0 0.0 0.845433
Person 0.0 0 0.0 706.728516 303.090820 797.958984 699.389648 0.0 0.0 0.0 0.0 0.0 0.0 0.0 0.884039
Person 0.0 0 0.0 244.042969 367.294922 392.050781 697.412109 0.0 0.0 0.0 0.0 0.0 0.0 0.0 0.904987
Person 0.0 0 0.0 471.503906 0.000000 534.433594 179.758301 0.0 0.0 0.0 0.0 0.0 0.0 0.0 0.907640
Person 0.0 0 0.0 874.218750 365.976562 1037.343750 744.609375 0.0 0.0 0.0 0.0 0.0 0.0 0.0 0.914901
Person 0.0 0 0.0 1717.968750 478.564453 1885.781250 836.630859 0.0 0.0 0.0 0.0 0.0 0.0 0.0 0.925500
Person 0.0 0 0.0 1073.027344 599.721680 1244.472656 964.379883 0.0 0.0 0.0 0.0 0.0 0.0 0.0 0.952220
Person 0.0 0 0.0 1191.796875 122.080078 1313.203125 339.082031 0.0 0.0 0.0 0.0 0.0 0.0 0.0 0.955981
