Person 0.0 0 0.0 11.425781 982.705078 223.183594 1073.935547 0.0 0.0 0.0 0.0 0.0 0.0 0.0 0.467818
Person 0.0 0 0.0 1170.878906 942.758789 1349.121094 1074.858398 0.0 0.0 0.0 0.0 0.0 0.0 0.0 0.538983
Person 0.0 0 0.0 1656.562500 936.232910 1851.562500 1075.056152 0.0 0.0 0.0 0.0 0.0 0.0 0.0 0.806853
Person 0.0 0 0.0 419.003906 323.393555 571.933594 703.344727 0.0 0.0 0.0 0.0 0.0 0.0 0.0 0.844922
Person 0.0 0 0.0 1775.097656 365.778809 1913.027344 587.131348 0.0 0.0 0.0 0.0 0.0 0.0 0.0 0.863852
Person 0.0 0 0.0 670.546875 318.120117 784.453125 702.817383 0.0 0.0 0.0 0.0 0.0 0.0 0.0 0.878731
Person 0.0 0 0.0 1780.781250 309.023438 1901.718750 528.398438 0.0 0.0 0.0 0.0 0.0 0.0 0.0 0.908618
Person 0.0 0 0.0 111.445312 554.765625 371.367188 911.250000 0.0 0.0 0.0 0.0 0.0 0.0 0.0 0.921640
Person 0.0 0 0.0 409.628906 15.227051 472.558594 203.488770 0.0 0.0 0.0 0.0 0.0 0.0 0.0 0.931213
Person 0.0 0 0.0 871.464844 354.638672 958.535156 702.158203 0.0 0.0 0.0 0.0 0.0 0.0 0.0 0.931711
Person 0.0 0 0.0 259.628906 354.111328 428.027344 651.533203 0.0 0.0 0.0 0.0 0.0 0.0 0.0 0.932453
Person 0.0 0 0.0 693.867188 689.765625 854.882812 1074.726562 0.0 0.0 0.0 0.0 0.0 0.0 0.0 0.944995
Person 0.0 0 0.0 757.441406 255.761719 915.058594 638.085938 0.0 0.0 0.0 0.0 0.0 0.0 0.0 0.946001
Person 0.0 0 0.0 1291.875000 323.393555 1436.250000 689.106445 0.0 0.0 0.0 0.0 0.0 0.0 0.0 0.950595
Person 0.0 0 0.0 1231.083984 123.859863 1313.291016 361.823730 0.0 0.0 0.0 0.0 0.0 0.0 0.0 0.953622
Person 0.0 0 0.0 1158.193359 89.516602 1226.806641 299.399414 0.0 0.0 0.0 0.0 0.0 0.0 0.0 0.962108
Person 0.0 0 0.0 1224.536133 65.456543 1276.713867 246.467285 0.0 0.0 0.0 0.0 0.0 0.0 0.0 0.962673
