Person 0.0 0 0.0 1855.048828 282.590332 1918.000000 367.097168 0.0 0.0 0.0 0.0 0.0 0.0 0.0 0.357568
Person 0.0 0 0.0 394.248047 144.294434 488.408203 367.756348 0.0 0.0 0.0 0.0 0.0 0.0 0.0 0.379378
Person 0.0 0 0.0 1813.359375 919.951172 1918.000000 1073.408203 0.0 0.0 0.0 0.0 0.0 0.0 0.0 0.393268
Person 0.0 0 0.0 1170.527344 942.000732 1349.472656 1073.507080 0.0 0.0 0.0 0.0 0.0 0.0 0.0 0.402627
Person 0.0 0 0.0 1787.753906 360.439453 1918.000000 592.470703 0.0 0.0 0.0 0.0 0.0 0.0 0.0 0.453262
Person 0.0 0 0.0 1668.574219 955.909424 1854.550781 1075.418701 0.0 0.0 0.0 0.0 0.0 0.0 0.0 0.510741
Person 0.0 0 0.0 722.402344 340.927734 893.847656 715.341797 0.0 0.0 0.0 0.0 0.0 0.0 0.0 0.643329
Person 0.0 0 0.0 1784.003906 313.637695 1915.371094 536.440430 0.0 0.0 0.0 0.0 0.0 0.0 0.0 0.710628
Person 0.0 0 0.0 659.355469 547.646484 845.332031 979.541016 0.0 0.0 0.0 0.0 0.0 0.0 0.0 0.881615
Person 0.0 0 0.0 880.166016 296.630859 962.958984 648.896484 0.0 0.0 0.0 0.0 0.0 0.0 0.0 0.907640
Person 0.0 0 0.0 368.378906 336.577148 555.996094 709.672852 0.0 0.0 0.0 0.0 0.0 0.0 0.0 0.910227
Person 0.0 0 0.0 1335.234375 113.774414 1417.265625 331.040039 0.0 0.0 0.0 0.0 0.0 0.0 0.0 0.913368
Person 0.0 0 0.0 226.640625 390.234375 401.484375 690.820312 0.0 0.0 0.0 0.0 0.0 0.0 0.0 0.926570
Person 0.0 0 0.0 628.300781 282.919922 745.136719 687.392578 0.0 0.0 0.0 0.0 0.0 0.0 0.0 0.946597
Person 0.0 0 0.0 1185.380859 119.575195 1283.994141 352.133789 0.0 0.0 0.0 0.0 0.0 0.0 0.0 0.957118
Person 0.0 0 0.0 1157.636719 91.955566 1223.613281 300.124512 0.0 0.0 0.0 0.0 0.0 0.0 0.0 0.958847
Person 0.0 0 0.0 904.130859 137.834473 985.869141 387.663574 0.0 0.0 0.0 0.0 0.0 0.0 0.0 0.968856
