Person 0.0 0 0.0 395.537109 140.800781 488.994141 368.085938 0.0 0.0 0.0 0.0 0.0 0.0 0.0 0.439747
Person 0.0 0 0.0 1377.568359 142.646484 1444.306641 369.404297 0.0 0.0 0.0 0.0 0.0 0.0 0.0 0.480479
Person 0.0 0 0.0 1170.410156 942.297363 1349.589844 1075.319824 0.0 0.0 0.0 0.0 0.0 0.0 0.0 0.510741
Person 0.0 0 0.0 1813.271484 483.112793 1918.000000 710.793457 0.0 0.0 0.0 0.0 0.0 0.0 0.0 0.567937
Person 0.0 0 0.0 0.410156 639.140625 137.636719 960.820312 0.0 0.0 0.0 0.0 0.0 0.0 0.0 0.598312
Person 0.0 0 0.0 406.816406 340.136719 568.183594 714.023438 0.0 0.0 0.0 0.0 0.0 0.0 0.0 0.880386
Person 0.0 0 0.0 1081.757812 484.233398 1241.367188 846.782227 0.0 0.0 0.0 0.0 0.0 0.0 0.0 0.883236
Person 0.0 0 0.0 471.972656 0.000000 535.839844 179.626465 0.0 0.0 0.0 0.0 0.0 0.0 0.0 0.897336
Person 0.0 0 0.0 1627.734375 889.035645 1848.515625 1076.901855 0.0 0.0 0.0 0.0 0.0 0.0 0.0 0.908942
Person 0.0 0 0.0 227.812500 585.351562 440.625000 981.914062 0.0 0.0 0.0 0.0 0.0 0.0 0.0 0.924415
Person 0.0 0 0.0 1148.935547 84.177246 1207.939453 288.918457 0.0 0.0 0.0 0.0 0.0 0.0 0.0 0.926835
Person 0.0 0 0.0 878.320312 364.262695 1022.929688 737.885742 0.0 0.0 0.0 0.0 0.0 0.0 0.0 0.931711
Person 0.0 0 0.0 694.394531 311.132812 809.355469 718.242188 0.0 0.0 0.0 0.0 0.0 0.0 0.0 0.933915
Person 0.0 0 0.0 1072.089844 657.729492 1254.785156 964.379883 0.0 0.0 0.0 0.0 0.0 0.0 0.0 0.944382
Person 0.0 0 0.0 825.292969 268.549805 992.519531 649.028320 0.0 0.0 0.0 0.0 0.0 0.0 0.0 0.946200
Person 0.0 0 0.0 248.496094 368.085938 385.253906 697.148438 0.0 0.0 0.0 0.0 0.0 0.0 0.0 0.947962
Person 0.0 0 0.0 853.886719 29.465332 917.988281 206.652832 0.0 0.0 0.0 0.0 0.0 0.0 0.0 0.952574
Person 0.0 0 0.0 1185.644531 114.565430 1298.730469 337.895508 0.0 0.0 0.0 0.0 0.0 0.0 0.0 0.960805
