Person 0.0 0 0.0 1787.988281 360.439453 1917.011719 591.943359 0.0 0.0 0.0 0.0 0.0 0.0 0.0 0.318273
Person 0.0 0 0.0 1811.748047 920.280762 1918.000000 1074.133301 0.0 0.0 0.0 0.0 0.0 0.0 0.0 0.421552
Person 0.0 0 0.0 1170.527344 942.692871 1349.472656 1074.924316 0.0 0.0 0.0 0.0 0.0 0.0 0.0 0.442636
Person 0.0 0 0.0 1396.699219 90.505371 1447.675781 259.387207 0.0 0.0 0.0 0.0 0.0 0.0 0.0 0.534127
Person 0.0 0 0.0 0.351562 614.882812 188.320312 890.156250 0.0 0.0 0.0 0.0 0.0 0.0 0.0 0.590779
Person 0.0 0 0.0 1668.398438 955.480957 1854.726562 1074.792480 0.0 0.0 0.0 0.0 0.0 0.0 0.0 0.699254
Person 0.0 0 0.0 1786.640625 309.353027 1905.234375 542.307129 0.0 0.0 0.0 0.0 0.0 0.0 0.0 0.733356
Person 0.0 0 0.0 703.476562 335.258789 864.023438 766.889648 0.0 0.0 0.0 0.0 0.0 0.0 0.0 0.860134
Person 0.0 0 0.0 870.791016 317.329102 986.396484 679.877930 0.0 0.0 0.0 0.0 0.0 0.0 0.0 0.913984
Person 0.0 0 0.0 660.966797 305.068359 761.220703 681.591797 0.0 0.0 0.0 0.0 0.0 0.0 0.0 0.926570
Person 0.0 0 0.0 223.066406 391.618652 400.371094 644.084473 0.0 0.0 0.0 0.0 0.0 0.0 0.0 0.932944
Person 0.0 0 0.0 1333.740234 114.763184 1420.634766 331.369629 0.0 0.0 0.0 0.0 0.0 0.0 0.0 0.938350
Person 0.0 0 0.0 306.562500 603.808594 571.406250 1025.683594 0.0 0.0 0.0 0.0 0.0 0.0 0.0 0.945399
Person 0.0 0 0.0 378.925781 334.467773 553.417969 707.563477 0.0 0.0 0.0 0.0 0.0 0.0 0.0 0.948346
Person 0.0 0 0.0 911.308594 138.098145 987.128906 370.524902 0.0 0.0 0.0 0.0 0.0 0.0 0.0 0.960805
Person 0.0 0 0.0 1183.125000 122.343750 1305.000000 352.265625 0.0 0.0 0.0 0.0 0.0 0.0 0.0 0.964589
Person 0.0 0 0.0 1157.607422 91.494141 1233.017578 300.585938 0.0 0.0 0.0 0.0 0.0 0.0 0.0 0.972831
