Person 0.0 0 0.0 651.416016 190.634766 758.583984 502.294922 0.0 0.0 0.0 0.0 0.0 0.0 0.0 0.312790
Person 0.0 0 0.0 1173.691406 944.505615 1348.183594 1075.220947 0.0 0.0 0.0 0.0 0.0 0.0 0.0 0.392337
Person 0.0 0 0.0 1107.626953 229.130859 1181.748047 415.810547 0.0 0.0 0.0 0.0 0.0 0.0 0.0 0.433022
Person 0.0 0 0.0 1794.316406 367.756348 1918.000000 596.228027 0.0 0.0 0.0 0.0 0.0 0.0 0.0 0.465873
Person 0.0 0 0.0 651.562500 191.096191 750.937500 420.095215 0.0 0.0 0.0 0.0 0.0 0.0 0.0 0.471710
Person 0.0 0 0.0 1685.097656 954.755859 1858.652344 1075.517578 0.0 0.0 0.0 0.0 0.0 0.0 0.0 0.619701
Person 0.0 0 0.0 1054.570312 130.385742 1142.929688 320.756836 0.0 0.0 0.0 0.0 0.0 0.0 0.0 0.627038
Person 0.0 0 0.0 766.523438 505.327148 1010.976562 991.274414 0.0 0.0 0.0 0.0 0.0 0.0 0.0 0.800692
Person 0.0 0 0.0 1174.921875 703.740234 1395.703125 1069.189453 0.0 0.0 0.0 0.0 0.0 0.0 0.0 0.857768
Person 0.0 0 0.0 1026.269531 282.260742 1158.105469 647.446289 0.0 0.0 0.0 0.0 0.0 0.0 0.0 0.896251
Person 0.0 0 0.0 869.414062 164.926758 956.835938 459.448242 0.0 0.0 0.0 0.0 0.0 0.0 0.0 0.896614
Person 0.0 0 0.0 349.863281 328.798828 551.542969 711.123047 0.0 0.0 0.0 0.0 0.0 0.0 0.0 0.904987
Person 0.0 0 0.0 216.093750 400.385742 393.750000 700.708008 0.0 0.0 0.0 0.0 0.0 0.0 0.0 0.910545
Person 0.0 0 0.0 669.082031 379.819336 799.980469 807.758789 0.0 0.0 0.0 0.0 0.0 0.0 0.0 0.914596
Person 0.0 0 0.0 1200.937500 121.684570 1283.437500 364.526367 0.0 0.0 0.0 0.0 0.0 0.0 0.0 0.920504
Person 0.0 0 0.0 1771.289062 314.824219 1907.460938 541.054688 0.0 0.0 0.0 0.0 0.0 0.0 0.0 0.922482
Person 0.0 0 0.0 842.373047 138.823242 910.751953 400.385742 0.0 0.0 0.0 0.0 0.0 0.0 0.0 0.930962
Person 0.0 0 0.0 1173.222656 94.130859 1236.152344 300.585938 0.0 0.0 0.0 0.0 0.0 0.0 0.0 0.952220
