Person 0.0 0 0.0 1785.351562 575.859375 1918.000000 891.210938 0.0 0.0 0.0 0.0 0.0 0.0 0.0 0.357568
Person 0.0 0 0.0 1170.527344 942.066650 1349.472656 1074.495850 0.0 0.0 0.0 0.0 0.0 0.0 0.0 0.433981
Person 0.0 0 0.0 0.527344 632.812500 137.988281 960.820312 0.0 0.0 0.0 0.0 0.0 0.0 0.0 0.493164
Person 0.0 0 0.0 1797.304688 441.848145 1918.000000 692.995605 0.0 0.0 0.0 0.0 0.0 0.0 0.0 0.627951
Person 0.0 0 0.0 1376.367188 130.451660 1445.507812 379.226074 0.0 0.0 0.0 0.0 0.0 0.0 0.0 0.654895
Person 0.0 0 0.0 1632.656250 888.706055 1849.218750 1075.122070 0.0 0.0 0.0 0.0 0.0 0.0 0.0 0.883236
Person 0.0 0 0.0 849.902344 251.147461 980.097656 617.915039 0.0 0.0 0.0 0.0 0.0 0.0 0.0 0.888759
Person 0.0 0 0.0 470.947266 0.000000 535.927734 180.219727 0.0 0.0 0.0 0.0 0.0 0.0 0.0 0.917598
Person 0.0 0 0.0 248.964844 367.558594 386.191406 701.894531 0.0 0.0 0.0 0.0 0.0 0.0 0.0 0.920504
Person 0.0 0 0.0 357.890625 342.246094 537.421875 701.367188 0.0 0.0 0.0 0.0 0.0 0.0 0.0 0.923316
Person 0.0 0 0.0 1073.847656 669.199219 1249.277344 965.566406 0.0 0.0 0.0 0.0 0.0 0.0 0.0 0.926570
Person 0.0 0 0.0 872.050781 366.899414 991.699219 744.741211 0.0 0.0 0.0 0.0 0.0 0.0 0.0 0.944587
Person 0.0 0 0.0 688.183594 304.672852 809.003906 717.846680 0.0 0.0 0.0 0.0 0.0 0.0 0.0 0.944995
Person 0.0 0 0.0 1149.594727 84.177246 1207.280273 289.182129 0.0 0.0 0.0 0.0 0.0 0.0 0.0 0.946200
Person 0.0 0 0.0 939.169922 29.201660 982.705078 204.543457 0.0 0.0 0.0 0.0 0.0 0.0 0.0 0.951684
Person 0.0 0 0.0 1055.917969 484.365234 1203.457031 862.470703 0.0 0.0 0.0 0.0 0.0 0.0 0.0 0.957754
Person 0.0 0 0.0 1185.322266 114.763184 1300.927734 337.697754 0.0 0.0 0.0 0.0 0.0 0.0 0.0 0.970688
