Person 0.0 0 0.0 1805.449219 920.544434 1918.000000 1073.869629 0.0 0.0 0.0 0.0 0.0 0.0 0.0 0.339390
Person 0.0 0 0.0 663.984375 296.630859 806.015625 631.494141 0.0 0.0 0.0 0.0 0.0 0.0 0.0 0.348645
Person 0.0 0 0.0 663.691406 296.235352 804.433594 760.561523 0.0 0.0 0.0 0.0 0.0 0.0 0.0 0.383064
Person 0.0 0 0.0 395.683594 144.360352 487.910156 363.735352 0.0 0.0 0.0 0.0 0.0 0.0 0.0 0.407333
Person 0.0 0 0.0 1170.527344 942.528076 1349.472656 1074.034424 0.0 0.0 0.0 0.0 0.0 0.0 0.0 0.454230
Person 0.0 0 0.0 1800.820312 367.031250 1918.000000 599.062500 0.0 0.0 0.0 0.0 0.0 0.0 0.0 0.616012
Person 0.0 0 0.0 232.441406 391.684570 401.777344 650.346680 0.0 0.0 0.0 0.0 0.0 0.0 0.0 0.667148
Person 0.0 0 0.0 1667.460938 934.519043 1833.164062 1076.770020 0.0 0.0 0.0 0.0 0.0 0.0 0.0 0.720172
Person 0.0 0 0.0 1311.884766 95.449219 1388.115234 246.533203 0.0 0.0 0.0 0.0 0.0 0.0 0.0 0.787278
Person 0.0 0 0.0 373.886719 331.567383 548.144531 710.463867 0.0 0.0 0.0 0.0 0.0 0.0 0.0 0.815233
Person 0.0 0 0.0 1785.175781 311.198730 1904.824219 537.824707 0.0 0.0 0.0 0.0 0.0 0.0 0.0 0.869715
Person 0.0 0 0.0 498.164062 342.641602 639.960938 793.256836 0.0 0.0 0.0 0.0 0.0 0.0 0.0 0.871037
Person 0.0 0 0.0 1361.484375 124.650879 1443.515625 347.058105 0.0 0.0 0.0 0.0 0.0 0.0 0.0 0.875361
Person 0.0 0 0.0 230.390625 478.828125 501.796875 927.070312 0.0 0.0 0.0 0.0 0.0 0.0 0.0 0.882022
Person 0.0 0 0.0 901.289062 416.469727 1101.210938 774.272461 0.0 0.0 0.0 0.0 0.0 0.0 0.0 0.900530
Person 0.0 0 0.0 619.394531 418.183594 783.105469 855.878906 0.0 0.0 0.0 0.0 0.0 0.0 0.0 0.912436
Person 0.0 0 0.0 898.886719 131.967773 985.488281 410.668945 0.0 0.0 0.0 0.0 0.0 0.0 0.0 0.914291
Person 0.0 0 0.0 757.207031 176.000977 890.917969 478.432617 0.0 0.0 0.0 0.0 0.0 0.0 0.0 0.921640
Person 0.0 0 0.0 1157.460938 92.351074 1231.289062 300.520020 0.0 0.0 0.0 0.0 0.0 0.0 0.0 0.926304
Person 0.0 0 0.0 1206.767578 125.178223 1294.482422 357.077637 0.0 0.0 0.0 0.0 0.0 0.0 0.0 0.929440
