Person 0.0 0 0.0 1815.673828 918.764648 1918.000000 1073.540039 0.0 0.0 0.0 0.0 0.0 0.0 0.0 0.401688
Person 0.0 0 0.0 1170.703125 942.396240 1349.296875 1074.166260 0.0 0.0 0.0 0.0 0.0 0.0 0.0 0.449393
Person 0.0 0 0.0 1670.683594 958.117676 1848.691406 1076.374512 0.0 0.0 0.0 0.0 0.0 0.0 0.0 0.592667
Person 0.0 0 0.0 1396.596680 97.624512 1453.403320 279.162598 0.0 0.0 0.0 0.0 0.0 0.0 0.0 0.731826
Person 0.0 0 0.0 706.582031 244.951172 906.855469 621.474609 0.0 0.0 0.0 0.0 0.0 0.0 0.0 0.798815
Person 0.0 0 0.0 0.820312 876.181641 227.343750 1074.990234 0.0 0.0 0.0 0.0 0.0 0.0 0.0 0.815820
Person 0.0 0 0.0 376.113281 356.220703 537.480469 721.142578 0.0 0.0 0.0 0.0 0.0 0.0 0.0 0.877477
Person 0.0 0 0.0 1792.324219 364.196777 1912.675781 598.732910 0.0 0.0 0.0 0.0 0.0 0.0 0.0 0.877896
Person 0.0 0 0.0 884.296875 335.786133 1039.453125 718.374023 0.0 0.0 0.0 0.0 0.0 0.0 0.0 0.910545
Person 0.0 0 0.0 647.109375 309.682617 762.890625 690.161133 0.0 0.0 0.0 0.0 0.0 0.0 0.0 0.921922
Person 0.0 0 0.0 1780.839844 312.648926 1901.660156 533.210449 0.0 0.0 0.0 0.0 0.0 0.0 0.0 0.925230
Person 0.0 0 0.0 1273.300781 308.891602 1417.324219 652.983398 0.0 0.0 0.0 0.0 0.0 0.0 0.0 0.937440
Person 0.0 0 0.0 226.875000 387.597656 399.843750 690.292969 0.0 0.0 0.0 0.0 0.0 0.0 0.0 0.937669
Person 0.0 0 0.0 1157.929688 90.900879 1230.820312 300.124512 0.0 0.0 0.0 0.0 0.0 0.0 0.0 0.964855
Person 0.0 0 0.0 1180.078125 122.145996 1298.671875 351.145020 0.0 0.0 0.0 0.0 0.0 0.0 0.0 0.964987
Person 0.0 0 0.0 1001.279297 145.810547 1102.470703 421.083984 0.0 0.0 0.0 0.0 0.0 0.0 0.0 0.967287
