Person 0.0 0 0.0 395.537109 145.085449 488.994141 371.447754 0.0 0.0 0.0 0.0 0.0 0.0 0.0 0.307774
Person 0.0 0 0.0 1817.548828 916.391602 1918.000000 1074.858398 0.0 0.0 0.0 0.0 0.0 0.0 0.0 0.348645
Person 0.0 0 0.0 1170.703125 942.462158 1349.296875 1075.155029 0.0 0.0 0.0 0.0 0.0 0.0 0.0 0.453262
Person 0.0 0 0.0 1668.925781 933.991699 1852.324219 1076.242676 0.0 0.0 0.0 0.0 0.0 0.0 0.0 0.738669
Person 0.0 0 0.0 1803.134766 366.306152 1918.000000 597.150879 0.0 0.0 0.0 0.0 0.0 0.0 0.0 0.759939
Person 0.0 0 0.0 0.644531 906.701660 209.472656 1074.001465 0.0 0.0 0.0 0.0 0.0 0.0 0.0 0.798187
Person 0.0 0 0.0 391.523438 341.982422 548.320312 714.287109 0.0 0.0 0.0 0.0 0.0 0.0 0.0 0.886420
Person 0.0 0 0.0 748.007812 247.456055 887.929688 623.188477 0.0 0.0 0.0 0.0 0.0 0.0 0.0 0.910863
Person 0.0 0 0.0 664.980469 317.856445 767.519531 709.409180 0.0 0.0 0.0 0.0 0.0 0.0 0.0 0.911180
Person 0.0 0 0.0 1781.660156 310.144043 1898.964844 546.262207 0.0 0.0 0.0 0.0 0.0 0.0 0.0 0.924415
Person 0.0 0 0.0 862.089844 350.419922 982.910156 702.158203 0.0 0.0 0.0 0.0 0.0 0.0 0.0 0.933431
Person 0.0 0 0.0 266.308594 358.066406 399.785156 668.144531 0.0 0.0 0.0 0.0 0.0 0.0 0.0 0.941439
Person 0.0 0 0.0 1275.644531 313.374023 1407.480469 659.047852 0.0 0.0 0.0 0.0 0.0 0.0 0.0 0.945601
Person 0.0 0 0.0 1043.613281 287.534180 1172.636719 642.700195 0.0 0.0 0.0 0.0 0.0 0.0 0.0 0.953101
Person 0.0 0 0.0 1157.314453 91.164551 1225.810547 300.388184 0.0 0.0 0.0 0.0 0.0 0.0 0.0 0.960657
Person 0.0 0 0.0 1232.021484 122.211914 1314.228516 355.561523 0.0 0.0 0.0 0.0 0.0 0.0 0.0 0.971564
