Person 0.0 0 0.0 1762.734375 807.099609 1918.000000 1073.408203 0.0 0.0 0.0 0.0 0.0 0.0 0.0 0.439747
Person 0.0 0 0.0 1170.527344 942.297363 1349.472656 1075.319824 0.0 0.0 0.0 0.0 0.0 0.0 0.0 0.510741
Person 0.0 0 0.0 1736.367188 338.159180 1852.382812 596.821289 0.0 0.0 0.0 0.0 0.0 0.0 0.0 0.731826
Person 0.0 0 0.0 825.175781 265.253906 987.949219 628.593750 0.0 0.0 0.0 0.0 0.0 0.0 0.0 0.752013
Person 0.0 0 0.0 855.761719 536.440430 1053.925781 939.067383 0.0 0.0 0.0 0.0 0.0 0.0 0.0 0.822189
Person 0.0 0 0.0 1736.542969 476.586914 1902.832031 758.452148 0.0 0.0 0.0 0.0 0.0 0.0 0.0 0.852935
Person 0.0 0 0.0 468.046875 12.788086 534.140625 231.767578 0.0 0.0 0.0 0.0 0.0 0.0 0.0 0.892937
Person 0.0 0 0.0 693.046875 347.915039 811.640625 782.709961 0.0 0.0 0.0 0.0 0.0 0.0 0.0 0.896251
Person 0.0 0 0.0 275.917969 384.301758 421.582031 686.733398 0.0 0.0 0.0 0.0 0.0 0.0 0.0 0.907312
Person 0.0 0 0.0 785.156250 373.359375 991.406250 739.335938 0.0 0.0 0.0 0.0 0.0 0.0 0.0 0.911495
Person 0.0 0 0.0 1609.746094 888.706055 1832.753906 1074.067383 0.0 0.0 0.0 0.0 0.0 0.0 0.0 0.916409
Person 0.0 0 0.0 1098.369141 76.135254 1157.255859 271.647949 0.0 0.0 0.0 0.0 0.0 0.0 0.0 0.933673
Person 0.0 0 0.0 533.613281 115.883789 610.136719 357.143555 0.0 0.0 0.0 0.0 0.0 0.0 0.0 0.935582
Person 0.0 0 0.0 1222.382812 563.994141 1402.617188 911.513672 0.0 0.0 0.0 0.0 0.0 0.0 0.0 0.939471
Person 0.0 0 0.0 1231.318359 109.753418 1309.306641 335.852051 0.0 0.0 0.0 0.0 0.0 0.0 0.0 0.957754
Person 0.0 0 0.0 1122.832031 468.808594 1264.042969 837.949219 0.0 0.0 0.0 0.0 0.0 0.0 0.0 0.961244
