Person 0.0 0 0.0 1831.816406 955.810547 1918.000000 1076.572266 0.0 0.0 0.0 0.0 0.0 0.0 0.0 0.386763
Person 0.0 0 0.0 397.734375 139.943848 489.140625 377.907715 0.0 0.0 0.0 0.0 0.0 0.0 0.0 0.448426
Person 0.0 0 0.0 1732.617188 579.023438 1918.000000 853.242188 0.0 0.0 0.0 0.0 0.0 0.0 0.0 0.465873
Person 0.0 0 0.0 1170.703125 942.363281 1349.296875 1075.253906 0.0 0.0 0.0 0.0 0.0 0.0 0.0 0.468791
Person 0.0 0 0.0 1803.779297 470.258789 1918.000000 681.459961 0.0 0.0 0.0 0.0 0.0 0.0 0.0 0.519521
Person 0.0 0 0.0 0.410156 632.944336 137.871094 960.688477 0.0 0.0 0.0 0.0 0.0 0.0 0.0 0.591723
Person 0.0 0 0.0 1376.689453 130.451660 1445.185547 378.962402 0.0 0.0 0.0 0.0 0.0 0.0 0.0 0.712232
Person 0.0 0 0.0 848.554688 241.655273 971.132812 616.860352 0.0 0.0 0.0 0.0 0.0 0.0 0.0 0.784649
Person 0.0 0 0.0 1639.687500 884.355469 1847.812500 1074.199219 0.0 0.0 0.0 0.0 0.0 0.0 0.0 0.903294
Person 0.0 0 0.0 373.183594 334.731445 547.441406 700.444336 0.0 0.0 0.0 0.0 0.0 0.0 0.0 0.915205
Person 0.0 0 0.0 699.902344 300.717773 809.472656 717.055664 0.0 0.0 0.0 0.0 0.0 0.0 0.0 0.916409
Person 0.0 0 0.0 815.156250 370.195312 984.843750 744.609375 0.0 0.0 0.0 0.0 0.0 0.0 0.0 0.921640
Person 0.0 0 0.0 1073.964844 672.231445 1247.285156 964.643555 0.0 0.0 0.0 0.0 0.0 0.0 0.0 0.922203
Person 0.0 0 0.0 249.726562 367.690430 385.429688 701.762695 0.0 0.0 0.0 0.0 0.0 0.0 0.0 0.924142
Person 0.0 0 0.0 1009.335938 513.632812 1154.414062 869.062500 0.0 0.0 0.0 0.0 0.0 0.0 0.0 0.928149
Person 0.0 0 0.0 471.181641 0.000000 536.630859 180.153809 0.0 0.0 0.0 0.0 0.0 0.0 0.0 0.929440
Person 0.0 0 0.0 1149.272461 84.770508 1207.602539 289.643555 0.0 0.0 0.0 0.0 0.0 0.0 0.0 0.953622
Person 0.0 0 0.0 1190.390625 114.169922 1308.984375 338.291016 0.0 0.0 0.0 0.0 0.0 0.0 0.0 0.966411
Person 0.0 0 0.0 966.679688 31.970215 1037.695312 206.257324 0.0 0.0 0.0 0.0 0.0 0.0 0.0 0.972831
