Person 0.0 0 0.0 1170.234375 942.000732 1349.765625 1074.561768 0.0 0.0 0.0 0.0 0.0 0.0 0.0 0.534127
Person 0.0 0 0.0 1735.957031 341.520996 1850.917969 597.678223 0.0 0.0 0.0 0.0 0.0 0.0 0.0 0.687630
Person 0.0 0 0.0 437.460938 330.512695 576.914062 717.319336 0.0 0.0 0.0 0.0 0.0 0.0 0.0 0.866585
Person 0.0 0 0.0 568.242188 21.093750 660.820312 253.916016 0.0 0.0 0.0 0.0 0.0 0.0 0.0 0.908293
Person 0.0 0 0.0 1704.843750 476.718750 1898.906250 756.210938 0.0 0.0 0.0 0.0 0.0 0.0 0.0 0.908942
Person 0.0 0 0.0 675.468750 362.416992 809.531250 782.973633 0.0 0.0 0.0 0.0 0.0 0.0 0.0 0.923868
Person 0.0 0 0.0 825.058594 273.559570 982.441406 625.561523 0.0 0.0 0.0 0.0 0.0 0.0 0.0 0.934634
Person 0.0 0 0.0 302.519531 343.564453 431.542969 666.826172 0.0 0.0 0.0 0.0 0.0 0.0 0.0 0.935582
Person 0.0 0 0.0 1608.046875 889.628906 1830.703125 1073.144531 0.0 0.0 0.0 0.0 0.0 0.0 0.0 0.935817
Person 0.0 0 0.0 449.443359 122.475586 522.744141 335.522461 0.0 0.0 0.0 0.0 0.0 0.0 0.0 0.938350
Person 0.0 0 0.0 1164.521484 78.508301 1229.853516 273.757324 0.0 0.0 0.0 0.0 0.0 0.0 0.0 0.943764
Person 0.0 0 0.0 1344.023438 685.810547 1590.351562 1040.712891 0.0 0.0 0.0 0.0 0.0 0.0 0.0 0.958693
Person 0.0 0 0.0 1223.671875 557.138672 1399.453125 910.986328 0.0 0.0 0.0 0.0 0.0 0.0 0.0 0.961678
Person 0.0 0 0.0 1206.035156 103.623047 1298.964844 325.634766 0.0 0.0 0.0 0.0 0.0 0.0 0.0 0.962813
Person 0.0 0 0.0 824.589844 361.757812 979.160156 739.335938 0.0 0.0 0.0 0.0 0.0 0.0 0.0 0.967287
Person 0.0 0 0.0 1168.710938 452.065430 1326.914062 835.708008 0.0 0.0 0.0 0.0 0.0 0.0 0.0 0.967533
