Person 0.0 0 0.0 1828.007812 917.446289 1918.000000 1073.803711 0.0 0.0 0.0 0.0 0.0 0.0 0.0 0.350421
Person 0.0 0 0.0 1171.640625 942.857666 1348.359375 1071.595459 0.0 0.0 0.0 0.0 0.0 0.0 0.0 0.397003
Person 0.0 0 0.0 735.878906 283.183594 869.121094 581.132812 0.0 0.0 0.0 0.0 0.0 0.0 0.0 0.528290
Person 0.0 0 0.0 1688.437500 956.634521 1857.187500 1074.693604 0.0 0.0 0.0 0.0 0.0 0.0 0.0 0.626124
Person 0.0 0 0.0 433.974609 89.648438 500.712891 314.296875 0.0 0.0 0.0 0.0 0.0 0.0 0.0 0.734881
Person 0.0 0 0.0 1364.150391 128.012695 1448.349609 347.651367 0.0 0.0 0.0 0.0 0.0 0.0 0.0 0.781997
Person 0.0 0 0.0 1788.808594 366.767578 1918.000000 596.689453 0.0 0.0 0.0 0.0 0.0 0.0 0.0 0.812272
Person 0.0 0 0.0 666.562500 410.668945 874.687500 880.268555 0.0 0.0 0.0 0.0 0.0 0.0 0.0 0.814643
Person 0.0 0 0.0 330.410156 325.239258 564.433594 709.936523 0.0 0.0 0.0 0.0 0.0 0.0 0.0 0.828939
Person 0.0 0 0.0 261.562500 360.175781 397.031250 682.910156 0.0 0.0 0.0 0.0 0.0 0.0 0.0 0.866585
Person 0.0 0 0.0 1772.197266 296.696777 1887.802734 525.432129 0.0 0.0 0.0 0.0 0.0 0.0 0.0 0.898767
Person 0.0 0 0.0 1006.523438 40.605469 1069.101562 259.453125 0.0 0.0 0.0 0.0 0.0 0.0 0.0 0.904651
Person 0.0 0 0.0 928.125000 298.872070 1066.875000 675.659180 0.0 0.0 0.0 0.0 0.0 0.0 0.0 0.905657
Person 0.0 0 0.0 1165.312500 654.960938 1371.562500 1064.179688 0.0 0.0 0.0 0.0 0.0 0.0 0.0 0.912124
Person 0.0 0 0.0 617.050781 194.721680 747.949219 569.399414 0.0 0.0 0.0 0.0 0.0 0.0 0.0 0.916708
Person 0.0 0 0.0 1232.050781 180.153809 1359.199219 435.783691 0.0 0.0 0.0 0.0 0.0 0.0 0.0 0.921922
Person 0.0 0 0.0 1162.148438 93.076172 1237.851562 303.222656 0.0 0.0 0.0 0.0 0.0 0.0 0.0 0.938124
Person 0.0 0 0.0 1200.996094 124.519043 1294.628906 365.646973 0.0 0.0 0.0 0.0 0.0 0.0 0.0 0.946990
Person 0.0 0 0.0 843.750000 135.461426 926.250000 400.583496 0.0 0.0 0.0 0.0 0.0 0.0 0.0 0.954478
Person 0.0 0 0.0 872.929688 153.852539 973.945312 453.647461 0.0 0.0 0.0 0.0 0.0 0.0 0.0 0.958070
