Person 0.0 0 0.0 394.951172 144.953613 487.705078 332.556152 0.0 0.0 0.0 0.0 0.0 0.0 0.0 0.300746
Person 0.0 0 0.0 903.984375 790.224609 1077.890625 1055.478516 0.0 0.0 0.0 0.0 0.0 0.0 0.0 0.303216
Person 0.0 0 0.0 1170.527344 942.231445 1349.472656 1074.331055 0.0 0.0 0.0 0.0 0.0 0.0 0.0 0.513668
Person 0.0 0 0.0 1775.712891 294.982910 1874.912109 526.091309 0.0 0.0 0.0 0.0 0.0 0.0 0.0 0.782662
Person 0.0 0 0.0 1700.273438 526.948242 1886.601562 873.676758 0.0 0.0 0.0 0.0 0.0 0.0 0.0 0.869715
Person 0.0 0 0.0 425.625000 326.162109 568.125000 694.248047 0.0 0.0 0.0 0.0 0.0 0.0 0.0 0.877477
Person 0.0 0 0.0 937.968750 524.970703 1087.031250 886.201172 0.0 0.0 0.0 0.0 0.0 0.0 0.0 0.877896
Person 0.0 0 0.0 1601.484375 865.700684 1822.265625 1074.924316 0.0 0.0 0.0 0.0 0.0 0.0 0.0 0.894052
Person 0.0 0 0.0 693.398438 312.846680 796.289062 699.653320 0.0 0.0 0.0 0.0 0.0 0.0 0.0 0.896614
Person 0.0 0 0.0 1785.849609 356.088867 1887.275391 620.551758 0.0 0.0 0.0 0.0 0.0 0.0 0.0 0.924142
Person 0.0 0 0.0 466.083984 0.065918 530.478516 179.890137 0.0 0.0 0.0 0.0 0.0 0.0 0.0 0.939471
Person 0.0 0 0.0 256.640625 358.066406 399.140625 679.746094 0.0 0.0 0.0 0.0 0.0 0.0 0.0 0.939692
Person 0.0 0 0.0 1216.757812 94.064941 1291.992188 264.792480 0.0 0.0 0.0 0.0 0.0 0.0 0.0 0.940134
Person 0.0 0 0.0 1073.203125 606.840820 1231.171875 964.643555 0.0 0.0 0.0 0.0 0.0 0.0 0.0 0.949856
Person 0.0 0 0.0 765.878906 263.144531 911.308594 637.558594 0.0 0.0 0.0 0.0 0.0 0.0 0.0 0.955817
Person 0.0 0 0.0 884.472656 333.808594 1010.214844 718.769531 0.0 0.0 0.0 0.0 0.0 0.0 0.0 0.955981
Person 0.0 0 0.0 1161.123047 87.209473 1218.251953 295.642090 0.0 0.0 0.0 0.0 0.0 0.0 0.0 0.958693
Person 0.0 0 0.0 1215.703125 114.169922 1311.796875 343.564453 0.0 0.0 0.0 0.0 0.0 0.0 0.0 0.962813
