Person 0.0 0 0.0 1831.992188 960.457764 1918.000000 1075.089111 0.0 0.0 0.0 0.0 0.0 0.0 0.0 0.303629
Person 0.0 0 0.0 1867.836914 240.106201 1915.913086 317.296143 0.0 0.0 0.0 0.0 0.0 0.0 0.0 0.313630
Person 0.0 0 0.0 1170.410156 942.626953 1349.589844 1073.935547 0.0 0.0 0.0 0.0 0.0 0.0 0.0 0.435902
Person 0.0 0 0.0 1874.370117 240.501709 1918.000000 342.740479 0.0 0.0 0.0 0.0 0.0 0.0 0.0 0.449393
Person 0.0 0 0.0 10.195312 986.000977 219.726562 1074.858398 0.0 0.0 0.0 0.0 0.0 0.0 0.0 0.513668
Person 0.0 0 0.0 1650.644531 934.453125 1844.355469 1076.835938 0.0 0.0 0.0 0.0 0.0 0.0 0.0 0.714628
Person 0.0 0 0.0 1218.574219 99.667969 1299.550781 271.582031 0.0 0.0 0.0 0.0 0.0 0.0 0.0 0.781331
Person 0.0 0 0.0 433.007812 316.274414 572.929688 702.026367 0.0 0.0 0.0 0.0 0.0 0.0 0.0 0.794385
Person 0.0 0 0.0 666.914062 314.428711 788.085938 709.672852 0.0 0.0 0.0 0.0 0.0 0.0 0.0 0.851459
Person 0.0 0 0.0 1781.484375 310.341797 1904.765625 527.607422 0.0 0.0 0.0 0.0 0.0 0.0 0.0 0.857768
Person 0.0 0 0.0 860.595703 355.166016 958.154297 701.630859 0.0 0.0 0.0 0.0 0.0 0.0 0.0 0.886420
Person 0.0 0 0.0 1775.156250 367.426758 1914.843750 588.120117 0.0 0.0 0.0 0.0 0.0 0.0 0.0 0.889144
Person 0.0 0 0.0 471.152344 0.000000 538.535156 180.285645 0.0 0.0 0.0 0.0 0.0 0.0 0.0 0.900179
Person 0.0 0 0.0 1160.903320 87.341309 1220.346680 295.773926 0.0 0.0 0.0 0.0 0.0 0.0 0.0 0.908942
Person 0.0 0 0.0 757.500000 256.289062 914.062500 637.558594 0.0 0.0 0.0 0.0 0.0 0.0 0.0 0.914901
Person 0.0 0 0.0 969.257812 512.050781 1128.867188 931.816406 0.0 0.0 0.0 0.0 0.0 0.0 0.0 0.928409
Person 0.0 0 0.0 1372.558594 478.696289 1561.816406 886.069336 0.0 0.0 0.0 0.0 0.0 0.0 0.0 0.932944
Person 0.0 0 0.0 1199.882812 118.322754 1305.117188 344.948730 0.0 0.0 0.0 0.0 0.0 0.0 0.0 0.954816
Person 0.0 0 0.0 1170.058594 732.612305 1385.566406 1050.864258 0.0 0.0 0.0 0.0 0.0 0.0 0.0 0.959001
