Person 0.0 0 0.0 397.119141 119.410400 463.974609 208.861084 0.0 0.0 0.0 0.0 0.0 0.0 0.0 0.301979
Person 0.0 0 0.0 1693.183594 342.905273 1844.941406 703.344727 0.0 0.0 0.0 0.0 0.0 0.0 0.0 0.455199
Person 0.0 0 0.0 1170.878906 941.605225 1349.121094 1074.957275 0.0 0.0 0.0 0.0 0.0 0.0 0.0 0.505859
Person 0.0 0 0.0 246.796875 378.105469 386.015625 674.472656 0.0 0.0 0.0 0.0 0.0 0.0 0.0 0.880797
Person 0.0 0 0.0 694.482422 362.812500 811.142578 782.578125 0.0 0.0 0.0 0.0 0.0 0.0 0.0 0.892937
Person 0.0 0 0.0 346.347656 352.265625 524.589844 733.007812 0.0 0.0 0.0 0.0 0.0 0.0 0.0 0.900530
Person 0.0 0 0.0 1607.460938 876.840820 1816.289062 1073.276367 0.0 0.0 0.0 0.0 0.0 0.0 0.0 0.905322
Person 0.0 0 0.0 1146.767578 73.432617 1202.607422 267.758789 0.0 0.0 0.0 0.0 0.0 0.0 0.0 0.910545
Person 0.0 0 0.0 1209.609375 102.370605 1286.015625 322.404785 0.0 0.0 0.0 0.0 0.0 0.0 0.0 0.925769
Person 0.0 0 0.0 877.119141 361.889648 988.505859 739.204102 0.0 0.0 0.0 0.0 0.0 0.0 0.0 0.938576
Person 0.0 0 0.0 741.005859 27.751465 842.431641 286.809082 0.0 0.0 0.0 0.0 0.0 0.0 0.0 0.940790
Person 0.0 0 0.0 823.183594 272.900391 980.566406 623.583984 0.0 0.0 0.0 0.0 0.0 0.0 0.0 0.951504
Person 0.0 0 0.0 1436.601562 637.163086 1698.398438 1013.422852 0.0 0.0 0.0 0.0 0.0 0.0 0.0 0.952926
Person 0.0 0 0.0 1224.257812 553.315430 1413.867188 911.645508 0.0 0.0 0.0 0.0 0.0 0.0 0.0 0.956634
Person 0.0 0 0.0 1168.593750 459.316406 1325.156250 835.839844 0.0 0.0 0.0 0.0 0.0 0.0 0.0 0.966156
