Person 0.0 0 0.0 903.808594 787.983398 1079.941406 1055.610352 0.0 0.0 0.0 0.0 0.0 0.0 0.0 0.379378
Person 0.0 0 0.0 1171.464844 943.187256 1348.535156 1073.375244 0.0 0.0 0.0 0.0 0.0 0.0 0.0 0.388618
Person 0.0 0 0.0 415.151367 90.505371 461.411133 197.160645 0.0 0.0 0.0 0.0 0.0 0.0 0.0 0.390476
Person 0.0 0 0.0 1365.615234 133.879395 1443.134766 361.560059 0.0 0.0 0.0 0.0 0.0 0.0 0.0 0.591723
Person 0.0 0 0.0 1684.160156 957.062988 1857.714844 1075.319824 0.0 0.0 0.0 0.0 0.0 0.0 0.0 0.666280
Person 0.0 0 0.0 1201.904297 126.562500 1289.970703 363.603516 0.0 0.0 0.0 0.0 0.0 0.0 0.0 0.679179
Person 0.0 0 0.0 700.957031 320.625000 832.792969 681.328125 0.0 0.0 0.0 0.0 0.0 0.0 0.0 0.685107
Person 0.0 0 0.0 1787.402344 366.042480 1918.000000 595.832520 0.0 0.0 0.0 0.0 0.0 0.0 0.0 0.815233
Person 0.0 0 0.0 720.703125 481.464844 1021.171875 930.761719 0.0 0.0 0.0 0.0 0.0 0.0 0.0 0.834946
Person 0.0 0 0.0 372.187500 344.619141 546.093750 707.431641 0.0 0.0 0.0 0.0 0.0 0.0 0.0 0.875361
Person 0.0 0 0.0 262.734375 358.330078 396.796875 683.173828 0.0 0.0 0.0 0.0 0.0 0.0 0.0 0.883638
Person 0.0 0 0.0 607.675781 176.396484 724.511719 536.044922 0.0 0.0 0.0 0.0 0.0 0.0 0.0 0.887205
Person 0.0 0 0.0 983.964844 49.504395 1061.660156 274.548340 0.0 0.0 0.0 0.0 0.0 0.0 0.0 0.891055
Person 0.0 0 0.0 1771.582031 297.685547 1892.167969 525.498047 0.0 0.0 0.0 0.0 0.0 0.0 0.0 0.894789
Person 0.0 0 0.0 913.066406 303.354492 1050.058594 665.375977 0.0 0.0 0.0 0.0 0.0 0.0 0.0 0.895523
Person 0.0 0 0.0 1208.964844 186.679688 1329.785156 453.515625 0.0 0.0 0.0 0.0 0.0 0.0 0.0 0.899475
Person 0.0 0 0.0 1164.902344 660.761719 1370.097656 1064.707031 0.0 0.0 0.0 0.0 0.0 0.0 0.0 0.910227
Person 0.0 0 0.0 887.636719 161.630859 968.613281 461.162109 0.0 0.0 0.0 0.0 0.0 0.0 0.0 0.922203
Person 0.0 0 0.0 840.556641 131.176758 925.693359 400.122070 0.0 0.0 0.0 0.0 0.0 0.0 0.0 0.934395
Person 0.0 0 0.0 1164.960938 92.153320 1235.039062 302.563477 0.0 0.0 0.0 0.0 0.0 0.0 0.0 0.946990
