Person 0.0 0 0.0 1170.878906 942.264404 1349.121094 1075.352783 0.0 0.0 0.0 0.0 0.0 0.0 0.0 0.518546
Person 0.0 0 0.0 1735.546875 343.894043 1849.453125 596.887207 0.0 0.0 0.0 0.0 0.0 0.0 0.0 0.701713
Person 0.0 0 0.0 442.558594 331.567383 590.566406 716.264648 0.0 0.0 0.0 0.0 0.0 0.0 0.0 0.863852
Person 0.0 0 0.0 628.710938 17.336426 728.789062 256.091309 0.0 0.0 0.0 0.0 0.0 0.0 0.0 0.925769
Person 0.0 0 0.0 1702.382812 475.795898 1895.742188 756.079102 0.0 0.0 0.0 0.0 0.0 0.0 0.0 0.936981
Person 0.0 0 0.0 823.945312 280.283203 984.492188 624.638672 0.0 0.0 0.0 0.0 0.0 0.0 0.0 0.937897
Person 0.0 0 0.0 299.238281 347.124023 432.011719 669.067383 0.0 0.0 0.0 0.0 0.0 0.0 0.0 0.939692
Person 0.0 0 0.0 672.480469 362.416992 809.707031 782.973633 0.0 0.0 0.0 0.0 0.0 0.0 0.0 0.940134
Person 0.0 0 0.0 1607.285156 887.717285 1829.589844 1072.946777 0.0 0.0 0.0 0.0 0.0 0.0 0.0 0.947381
Person 0.0 0 0.0 1207.968750 106.259766 1283.906250 325.634766 0.0 0.0 0.0 0.0 0.0 0.0 0.0 0.953275
Person 0.0 0 0.0 878.730469 353.452148 993.457031 739.204102 0.0 0.0 0.0 0.0 0.0 0.0 0.0 0.960805
Person 0.0 0 0.0 1162.060547 75.212402 1230.439453 267.033691 0.0 0.0 0.0 0.0 0.0 0.0 0.0 0.963506
Person 0.0 0 0.0 1223.027344 555.952148 1396.347656 911.118164 0.0 0.0 0.0 0.0 0.0 0.0 0.0 0.968381
Person 0.0 0 0.0 1436.484375 650.214844 1677.890625 1041.503906 0.0 0.0 0.0 0.0 0.0 0.0 0.0 0.970013
Person 0.0 0 0.0 1168.359375 451.933594 1323.515625 835.839844 0.0 0.0 0.0 0.0 0.0 0.0 0.0 0.974629
