Person 0.0 0 0.0 395.742188 144.558105 487.851562 334.270020 0.0 0.0 0.0 0.0 0.0 0.0 0.0 0.371137
Person 0.0 0 0.0 0.263672 601.171875 112.294922 892.265625 0.0 0.0 0.0 0.0 0.0 0.0 0.0 0.444565
Person 0.0 0 0.0 1215.234375 106.984863 1299.140625 264.792480 0.0 0.0 0.0 0.0 0.0 0.0 0.0 0.467818
Person 0.0 0 0.0 1170.527344 941.934814 1349.472656 1074.627686 0.0 0.0 0.0 0.0 0.0 0.0 0.0 0.504883
Person 0.0 0 0.0 414.199219 307.705078 557.988281 698.994141 0.0 0.0 0.0 0.0 0.0 0.0 0.0 0.839208
Person 0.0 0 0.0 1634.414062 886.662598 1841.835938 1074.001465 0.0 0.0 0.0 0.0 0.0 0.0 0.0 0.862004
Person 0.0 0 0.0 1716.972656 482.651367 1894.277344 836.762695 0.0 0.0 0.0 0.0 0.0 0.0 0.0 0.869271
Person 0.0 0 0.0 807.714844 253.652344 955.722656 652.851562 0.0 0.0 0.0 0.0 0.0 0.0 0.0 0.885235
Person 0.0 0 0.0 698.085938 304.936523 798.164062 699.125977 0.0 0.0 0.0 0.0 0.0 0.0 0.0 0.889529
Person 0.0 0 0.0 242.871094 388.125000 392.285156 697.148438 0.0 0.0 0.0 0.0 0.0 0.0 0.0 0.891434
Person 0.0 0 0.0 471.269531 0.000000 534.667969 180.351562 0.0 0.0 0.0 0.0 0.0 0.0 0.0 0.915507
Person 0.0 0 0.0 874.687500 366.899414 1042.500000 744.741211 0.0 0.0 0.0 0.0 0.0 0.0 0.0 0.932207
Person 0.0 0 0.0 981.328125 501.767578 1133.671875 879.873047 0.0 0.0 0.0 0.0 0.0 0.0 0.0 0.943138
Person 0.0 0 0.0 1072.792969 598.007812 1240.957031 965.039062 0.0 0.0 0.0 0.0 0.0 0.0 0.0 0.950041
Person 0.0 0 0.0 1161.606445 91.823730 1217.768555 296.828613 0.0 0.0 0.0 0.0 0.0 0.0 0.0 0.950227
Person 0.0 0 0.0 1195.136719 118.586426 1309.863281 340.993652 0.0 0.0 0.0 0.0 0.0 0.0 0.0 0.960063
