Person 0.0 0 0.0 903.046875 787.324219 1078.828125 1055.214844 0.0 0.0 0.0 0.0 0.0 0.0 0.0 0.320821
Person 0.0 0 0.0 1811.132812 922.521973 1918.000000 1074.001465 0.0 0.0 0.0 0.0 0.0 0.0 0.0 0.325092
Person 0.0 0 0.0 1793.496094 369.140625 1918.000000 595.898438 0.0 0.0 0.0 0.0 0.0 0.0 0.0 0.472683
Person 0.0 0 0.0 1681.347656 950.833740 1854.902344 1076.275635 0.0 0.0 0.0 0.0 0.0 0.0 0.0 0.573678
Person 0.0 0 0.0 1244.516602 125.441895 1299.858398 285.622559 0.0 0.0 0.0 0.0 0.0 0.0 0.0 0.743913
Person 0.0 0 0.0 441.123047 67.038574 515.126953 283.645020 0.0 0.0 0.0 0.0 0.0 0.0 0.0 0.783326
Person 0.0 0 0.0 1377.041016 128.012695 1448.583984 354.770508 0.0 0.0 0.0 0.0 0.0 0.0 0.0 0.809276
Person 0.0 0 0.0 725.742188 536.967773 951.445312 1000.766602 0.0 0.0 0.0 0.0 0.0 0.0 0.0 0.826151
Person 0.0 0 0.0 940.839844 235.063477 1046.660156 563.862305 0.0 0.0 0.0 0.0 0.0 0.0 0.0 0.864310
Person 0.0 0 0.0 377.402344 326.425781 556.347656 710.859375 0.0 0.0 0.0 0.0 0.0 0.0 0.0 0.873215
Person 0.0 0 0.0 574.101562 491.484375 734.648438 811.054688 0.0 0.0 0.0 0.0 0.0 0.0 0.0 0.882428
Person 0.0 0 0.0 1181.308594 194.458008 1267.441406 503.217773 0.0 0.0 0.0 0.0 0.0 0.0 0.0 0.896976
Person 0.0 0 0.0 1173.632812 688.974609 1385.742188 1071.298828 0.0 0.0 0.0 0.0 0.0 0.0 0.0 0.912748
Person 0.0 0 0.0 217.675781 398.540039 393.105469 700.444336 0.0 0.0 0.0 0.0 0.0 0.0 0.0 0.913984
Person 0.0 0 0.0 1779.199219 302.761230 1910.800781 539.406738 0.0 0.0 0.0 0.0 0.0 0.0 0.0 0.933431
Person 0.0 0 0.0 650.654297 193.271484 751.845703 523.388672 0.0 0.0 0.0 0.0 0.0 0.0 0.0 0.939025
Person 0.0 0 0.0 1168.886719 93.471680 1234.863281 299.926758 0.0 0.0 0.0 0.0 0.0 0.0 0.0 0.942507
Person 0.0 0 0.0 876.093750 157.939453 953.906250 460.107422 0.0 0.0 0.0 0.0 0.0 0.0 0.0 0.946597
Person 0.0 0 0.0 1061.835938 275.141602 1201.289062 642.436523 0.0 0.0 0.0 0.0 0.0 0.0 0.0 0.947186
Person 0.0 0 0.0 838.769531 125.639648 912.480469 399.858398 0.0 0.0 0.0 0.0 0.0 0.0 0.0 0.948155
