Person 0.0 0 0.0 1812.773438 915.468750 1918.000000 1074.726562 0.0 0.0 0.0 0.0 0.0 0.0 0.0 0.382141
Person 0.0 0 0.0 1170.527344 942.462158 1349.472656 1075.155029 0.0 0.0 0.0 0.0 0.0 0.0 0.0 0.435902
Person 0.0 0 0.0 1161.562500 90.966797 1221.562500 304.013672 0.0 0.0 0.0 0.0 0.0 0.0 0.0 0.467818
Person 0.0 0 0.0 1398.310547 88.857422 1457.314453 272.373047 0.0 0.0 0.0 0.0 0.0 0.0 0.0 0.667148
Person 0.0 0 0.0 1667.109375 946.186523 1846.640625 1076.704102 0.0 0.0 0.0 0.0 0.0 0.0 0.0 0.681727
Person 0.0 0 0.0 1185.820312 117.993164 1264.804688 347.915039 0.0 0.0 0.0 0.0 0.0 0.0 0.0 0.709824
Person 0.0 0 0.0 376.406250 352.397461 537.187500 724.965820 0.0 0.0 0.0 0.0 0.0 0.0 0.0 0.836020
Person 0.0 0 0.0 1781.250000 311.923828 1899.375000 529.716797 0.0 0.0 0.0 0.0 0.0 0.0 0.0 0.904987
Person 0.0 0 0.0 876.767578 350.288086 971.982422 702.290039 0.0 0.0 0.0 0.0 0.0 0.0 0.0 0.914291
Person 0.0 0 0.0 58.359375 852.385254 304.453125 1073.474121 0.0 0.0 0.0 0.0 0.0 0.0 0.0 0.919353
Person 0.0 0 0.0 223.769531 396.166992 400.136719 691.215820 0.0 0.0 0.0 0.0 0.0 0.0 0.0 0.920504
Person 0.0 0 0.0 1791.474609 362.614746 1907.900391 598.732910 0.0 0.0 0.0 0.0 0.0 0.0 0.0 0.921074
Person 0.0 0 0.0 627.480469 298.608398 754.394531 698.071289 0.0 0.0 0.0 0.0 0.0 0.0 0.0 0.922761
Person 0.0 0 0.0 752.402344 241.655273 890.097656 621.079102 0.0 0.0 0.0 0.0 0.0 0.0 0.0 0.925500
Person 0.0 0 0.0 1301.425781 309.287109 1430.449219 652.587891 0.0 0.0 0.0 0.0 0.0 0.0 0.0 0.935582
Person 0.0 0 0.0 1116.943359 153.391113 1236.181641 418.249512 0.0 0.0 0.0 0.0 0.0 0.0 0.0 0.958847
