Person 0.0 0 0.0 421.171875 319.833984 533.203125 772.822266 0.0 0.0 0.0 0.0 0.0 0.0 0.0 0.303216
Person 0.0 0 0.0 395.683594 145.612793 485.566406 323.723145 0.0 0.0 0.0 0.0 0.0 0.0 0.0 0.314893
Person 0.0 0 0.0 1895.925293 269.901123 1918.000000 364.493408 0.0 0.0 0.0 0.0 0.0 0.0 0.0 0.344223
Person 0.0 0 0.0 1825.781250 921.796875 1918.000000 1076.835938 0.0 0.0 0.0 0.0 0.0 0.0 0.0 0.347316
Person 0.0 0 0.0 1170.878906 942.297363 1349.121094 1074.265137 0.0 0.0 0.0 0.0 0.0 0.0 0.0 0.482429
Person 0.0 0 0.0 420.644531 320.625000 529.042969 685.019531 0.0 0.0 0.0 0.0 0.0 0.0 0.0 0.495117
Person 0.0 0 0.0 1611.855469 939.528809 1825.019531 1074.924316 0.0 0.0 0.0 0.0 0.0 0.0 0.0 0.747616
Person 0.0 0 0.0 1318.535156 94.130859 1370.214844 240.996094 0.0 0.0 0.0 0.0 0.0 0.0 0.0 0.760651
Person 0.0 0 0.0 0.761719 927.399902 179.355469 1074.396973 0.0 0.0 0.0 0.0 0.0 0.0 0.0 0.772531
Person 0.0 0 0.0 1795.253906 364.724121 1907.871094 596.096191 0.0 0.0 0.0 0.0 0.0 0.0 0.0 0.852445
Person 0.0 0 0.0 1781.425781 309.880371 1901.074219 528.068848 0.0 0.0 0.0 0.0 0.0 0.0 0.0 0.891811
Person 0.0 0 0.0 663.779297 316.538086 779.970703 709.145508 0.0 0.0 0.0 0.0 0.0 0.0 0.0 0.895523
Person 0.0 0 0.0 472.792969 512.182617 698.144531 894.770508 0.0 0.0 0.0 0.0 0.0 0.0 0.0 0.919931
Person 0.0 0 0.0 878.027344 358.330078 964.160156 702.158203 0.0 0.0 0.0 0.0 0.0 0.0 0.0 0.924959
Person 0.0 0 0.0 1231.552734 125.639648 1312.822266 361.625977 0.0 0.0 0.0 0.0 0.0 0.0 0.0 0.931711
Person 0.0 0 0.0 758.437500 249.301758 917.812500 637.163086 0.0 0.0 0.0 0.0 0.0 0.0 0.0 0.953622
Person 0.0 0 0.0 1273.886719 315.878906 1414.863281 660.761719 0.0 0.0 0.0 0.0 0.0 0.0 0.0 0.956957
Person 0.0 0 0.0 229.335938 386.674805 399.257812 700.708008 0.0 0.0 0.0 0.0 0.0 0.0 0.0 0.958070
Person 0.0 0 0.0 1157.607422 91.098633 1227.392578 299.926758 0.0 0.0 0.0 0.0 0.0 0.0 0.0 0.966028
