Person 0.0 0 0.0 1834.365234 961.776123 1918.000000 1074.825439 0.0 0.0 0.0 0.0 0.0 0.0 0.0 0.307358
Person 0.0 0 0.0 1605.761719 871.567383 1831.113281 1074.331055 0.0 0.0 0.0 0.0 0.0 0.0 0.0 0.539954
Person 0.0 0 0.0 1170.703125 942.462158 1349.296875 1074.100342 0.0 0.0 0.0 0.0 0.0 0.0 0.0 0.541894
Person 0.0 0 0.0 1781.191406 317.856445 1910.683594 523.784180 0.0 0.0 0.0 0.0 0.0 0.0 0.0 0.562177
Person 0.0 0 0.0 438.867188 324.184570 585.820312 692.006836 0.0 0.0 0.0 0.0 0.0 0.0 0.0 0.823328
Person 0.0 0 0.0 1213.535156 95.976562 1297.089844 267.626953 0.0 0.0 0.0 0.0 0.0 0.0 0.0 0.839734
Person 0.0 0 0.0 937.558594 527.080078 1085.566406 892.529297 0.0 0.0 0.0 0.0 0.0 0.0 0.0 0.867934
Person 0.0 0 0.0 663.632812 308.891602 768.867188 709.409180 0.0 0.0 0.0 0.0 0.0 0.0 0.0 0.884439
Person 0.0 0 0.0 1779.404297 353.452148 1891.845703 589.438477 0.0 0.0 0.0 0.0 0.0 0.0 0.0 0.897336
Person 0.0 0 0.0 1658.554688 576.914062 1902.070312 890.156250 0.0 0.0 0.0 0.0 0.0 0.0 0.0 0.898053
Person 0.0 0 0.0 465.849609 0.131836 530.712891 179.824219 0.0 0.0 0.0 0.0 0.0 0.0 0.0 0.911180
Person 0.0 0 0.0 256.757812 356.220703 398.554688 678.955078 0.0 0.0 0.0 0.0 0.0 0.0 0.0 0.926037
Person 0.0 0 0.0 877.500000 340.927734 980.625000 702.685547 0.0 0.0 0.0 0.0 0.0 0.0 0.0 0.930962
Person 0.0 0 0.0 1072.558594 611.191406 1246.816406 965.566406 0.0 0.0 0.0 0.0 0.0 0.0 0.0 0.943138
Person 0.0 0 0.0 757.617188 262.221680 919.570312 637.426758 0.0 0.0 0.0 0.0 0.0 0.0 0.0 0.953794
Person 0.0 0 0.0 1161.123047 87.143555 1218.251953 295.971680 0.0 0.0 0.0 0.0 0.0 0.0 0.0 0.965119
Person 0.0 0 0.0 1214.384766 114.038086 1303.740234 341.323242 0.0 0.0 0.0 0.0 0.0 0.0 0.0 0.969785
