Person 0.0 0 0.0 1813.066406 916.655273 1918.000000 1073.540039 0.0 0.0 0.0 0.0 0.0 0.0 0.0 0.326379
Person 0.0 0 0.0 738.164062 273.427734 859.335938 628.330078 0.0 0.0 0.0 0.0 0.0 0.0 0.0 0.376623
Person 0.0 0 0.0 1171.816406 942.659912 1348.183594 1070.738525 0.0 0.0 0.0 0.0 0.0 0.0 0.0 0.405449
Person 0.0 0 0.0 1690.781250 958.084717 1858.593750 1074.298096 0.0 0.0 0.0 0.0 0.0 0.0 0.0 0.609524
Person 0.0 0 0.0 1362.187500 125.375977 1444.687500 347.915039 0.0 0.0 0.0 0.0 0.0 0.0 0.0 0.755637
Person 0.0 0 0.0 332.109375 327.348633 570.234375 710.463867 0.0 0.0 0.0 0.0 0.0 0.0 0.0 0.850965
Person 0.0 0 0.0 692.460938 397.089844 854.414062 840.058594 0.0 0.0 0.0 0.0 0.0 0.0 0.0 0.856812
Person 0.0 0 0.0 445.634766 86.088867 536.865234 313.901367 0.0 0.0 0.0 0.0 0.0 0.0 0.0 0.864310
Person 0.0 0 0.0 1788.632812 367.097168 1910.742188 596.887207 0.0 0.0 0.0 0.0 0.0 0.0 0.0 0.872782
Person 0.0 0 0.0 260.507812 359.648438 396.679688 683.437500 0.0 0.0 0.0 0.0 0.0 0.0 0.0 0.878314
Person 0.0 0 0.0 1007.871094 35.266113 1069.628906 253.190918 0.0 0.0 0.0 0.0 0.0 0.0 0.0 0.887595
Person 0.0 0 0.0 1775.419922 295.773926 1884.580078 524.772949 0.0 0.0 0.0 0.0 0.0 0.0 0.0 0.894421
Person 0.0 0 0.0 927.597656 298.476562 1065.527344 676.054688 0.0 0.0 0.0 0.0 0.0 0.0 0.0 0.911495
Person 0.0 0 0.0 1164.550781 654.829102 1372.324219 1064.311523 0.0 0.0 0.0 0.0 0.0 0.0 0.0 0.922203
Person 0.0 0 0.0 618.925781 201.049805 752.636719 567.817383 0.0 0.0 0.0 0.0 0.0 0.0 0.0 0.923039
Person 0.0 0 0.0 1162.587891 92.548828 1239.287109 302.958984 0.0 0.0 0.0 0.0 0.0 0.0 0.0 0.940134
Person 0.0 0 0.0 840.996094 134.538574 921.503906 400.451660 0.0 0.0 0.0 0.0 0.0 0.0 0.0 0.940353
Person 0.0 0 0.0 1201.347656 124.782715 1294.277344 365.910645 0.0 0.0 0.0 0.0 0.0 0.0 0.0 0.941654
Person 0.0 0 0.0 1237.910156 185.097656 1383.339844 435.058594 0.0 0.0 0.0 0.0 0.0 0.0 0.0 0.945801
Person 0.0 0 0.0 872.666016 153.457031 968.583984 454.042969 0.0 0.0 0.0 0.0 0.0 0.0 0.0 0.953622
