Person 0.0 0 0.0 1811.132812 920.874023 1918.000000 1074.594727 0.0 0.0 0.0 0.0 0.0 0.0 0.0 0.370225
Person 0.0 0 0.0 1170.703125 942.593994 1349.296875 1075.023193 0.0 0.0 0.0 0.0 0.0 0.0 0.0 0.443600
Person 0.0 0 0.0 1667.871094 928.256836 1844.003906 1076.704102 0.0 0.0 0.0 0.0 0.0 0.0 0.0 0.779322
Person 0.0 0 0.0 375.410156 352.397461 538.183594 722.856445 0.0 0.0 0.0 0.0 0.0 0.0 0.0 0.874935
Person 0.0 0 0.0 1791.796875 363.142090 1907.578125 602.424316 0.0 0.0 0.0 0.0 0.0 0.0 0.0 0.880797
Person 0.0 0 0.0 73.300781 840.454102 312.011719 1073.803711 0.0 0.0 0.0 0.0 0.0 0.0 0.0 0.891434
Person 0.0 0 0.0 1781.660156 310.869141 1898.964844 529.189453 0.0 0.0 0.0 0.0 0.0 0.0 0.0 0.897695
Person 0.0 0 0.0 879.111328 338.027344 966.826172 701.894531 0.0 0.0 0.0 0.0 0.0 0.0 0.0 0.929184
Person 0.0 0 0.0 1275.585938 300.981445 1428.164062 651.928711 0.0 0.0 0.0 0.0 0.0 0.0 0.0 0.930962
Person 0.0 0 0.0 222.832031 391.948242 399.199219 690.161133 0.0 0.0 0.0 0.0 0.0 0.0 0.0 0.945197
Person 0.0 0 0.0 623.730469 302.036133 761.894531 712.045898 0.0 0.0 0.0 0.0 0.0 0.0 0.0 0.945801
Person 0.0 0 0.0 756.386719 239.018555 887.050781 621.079102 0.0 0.0 0.0 0.0 0.0 0.0 0.0 0.946794
Person 0.0 0 0.0 1178.935547 118.322754 1281.064453 347.585449 0.0 0.0 0.0 0.0 0.0 0.0 0.0 0.967533
Person 0.0 0 0.0 1228.945312 143.569336 1319.179688 409.614258 0.0 0.0 0.0 0.0 0.0 0.0 0.0 0.968856
Person 0.0 0 0.0 1156.757812 90.900879 1222.617188 300.124512 0.0 0.0 0.0 0.0 0.0 0.0 0.0 0.977543
