Person 0.0 0 0.0 395.419922 144.821777 488.173828 370.656738 0.0 0.0 0.0 0.0 0.0 0.0 0.0 0.325092
Person 0.0 0 0.0 1822.763672 918.962402 1918.000000 1074.396973 0.0 0.0 0.0 0.0 0.0 0.0 0.0 0.358465
Person 0.0 0 0.0 1170.234375 942.462158 1349.765625 1074.100342 0.0 0.0 0.0 0.0 0.0 0.0 0.0 0.434941
Person 0.0 0 0.0 1802.607422 365.778809 1918.000000 597.678223 0.0 0.0 0.0 0.0 0.0 0.0 0.0 0.745398
Person 0.0 0 0.0 1669.746094 934.519043 1851.503906 1075.715332 0.0 0.0 0.0 0.0 0.0 0.0 0.0 0.756358
Person 0.0 0 0.0 0.937500 916.918945 191.953125 1074.331055 0.0 0.0 0.0 0.0 0.0 0.0 0.0 0.812272
Person 0.0 0 0.0 391.523438 345.673828 548.320312 714.814453 0.0 0.0 0.0 0.0 0.0 0.0 0.0 0.913677
Person 0.0 0 0.0 672.890625 317.197266 786.796875 709.541016 0.0 0.0 0.0 0.0 0.0 0.0 0.0 0.915205
Person 0.0 0 0.0 879.345703 350.947266 984.404297 701.630859 0.0 0.0 0.0 0.0 0.0 0.0 0.0 0.916409
Person 0.0 0 0.0 1781.250000 310.341797 1899.375000 542.373047 0.0 0.0 0.0 0.0 0.0 0.0 0.0 0.926304
Person 0.0 0 0.0 1049.355469 310.473633 1180.019531 675.131836 0.0 0.0 0.0 0.0 0.0 0.0 0.0 0.942082
Person 0.0 0 0.0 742.851562 249.433594 881.835938 623.847656 0.0 0.0 0.0 0.0 0.0 0.0 0.0 0.942929
Person 0.0 0 0.0 264.843750 357.670898 399.375000 686.469727 0.0 0.0 0.0 0.0 0.0 0.0 0.0 0.948537
Person 0.0 0 0.0 1274.707031 311.923828 1406.542969 657.861328 0.0 0.0 0.0 0.0 0.0 0.0 0.0 0.949482
Person 0.0 0 0.0 1156.259766 91.691895 1223.115234 300.124512 0.0 0.0 0.0 0.0 0.0 0.0 0.0 0.962953
Person 0.0 0 0.0 1231.699219 124.255371 1318.300781 355.627441 0.0 0.0 0.0 0.0 0.0 0.0 0.0 0.965900
