Person 0.0 0 0.0 1187.973633 68.027344 1236.401367 243.105469 0.0 0.0 0.0 0.0 0.0 0.0 0.0 0.301568
Person 0.0 0 0.0 1161.914062 68.027344 1236.210938 243.105469 0.0 0.0 0.0 0.0 0.0 0.0 0.0 0.470737
Person 0.0 0 0.0 1170.703125 941.440430 1349.296875 1075.122070 0.0 0.0 0.0 0.0 0.0 0.0 0.0 0.523420
Person 0.0 0 0.0 1160.478516 75.014648 1232.021484 293.598633 0.0 0.0 0.0 0.0 0.0 0.0 0.0 0.549641
Person 0.0 0 0.0 1368.544922 141.657715 1443.955078 376.193848 0.0 0.0 0.0 0.0 0.0 0.0 0.0 0.553505
Person 0.0 0 0.0 0.410156 634.526367 138.105469 944.340820 0.0 0.0 0.0 0.0 0.0 0.0 0.0 0.625209
Person 0.0 0 0.0 835.898438 249.697266 971.601562 623.583984 0.0 0.0 0.0 0.0 0.0 0.0 0.0 0.687630
Person 0.0 0 0.0 1632.773438 885.673828 1841.601562 1074.990234 0.0 0.0 0.0 0.0 0.0 0.0 0.0 0.814053
Person 0.0 0 0.0 435.937500 316.801758 575.625000 697.280273 0.0 0.0 0.0 0.0 0.0 0.0 0.0 0.862468
Person 0.0 0 0.0 709.658203 302.827148 796.904297 699.125977 0.0 0.0 0.0 0.0 0.0 0.0 0.0 0.892563
Person 0.0 0 0.0 470.126953 0.000000 534.873047 180.351562 0.0 0.0 0.0 0.0 0.0 0.0 0.0 0.921358
Person 0.0 0 0.0 977.109375 505.195312 1132.265625 871.171875 0.0 0.0 0.0 0.0 0.0 0.0 0.0 0.925500
Person 0.0 0 0.0 250.078125 385.488281 392.578125 696.621094 0.0 0.0 0.0 0.0 0.0 0.0 0.0 0.936981
Person 0.0 0 0.0 866.718750 366.767578 1009.218750 744.873047 0.0 0.0 0.0 0.0 0.0 0.0 0.0 0.938801
Person 0.0 0 0.0 1716.972656 477.246094 1883.027344 835.839844 0.0 0.0 0.0 0.0 0.0 0.0 0.0 0.942507
Person 0.0 0 0.0 1186.787109 110.544434 1290.087891 337.434082 0.0 0.0 0.0 0.0 0.0 0.0 0.0 0.947186
Person 0.0 0 0.0 1073.964844 606.840820 1247.285156 964.643555 0.0 0.0 0.0 0.0 0.0 0.0 0.0 0.951863
