Person 0.0 0 0.0 1794.667969 369.865723 1918.000000 596.755371 0.0 0.0 0.0 0.0 0.0 0.0 0.0 0.345105
Person 0.0 0 0.0 1682.695312 921.928711 1918.000000 1075.649414 0.0 0.0 0.0 0.0 0.0 0.0 0.0 0.352648
Person 0.0 0 0.0 765.351562 548.964844 977.460938 1049.941406 0.0 0.0 0.0 0.0 0.0 0.0 0.0 0.390476
Person 0.0 0 0.0 746.953125 524.575195 974.296875 1034.252930 0.0 0.0 0.0 0.0 0.0 0.0 0.0 0.402627
Person 0.0 0 0.0 395.830078 143.898926 488.232422 363.933105 0.0 0.0 0.0 0.0 0.0 0.0 0.0 0.431105
Person 0.0 0 0.0 1170.878906 942.000732 1349.121094 1074.561768 0.0 0.0 0.0 0.0 0.0 0.0 0.0 0.460046
Person 0.0 0 0.0 1376.425781 128.210449 1449.199219 355.363770 0.0 0.0 0.0 0.0 0.0 0.0 0.0 0.870597
Person 0.0 0 0.0 1225.019531 694.379883 1409.355469 1033.198242 0.0 0.0 0.0 0.0 0.0 0.0 0.0 0.878314
Person 0.0 0 0.0 382.617188 324.316406 545.976562 708.222656 0.0 0.0 0.0 0.0 0.0 0.0 0.0 0.902266
Person 0.0 0 0.0 739.130859 260.375977 858.369141 579.155273 0.0 0.0 0.0 0.0 0.0 0.0 0.0 0.910227
Person 0.0 0 0.0 211.523438 401.704102 393.632812 700.444336 0.0 0.0 0.0 0.0 0.0 0.0 0.0 0.911810
Person 0.0 0 0.0 827.753906 129.594727 920.683594 399.858398 0.0 0.0 0.0 0.0 0.0 0.0 0.0 0.915205
Person 0.0 0 0.0 1781.074219 305.661621 1918.000000 539.670410 0.0 0.0 0.0 0.0 0.0 0.0 0.0 0.916708
Person 0.0 0 0.0 1209.609375 240.864258 1321.640625 556.479492 0.0 0.0 0.0 0.0 0.0 0.0 0.0 0.923316
Person 0.0 0 0.0 1062.187500 276.855469 1215.937500 636.503906 0.0 0.0 0.0 0.0 0.0 0.0 0.0 0.937211
Person 0.0 0 0.0 665.712891 160.312500 764.912109 535.781250 0.0 0.0 0.0 0.0 0.0 0.0 0.0 0.937669
Person 0.0 0 0.0 712.426758 19.313965 761.323242 214.431152 0.0 0.0 0.0 0.0 0.0 0.0 0.0 0.939692
Person 0.0 0 0.0 1200.498047 119.641113 1300.751953 353.122559 0.0 0.0 0.0 0.0 0.0 0.0 0.0 0.943348
Person 0.0 0 0.0 876.328125 152.797852 961.171875 458.920898 0.0 0.0 0.0 0.0 0.0 0.0 0.0 0.954816
Person 0.0 0 0.0 1169.150391 93.405762 1247.724609 299.992676 0.0 0.0 0.0 0.0 0.0 0.0 0.0 0.975762
