Person 0.0 0 0.0 396.064453 144.492188 486.591797 327.480469 0.0 0.0 0.0 0.0 0.0 0.0 0.0 0.306527
Person 0.0 0 0.0 1801.552734 916.062012 1918.000000 1075.187988 0.0 0.0 0.0 0.0 0.0 0.0 0.0 0.332419
Person 0.0 0 0.0 1170.527344 942.297363 1349.472656 1074.265137 0.0 0.0 0.0 0.0 0.0 0.0 0.0 0.415847
Person 0.0 0 0.0 1802.314453 366.833496 1917.685547 597.150879 0.0 0.0 0.0 0.0 0.0 0.0 0.0 0.776623
Person 0.0 0 0.0 1668.281250 933.398438 1858.593750 1076.835938 0.0 0.0 0.0 0.0 0.0 0.0 0.0 0.777300
Person 0.0 0 0.0 433.242188 316.274414 571.757812 706.772461 0.0 0.0 0.0 0.0 0.0 0.0 0.0 0.875787
Person 0.0 0 0.0 75.761719 842.695312 311.660156 1073.671875 0.0 0.0 0.0 0.0 0.0 0.0 0.0 0.878731
Person 0.0 0 0.0 854.091797 338.159180 968.408203 701.762695 0.0 0.0 0.0 0.0 0.0 0.0 0.0 0.905657
Person 0.0 0 0.0 632.695312 304.277344 784.804688 710.332031 0.0 0.0 0.0 0.0 0.0 0.0 0.0 0.923868
Person 0.0 0 0.0 758.613281 257.343750 899.824219 621.738281 0.0 0.0 0.0 0.0 0.0 0.0 0.0 0.936285
Person 0.0 0 0.0 1782.070312 311.726074 1900.429688 538.352051 0.0 0.0 0.0 0.0 0.0 0.0 0.0 0.940134
Person 0.0 0 0.0 1274.472656 317.856445 1412.402344 664.584961 0.0 0.0 0.0 0.0 0.0 0.0 0.0 0.955152
Person 0.0 0 0.0 223.183594 395.507812 399.316406 689.765625 0.0 0.0 0.0 0.0 0.0 0.0 0.0 0.959307
Person 0.0 0 0.0 1173.603516 121.750488 1280.771484 352.331543 0.0 0.0 0.0 0.0 0.0 0.0 0.0 0.961678
Person 0.0 0 0.0 1156.523438 91.494141 1222.851562 300.585938 0.0 0.0 0.0 0.0 0.0 0.0 0.0 0.971779
