Person 0.0 0 0.0 1828.886719 917.578125 1918.000000 1073.671875 0.0 0.0 0.0 0.0 0.0 0.0 0.0 0.339390
Person 0.0 0 0.0 1171.347656 941.901855 1348.652344 1072.551270 0.0 0.0 0.0 0.0 0.0 0.0 0.0 0.412057
Person 0.0 0 0.0 709.453125 299.135742 851.484375 622.661133 0.0 0.0 0.0 0.0 0.0 0.0 0.0 0.467818
Person 0.0 0 0.0 423.515625 91.032715 483.515625 316.076660 0.0 0.0 0.0 0.0 0.0 0.0 0.0 0.507812
Person 0.0 0 0.0 1688.320312 957.656250 1857.304688 1074.726562 0.0 0.0 0.0 0.0 0.0 0.0 0.0 0.597373
Person 0.0 0 0.0 1359.404297 131.967773 1447.470703 348.706055 0.0 0.0 0.0 0.0 0.0 0.0 0.0 0.736401
Person 0.0 0 0.0 330.527344 333.940430 547.441406 708.618164 0.0 0.0 0.0 0.0 0.0 0.0 0.0 0.783326
Person 0.0 0 0.0 1787.519531 366.833496 1918.000000 596.623535 0.0 0.0 0.0 0.0 0.0 0.0 0.0 0.825027
Person 0.0 0 0.0 888.281250 153.984375 974.531250 459.843750 0.0 0.0 0.0 0.0 0.0 0.0 0.0 0.847463
Person 0.0 0 0.0 1004.033203 42.978516 1073.466797 259.189453 0.0 0.0 0.0 0.0 0.0 0.0 0.0 0.854885
Person 0.0 0 0.0 262.382812 360.175781 397.148438 682.910156 0.0 0.0 0.0 0.0 0.0 0.0 0.0 0.859664
Person 0.0 0 0.0 678.867188 446.264648 1042.382812 930.102539 0.0 0.0 0.0 0.0 0.0 0.0 0.0 0.864768
Person 0.0 0 0.0 924.140625 300.849609 1063.359375 652.060547 0.0 0.0 0.0 0.0 0.0 0.0 0.0 0.881615
Person 0.0 0 0.0 1772.285156 295.773926 1889.589844 524.772949 0.0 0.0 0.0 0.0 0.0 0.0 0.0 0.883236
Person 0.0 0 0.0 1164.375000 656.542969 1370.625000 1064.707031 0.0 0.0 0.0 0.0 0.0 0.0 0.0 0.895888
Person 0.0 0 0.0 1231.171875 175.935059 1343.203125 440.002441 0.0 0.0 0.0 0.0 0.0 0.0 0.0 0.902610
Person 0.0 0 0.0 1165.371094 92.285156 1236.503906 302.695312 0.0 0.0 0.0 0.0 0.0 0.0 0.0 0.921640
Person 0.0 0 0.0 598.945312 183.911133 733.242188 568.608398 0.0 0.0 0.0 0.0 0.0 0.0 0.0 0.928668
Person 0.0 0 0.0 842.285156 128.671875 926.777344 409.746094 0.0 0.0 0.0 0.0 0.0 0.0 0.0 0.930458
