Person 0.0 0 0.0 1800.058594 914.348145 1918.000000 1075.847168 0.0 0.0 0.0 0.0 0.0 0.0 0.0 0.405449
Person 0.0 0 0.0 1170.703125 942.330322 1349.296875 1074.232178 0.0 0.0 0.0 0.0 0.0 0.0 0.0 0.451327
Person 0.0 0 0.0 1668.984375 936.035156 1856.015625 1076.308594 0.0 0.0 0.0 0.0 0.0 0.0 0.0 0.761361
Person 0.0 0 0.0 344.648438 346.464844 550.195312 715.605469 0.0 0.0 0.0 0.0 0.0 0.0 0.0 0.836555
Person 0.0 0 0.0 1156.582031 91.296387 1222.792969 295.510254 0.0 0.0 0.0 0.0 0.0 0.0 0.0 0.870157
Person 0.0 0 0.0 72.128906 843.024902 309.199219 1073.342285 0.0 0.0 0.0 0.0 0.0 0.0 0.0 0.891055
Person 0.0 0 0.0 876.386719 333.808594 979.863281 701.894531 0.0 0.0 0.0 0.0 0.0 0.0 0.0 0.895888
Person 0.0 0 0.0 1781.777344 310.605469 1898.847656 542.109375 0.0 0.0 0.0 0.0 0.0 0.0 0.0 0.902266
Person 0.0 0 0.0 663.193359 314.692383 782.431641 708.881836 0.0 0.0 0.0 0.0 0.0 0.0 0.0 0.911180
Person 0.0 0 0.0 748.007812 245.874023 883.242188 621.079102 0.0 0.0 0.0 0.0 0.0 0.0 0.0 0.929440
Person 0.0 0 0.0 221.015625 393.398438 397.734375 689.765625 0.0 0.0 0.0 0.0 0.0 0.0 0.0 0.944587
Person 0.0 0 0.0 1274.355469 314.560547 1406.894531 661.552734 0.0 0.0 0.0 0.0 0.0 0.0 0.0 0.946990
Person 0.0 0 0.0 1154.531250 162.685547 1236.093750 419.501953 0.0 0.0 0.0 0.0 0.0 0.0 0.0 0.952220
Person 0.0 0 0.0 1212.392578 124.782715 1315.107422 360.637207 0.0 0.0 0.0 0.0 0.0 0.0 0.0 0.962108
