Person 0.0 0 0.0 397.089844 145.217285 488.847656 371.052246 0.0 0.0 0.0 0.0 0.0 0.0 0.0 0.330687
Person 0.0 0 0.0 0.146484 541.845703 117.216797 818.701172 0.0 0.0 0.0 0.0 0.0 0.0 0.0 0.465873
Person 0.0 0 0.0 1170.351562 942.297363 1353.398438 1075.319824 0.0 0.0 0.0 0.0 0.0 0.0 0.0 0.491212
Person 0.0 0 0.0 1794.785156 372.634277 1918.000000 599.787598 0.0 0.0 0.0 0.0 0.0 0.0 0.0 0.548674
Person 0.0 0 0.0 414.594727 87.802734 470.874023 200.654297 0.0 0.0 0.0 0.0 0.0 0.0 0.0 0.596433
Person 0.0 0 0.0 1377.773438 128.605957 1447.851562 354.968262 0.0 0.0 0.0 0.0 0.0 0.0 0.0 0.823896
Person 0.0 0 0.0 842.167969 128.408203 940.957031 416.337891 0.0 0.0 0.0 0.0 0.0 0.0 0.0 0.871912
Person 0.0 0 0.0 208.593750 398.803711 395.625000 700.180664 0.0 0.0 0.0 0.0 0.0 0.0 0.0 0.879561
Person 0.0 0 0.0 721.816406 539.868164 913.183594 1022.124023 0.0 0.0 0.0 0.0 0.0 0.0 0.0 0.897336
Person 0.0 0 0.0 364.570312 328.535156 551.835938 710.859375 0.0 0.0 0.0 0.0 0.0 0.0 0.0 0.897695
Person 0.0 0 0.0 1779.082031 304.870605 1916.542969 535.187988 0.0 0.0 0.0 0.0 0.0 0.0 0.0 0.911495
Person 0.0 0 0.0 1234.628906 210.278320 1349.121094 545.932617 0.0 0.0 0.0 0.0 0.0 0.0 0.0 0.918187
Person 0.0 0 0.0 680.039062 250.751953 821.835938 588.251953 0.0 0.0 0.0 0.0 0.0 0.0 0.0 0.923039
Person 0.0 0 0.0 1207.089844 124.848633 1277.285156 307.309570 0.0 0.0 0.0 0.0 0.0 0.0 0.0 0.947381
Person 0.0 0 0.0 722.197266 82.924805 807.802734 324.184570 0.0 0.0 0.0 0.0 0.0 0.0 0.0 0.947575
Person 0.0 0 0.0 1074.082031 591.943359 1277.167969 1051.259766 0.0 0.0 0.0 0.0 0.0 0.0 0.0 0.948537
Person 0.0 0 0.0 906.679688 154.775391 979.570312 461.162109 0.0 0.0 0.0 0.0 0.0 0.0 0.0 0.954816
Person 0.0 0 0.0 1103.876953 22.543945 1161.123047 203.159180 0.0 0.0 0.0 0.0 0.0 0.0 0.0 0.956472
Person 0.0 0 0.0 1168.183594 94.130859 1235.566406 280.810547 0.0 0.0 0.0 0.0 0.0 0.0 0.0 0.960361
Person 0.0 0 0.0 1116.328125 245.742188 1255.546875 575.859375 0.0 0.0 0.0 0.0 0.0 0.0 0.0 0.970688
