Person 0.0 0 0.0 395.595703 144.360352 487.998047 337.895508 0.0 0.0 0.0 0.0 0.0 0.0 0.0 0.325950
Person 0.0 0 0.0 1826.308594 915.270996 1918.000000 1072.814941 0.0 0.0 0.0 0.0 0.0 0.0 0.0 0.333720
Person 0.0 0 0.0 1170.996094 941.901855 1349.003906 1070.441895 0.0 0.0 0.0 0.0 0.0 0.0 0.0 0.358465
Person 0.0 0 0.0 741.123047 238.425293 842.314453 428.137207 0.0 0.0 0.0 0.0 0.0 0.0 0.0 0.449393
Person 0.0 0 0.0 837.128906 137.702637 925.371094 399.133301 0.0 0.0 0.0 0.0 0.0 0.0 0.0 0.521471
Person 0.0 0 0.0 1693.828125 959.633789 1859.296875 1074.858398 0.0 0.0 0.0 0.0 0.0 0.0 0.0 0.658418
Person 0.0 0 0.0 717.246094 347.519531 874.628906 834.785156 0.0 0.0 0.0 0.0 0.0 0.0 0.0 0.834407
Person 0.0 0 0.0 347.109375 323.261719 555.234375 709.277344 0.0 0.0 0.0 0.0 0.0 0.0 0.0 0.872782
Person 0.0 0 0.0 1362.216797 122.541504 1439.033203 346.794434 0.0 0.0 0.0 0.0 0.0 0.0 0.0 0.876634
Person 0.0 0 0.0 927.832031 296.367188 1065.292969 676.054688 0.0 0.0 0.0 0.0 0.0 0.0 0.0 0.886813
Person 0.0 0 0.0 235.781250 379.951172 396.562500 690.556641 0.0 0.0 0.0 0.0 0.0 0.0 0.0 0.892563
Person 0.0 0 0.0 1776.972656 305.595703 1894.277344 529.189453 0.0 0.0 0.0 0.0 0.0 0.0 0.0 0.893681
Person 0.0 0 0.0 603.457031 262.617188 740.917969 688.710938 0.0 0.0 0.0 0.0 0.0 0.0 0.0 0.898411
Person 0.0 0 0.0 510.439453 82.727051 584.560547 328.337402 0.0 0.0 0.0 0.0 0.0 0.0 0.0 0.922761
Person 0.0 0 0.0 1787.402344 365.910645 1908.222656 597.019043 0.0 0.0 0.0 0.0 0.0 0.0 0.0 0.924688
Person 0.0 0 0.0 1165.019531 621.210938 1379.355469 1064.179688 0.0 0.0 0.0 0.0 0.0 0.0 0.0 0.930711
Person 0.0 0 0.0 858.662109 171.782227 947.900391 452.592773 0.0 0.0 0.0 0.0 0.0 0.0 0.0 0.944587
Person 0.0 0 0.0 1057.338867 30.520020 1115.786133 228.933105 0.0 0.0 0.0 0.0 0.0 0.0 0.0 0.948537
Person 0.0 0 0.0 1162.705078 92.351074 1233.544922 303.156738 0.0 0.0 0.0 0.0 0.0 0.0 0.0 0.951863
Person 0.0 0 0.0 1201.318359 123.002930 1299.931641 360.307617 0.0 0.0 0.0 0.0 0.0 0.0 0.0 0.955817
