Person 0.0 0 0.0 415.576172 87.868652 485.361328 313.703613 0.0 0.0 0.0 0.0 0.0 0.0 0.0 0.357568
Person 0.0 0 0.0 412.089844 88.461914 478.535156 229.262695 0.0 0.0 0.0 0.0 0.0 0.0 0.0 0.368406
Person 0.0 0 0.0 1269.580078 181.669922 1336.669922 424.775391 0.0 0.0 0.0 0.0 0.0 0.0 0.0 0.421552
Person 0.0 0 0.0 1212.714844 942.330322 1354.160156 1074.232178 0.0 0.0 0.0 0.0 0.0 0.0 0.0 0.452294
Person 0.0 0 0.0 1325.917969 758.979492 1516.582031 1074.067383 0.0 0.0 0.0 0.0 0.0 0.0 0.0 0.537041
Person 0.0 0 0.0 1794.609375 367.360840 1916.015625 598.205566 0.0 0.0 0.0 0.0 0.0 0.0 0.0 0.810479
Person 0.0 0 0.0 813.867188 861.613770 1214.882812 1074.792480 0.0 0.0 0.0 0.0 0.0 0.0 0.0 0.880797
Person 0.0 0 0.0 691.582031 651.796875 891.855469 1075.781250 0.0 0.0 0.0 0.0 0.0 0.0 0.0 0.932699
Person 0.0 0 0.0 334.394531 335.522461 528.105469 714.418945 0.0 0.0 0.0 0.0 0.0 0.0 0.0 0.935582
Person 0.0 0 0.0 184.746094 471.577148 374.003906 790.883789 0.0 0.0 0.0 0.0 0.0 0.0 0.0 0.945197
Person 0.0 0 0.0 673.242188 236.777344 835.195312 549.492188 0.0 0.0 0.0 0.0 0.0 0.0 0.0 0.946597
Person 0.0 0 0.0 1781.015625 307.441406 1899.609375 538.417969 0.0 0.0 0.0 0.0 0.0 0.0 0.0 0.948728
Person 0.0 0 0.0 923.349609 15.292969 974.150391 207.641602 0.0 0.0 0.0 0.0 0.0 0.0 0.0 0.951863
Person 0.0 0 0.0 1166.630859 93.405762 1235.244141 303.156738 0.0 0.0 0.0 0.0 0.0 0.0 0.0 0.957437
Person 0.0 0 0.0 855.029297 144.624023 933.720703 428.598633 0.0 0.0 0.0 0.0 0.0 0.0 0.0 0.957754
Person 0.0 0 0.0 1035.175781 85.166016 1119.199219 367.294922 0.0 0.0 0.0 0.0 0.0 0.0 0.0 0.960063
Person 0.0 0 0.0 919.892578 155.830078 1022.607422 441.650391 0.0 0.0 0.0 0.0 0.0 0.0 0.0 0.960805
Person 0.0 0 0.0 1168.417969 255.629883 1299.082031 604.995117 0.0 0.0 0.0 0.0 0.0 0.0 0.0 0.962673
Person 0.0 0 0.0 1174.160156 124.584961 1265.214844 348.178711 0.0 0.0 0.0 0.0 0.0 0.0 0.0 0.964187
Person 0.0 0 0.0 1297.294922 161.367188 1395.205078 431.367188 0.0 0.0 0.0 0.0 0.0 0.0 0.0 0.969785
