Person 0.0 0 0.0 904.628906 788.378906 1079.121094 1055.214844 0.0 0.0 0.0 0.0 0.0 0.0 0.0 0.307774
Person 0.0 0 0.0 395.917969 144.426270 488.144531 347.321777 0.0 0.0 0.0 0.0 0.0 0.0 0.0 0.367497
Person 0.0 0 0.0 0.292969 660.366211 137.285156 959.633789 0.0 0.0 0.0 0.0 0.0 0.0 0.0 0.555435
Person 0.0 0 0.0 1170.527344 942.528076 1349.472656 1075.089111 0.0 0.0 0.0 0.0 0.0 0.0 0.0 0.574633
Person 0.0 0 0.0 1792.558594 458.459473 1918.000000 706.970215 0.0 0.0 0.0 0.0 0.0 0.0 0.0 0.716219
Person 0.0 0 0.0 1686.796875 890.881348 1843.828125 1072.946777 0.0 0.0 0.0 0.0 0.0 0.0 0.0 0.757794
Person 0.0 0 0.0 424.687500 339.873047 587.812500 716.923828 0.0 0.0 0.0 0.0 0.0 0.0 0.0 0.898767
Person 0.0 0 0.0 823.183594 266.704102 996.503906 627.670898 0.0 0.0 0.0 0.0 0.0 0.0 0.0 0.905322
Person 0.0 0 0.0 247.500000 370.327148 386.250000 700.708008 0.0 0.0 0.0 0.0 0.0 0.0 0.0 0.911180
Person 0.0 0 0.0 707.373047 313.769531 815.126953 717.187500 0.0 0.0 0.0 0.0 0.0 0.0 0.0 0.932699
Person 0.0 0 0.0 1149.785156 84.902344 1210.839844 289.775391 0.0 0.0 0.0 0.0 0.0 0.0 0.0 0.935582
Person 0.0 0 0.0 870.000000 374.677734 973.125000 739.072266 0.0 0.0 0.0 0.0 0.0 0.0 0.0 0.936052
Person 0.0 0 0.0 750.322266 56.623535 809.677734 257.409668 0.0 0.0 0.0 0.0 0.0 0.0 0.0 0.937211
Person 0.0 0 0.0 1209.023438 647.578125 1496.601562 1045.195312 0.0 0.0 0.0 0.0 0.0 0.0 0.0 0.939692
Person 0.0 0 0.0 1227.128906 553.710938 1403.496094 901.757812 0.0 0.0 0.0 0.0 0.0 0.0 0.0 0.965119
Person 0.0 0 0.0 1192.207031 115.488281 1320.292969 339.082031 0.0 0.0 0.0 0.0 0.0 0.0 0.0 0.968020
Person 0.0 0 0.0 1151.191406 459.316406 1312.558594 830.566406 0.0 0.0 0.0 0.0 0.0 0.0 0.0 0.978219
