Person 0.0 0 0.0 1868.041992 270.725098 1917.583008 358.923340 0.0 0.0 0.0 0.0 0.0 0.0 0.0 0.318273
Person 0.0 0 0.0 10.722656 982.705078 222.128906 1073.935547 0.0 0.0 0.0 0.0 0.0 0.0 0.0 0.470737
Person 0.0 0 0.0 1170.878906 942.396240 1349.121094 1074.166260 0.0 0.0 0.0 0.0 0.0 0.0 0.0 0.539954
Person 0.0 0 0.0 1657.675781 936.562500 1852.324219 1074.726562 0.0 0.0 0.0 0.0 0.0 0.0 0.0 0.797557
Person 0.0 0 0.0 1775.683594 366.372070 1912.441406 588.120117 0.0 0.0 0.0 0.0 0.0 0.0 0.0 0.902610
Person 0.0 0 0.0 415.781250 325.634766 572.343750 705.322266 0.0 0.0 0.0 0.0 0.0 0.0 0.0 0.914596
Person 0.0 0 0.0 668.437500 317.065430 772.500000 703.872070 0.0 0.0 0.0 0.0 0.0 0.0 0.0 0.917893
Person 0.0 0 0.0 1780.781250 309.221191 1901.718750 528.200684 0.0 0.0 0.0 0.0 0.0 0.0 0.0 0.918187
Person 0.0 0 0.0 91.992188 555.161133 357.070312 911.909180 0.0 0.0 0.0 0.0 0.0 0.0 0.0 0.923039
Person 0.0 0 0.0 412.031250 12.919922 475.312500 207.641602 0.0 0.0 0.0 0.0 0.0 0.0 0.0 0.931463
Person 0.0 0 0.0 689.062500 664.057617 874.687500 1070.903320 0.0 0.0 0.0 0.0 0.0 0.0 0.0 0.942507
Person 0.0 0 0.0 260.917969 353.715820 427.207031 651.928711 0.0 0.0 0.0 0.0 0.0 0.0 0.0 0.943556
Person 0.0 0 0.0 871.201172 354.375000 958.798828 701.894531 0.0 0.0 0.0 0.0 0.0 0.0 0.0 0.946200
Person 0.0 0 0.0 1231.083984 122.409668 1317.041016 361.428223 0.0 0.0 0.0 0.0 0.0 0.0 0.0 0.960212
Person 0.0 0 0.0 1291.464844 327.480469 1434.785156 690.292969 0.0 0.0 0.0 0.0 0.0 0.0 0.0 0.960952
Person 0.0 0 0.0 758.085938 257.475586 913.476562 637.954102 0.0 0.0 0.0 0.0 0.0 0.0 0.0 0.961244
Person 0.0 0 0.0 1223.115234 67.236328 1278.134766 247.060547 0.0 0.0 0.0 0.0 0.0 0.0 0.0 0.970013
Person 0.0 0 0.0 1159.277344 88.989258 1229.472656 299.399414 0.0 0.0 0.0 0.0 0.0 0.0 0.0 0.973037
