Person 0.0 0 0.0 1793.261719 369.338379 1918.000000 596.228027 0.0 0.0 0.0 0.0 0.0 0.0 0.0 0.353986
Person 0.0 0 0.0 904.277344 787.851562 1079.472656 1055.742188 0.0 0.0 0.0 0.0 0.0 0.0 0.0 0.359364
Person 0.0 0 0.0 1171.816406 944.538574 1350.058594 1075.187988 0.0 0.0 0.0 0.0 0.0 0.0 0.0 0.468791
Person 0.0 0 0.0 395.361328 143.833008 489.169922 361.625977 0.0 0.0 0.0 0.0 0.0 0.0 0.0 0.477554
Person 0.0 0 0.0 876.562500 461.425781 1012.500000 864.316406 0.0 0.0 0.0 0.0 0.0 0.0 0.0 0.789234
Person 0.0 0 0.0 830.595703 128.540039 924.404297 410.668945 0.0 0.0 0.0 0.0 0.0 0.0 0.0 0.832781
Person 0.0 0 0.0 1225.429688 711.782227 1410.820312 1031.616211 0.0 0.0 0.0 0.0 0.0 0.0 0.0 0.870157
Person 0.0 0 0.0 1376.308594 128.342285 1449.316406 355.495605 0.0 0.0 0.0 0.0 0.0 0.0 0.0 0.875361
Person 0.0 0 0.0 364.160156 323.525391 546.621094 709.541016 0.0 0.0 0.0 0.0 0.0 0.0 0.0 0.889912
Person 0.0 0 0.0 730.546875 258.793945 851.953125 609.213867 0.0 0.0 0.0 0.0 0.0 0.0 0.0 0.892937
Person 0.0 0 0.0 1780.664062 306.123047 1916.835938 537.626953 0.0 0.0 0.0 0.0 0.0 0.0 0.0 0.895888
Person 0.0 0 0.0 724.394531 548.964844 963.105469 1000.371094 0.0 0.0 0.0 0.0 0.0 0.0 0.0 0.903294
Person 0.0 0 0.0 1208.994141 241.259766 1322.255859 556.083984 0.0 0.0 0.0 0.0 0.0 0.0 0.0 0.904313
Person 0.0 0 0.0 214.746094 400.781250 394.628906 700.312500 0.0 0.0 0.0 0.0 0.0 0.0 0.0 0.915507
Person 0.0 0 0.0 666.298828 160.444336 767.138672 535.649414 0.0 0.0 0.0 0.0 0.0 0.0 0.0 0.921074
Person 0.0 0 0.0 1200.000000 126.101074 1303.125000 351.672363 0.0 0.0 0.0 0.0 0.0 0.0 0.0 0.930962
Person 0.0 0 0.0 729.111328 17.666016 800.888672 212.783203 0.0 0.0 0.0 0.0 0.0 0.0 0.0 0.945399
Person 0.0 0 0.0 875.859375 153.984375 960.703125 461.953125 0.0 0.0 0.0 0.0 0.0 0.0 0.0 0.945601
Person 0.0 0 0.0 1062.421875 280.019531 1219.453125 636.503906 0.0 0.0 0.0 0.0 0.0 0.0 0.0 0.950041
Person 0.0 0 0.0 1169.707031 93.603516 1243.417969 300.849609 0.0 0.0 0.0 0.0 0.0 0.0 0.0 0.970240
