Person 0.0 0 0.0 11.542969 978.420410 220.019531 1074.001465 0.0 0.0 0.0 0.0 0.0 0.0 0.0 0.516595
Person 0.0 0 0.0 1170.703125 942.626953 1349.296875 1073.935547 0.0 0.0 0.0 0.0 0.0 0.0 0.0 0.517571
Person 0.0 0 0.0 426.093750 319.306641 564.843750 703.212891 0.0 0.0 0.0 0.0 0.0 0.0 0.0 0.825590
Person 0.0 0 0.0 1656.738281 934.123535 1851.386719 1076.110840 0.0 0.0 0.0 0.0 0.0 0.0 0.0 0.838151
Person 0.0 0 0.0 1794.580078 367.294922 1912.294922 591.943359 0.0 0.0 0.0 0.0 0.0 0.0 0.0 0.877477
Person 0.0 0 0.0 668.261719 318.779297 782.988281 709.541016 0.0 0.0 0.0 0.0 0.0 0.0 0.0 0.887984
Person 0.0 0 0.0 1780.664062 308.891602 1903.710938 528.530273 0.0 0.0 0.0 0.0 0.0 0.0 0.0 0.891434
Person 0.0 0 0.0 871.875000 353.847656 958.125000 701.894531 0.0 0.0 0.0 0.0 0.0 0.0 0.0 0.918772
Person 0.0 0 0.0 566.308594 821.733398 779.941406 1072.485352 0.0 0.0 0.0 0.0 0.0 0.0 0.0 0.923039
Person 0.0 0 0.0 258.750000 356.616211 415.781250 684.360352 0.0 0.0 0.0 0.0 0.0 0.0 0.0 0.926304
Person 0.0 0 0.0 206.015625 538.154297 454.453125 908.876953 0.0 0.0 0.0 0.0 0.0 0.0 0.0 0.928926
Person 0.0 0 0.0 756.738281 250.620117 915.761719 637.954102 0.0 0.0 0.0 0.0 0.0 0.0 0.0 0.942718
Person 0.0 0 0.0 410.229492 16.743164 467.270508 203.027344 0.0 0.0 0.0 0.0 0.0 0.0 0.0 0.953966
Person 0.0 0 0.0 1274.414062 317.988281 1431.210938 660.761719 0.0 0.0 0.0 0.0 0.0 0.0 0.0 0.954816
Person 0.0 0 0.0 1231.728516 126.298828 1314.521484 360.966797 0.0 0.0 0.0 0.0 0.0 0.0 0.0 0.958693
Person 0.0 0 0.0 1223.071289 57.810059 1278.178711 228.537598 0.0 0.0 0.0 0.0 0.0 0.0 0.0 0.961965
Person 0.0 0 0.0 1157.490234 91.428223 1225.634766 299.860840 0.0 0.0 0.0 0.0 0.0 0.0 0.0 0.965512
