Person 0.0 0 0.0 0.205078 672.824707 96.298828 890.222168 0.0 0.0 0.0 0.0 0.0 0.0 0.0 0.320821
Person 0.0 0 0.0 1809.199219 920.346680 1918.000000 1074.067383 0.0 0.0 0.0 0.0 0.0 0.0 0.0 0.412057
Person 0.0 0 0.0 1170.703125 942.396240 1349.296875 1074.166260 0.0 0.0 0.0 0.0 0.0 0.0 0.0 0.434941
Person 0.0 0 0.0 1668.398438 955.480957 1854.726562 1074.792480 0.0 0.0 0.0 0.0 0.0 0.0 0.0 0.697609
Person 0.0 0 0.0 1397.490234 88.132324 1452.509766 270.461426 0.0 0.0 0.0 0.0 0.0 0.0 0.0 0.795658
Person 0.0 0 0.0 715.371094 340.400391 885.878906 767.021484 0.0 0.0 0.0 0.0 0.0 0.0 0.0 0.875361
Person 0.0 0 0.0 1785.849609 304.870605 1902.275391 541.516113 0.0 0.0 0.0 0.0 0.0 0.0 0.0 0.897336
Person 0.0 0 0.0 863.642578 308.891602 973.857422 648.764648 0.0 0.0 0.0 0.0 0.0 0.0 0.0 0.923868
Person 0.0 0 0.0 653.642578 316.142578 754.482422 683.701172 0.0 0.0 0.0 0.0 0.0 0.0 0.0 0.927363
Person 0.0 0 0.0 373.183594 334.863281 551.191406 692.402344 0.0 0.0 0.0 0.0 0.0 0.0 0.0 0.946794
Person 0.0 0 0.0 221.542969 394.584961 378.925781 690.688477 0.0 0.0 0.0 0.0 0.0 0.0 0.0 0.957118
Person 0.0 0 0.0 376.757812 581.791992 629.179688 994.965820 0.0 0.0 0.0 0.0 0.0 0.0 0.0 0.958226
Person 0.0 0 0.0 1334.208984 114.367676 1420.166016 331.765137 0.0 0.0 0.0 0.0 0.0 0.0 0.0 0.962391
Person 0.0 0 0.0 910.224609 138.032227 988.212891 375.864258 0.0 0.0 0.0 0.0 0.0 0.0 0.0 0.969556
Person 0.0 0 0.0 1184.062500 122.277832 1302.187500 352.331543 0.0 0.0 0.0 0.0 0.0 0.0 0.0 0.973645
Person 0.0 0 0.0 1157.666016 90.769043 1253.583984 300.256348 0.0 0.0 0.0 0.0 0.0 0.0 0.0 0.978875
