Person 0.0 0 0.0 1170.703125 943.352051 1351.171875 1075.319824 0.0 0.0 0.0 0.0 0.0 0.0 0.0 0.405449
Person 0.0 0 0.0 397.148438 144.228516 489.726562 403.154297 0.0 0.0 0.0 0.0 0.0 0.0 0.0 0.461017
Person 0.0 0 0.0 0.175781 803.144531 231.035156 1047.832031 0.0 0.0 0.0 0.0 0.0 0.0 0.0 0.525369
Person 0.0 0 0.0 1179.228516 121.486816 1263.896484 353.649902 0.0 0.0 0.0 0.0 0.0 0.0 0.0 0.538983
Person 0.0 0 0.0 1692.187500 973.048096 1860.937500 1076.209717 0.0 0.0 0.0 0.0 0.0 0.0 0.0 0.659295
Person 0.0 0 0.0 33.632812 518.378906 266.835938 908.613281 0.0 0.0 0.0 0.0 0.0 0.0 0.0 0.843895
Person 0.0 0 0.0 1274.560547 194.523926 1365.439453 460.437012 0.0 0.0 0.0 0.0 0.0 0.0 0.0 0.851459
Person 0.0 0 0.0 1803.779297 367.294922 1918.000000 601.435547 0.0 0.0 0.0 0.0 0.0 0.0 0.0 0.857768
Person 0.0 0 0.0 619.160156 623.847656 805.839844 1060.488281 0.0 0.0 0.0 0.0 0.0 0.0 0.0 0.871912
Person 0.0 0 0.0 1205.507812 179.890137 1280.742188 388.059082 0.0 0.0 0.0 0.0 0.0 0.0 0.0 0.908293
Person 0.0 0 0.0 1320.673828 111.665039 1398.076172 341.059570 0.0 0.0 0.0 0.0 0.0 0.0 0.0 0.916110
Person 0.0 0 0.0 1201.875000 697.807617 1486.875000 1073.012695 0.0 0.0 0.0 0.0 0.0 0.0 0.0 0.925500
Person 0.0 0 0.0 519.375000 141.064453 617.812500 387.597656 0.0 0.0 0.0 0.0 0.0 0.0 0.0 0.933915
Person 0.0 0 0.0 1166.718750 93.867188 1237.031250 304.277344 0.0 0.0 0.0 0.0 0.0 0.0 0.0 0.935110
Person 0.0 0 0.0 954.843750 512.841797 1235.156250 942.626953 0.0 0.0 0.0 0.0 0.0 0.0 0.0 0.940572
Person 0.0 0 0.0 1131.796875 332.885742 1273.828125 721.274414 0.0 0.0 0.0 0.0 0.0 0.0 0.0 0.941223
Person 0.0 0 0.0 875.244141 120.102539 951.943359 405.131836 0.0 0.0 0.0 0.0 0.0 0.0 0.0 0.947381
Person 0.0 0 0.0 1671.621094 599.062500 1894.628906 926.015625 0.0 0.0 0.0 0.0 0.0 0.0 0.0 0.949669
Person 0.0 0 0.0 1024.130859 103.886719 1126.494141 403.945312 0.0 0.0 0.0 0.0 0.0 0.0 0.0 0.959762
Person 0.0 0 0.0 899.589844 158.994141 1029.785156 446.396484 0.0 0.0 0.0 0.0 0.0 0.0 0.0 0.962673
