Person 0.0 0 0.0 1802.431641 344.157715 1855.693359 470.061035 0.0 0.0 0.0 0.0 0.0 0.0 0.0 0.395134
Person 0.0 0 0.0 1170.703125 941.605225 1349.296875 1074.957275 0.0 0.0 0.0 0.0 0.0 0.0 0.0 0.538012
Person 0.0 0 0.0 401.923828 114.829102 488.701172 324.711914 0.0 0.0 0.0 0.0 0.0 0.0 0.0 0.644225
Person 0.0 0 0.0 1701.621094 443.891602 1832.753906 742.631836 0.0 0.0 0.0 0.0 0.0 0.0 0.0 0.787931
Person 0.0 0 0.0 690.644531 378.237305 810.292969 782.973633 0.0 0.0 0.0 0.0 0.0 0.0 0.0 0.873647
Person 0.0 0 0.0 364.042969 350.947266 548.144531 725.361328 0.0 0.0 0.0 0.0 0.0 0.0 0.0 0.882428
Person 0.0 0 0.0 242.871094 380.610352 390.410156 673.549805 0.0 0.0 0.0 0.0 0.0 0.0 0.0 0.897695
Person 0.0 0 0.0 1145.449219 73.234863 1202.050781 268.483887 0.0 0.0 0.0 0.0 0.0 0.0 0.0 0.905322
Person 0.0 0 0.0 1607.871094 880.532227 1819.628906 1073.803711 0.0 0.0 0.0 0.0 0.0 0.0 0.0 0.910863
Person 0.0 0 0.0 1209.550781 100.195312 1287.949219 322.734375 0.0 0.0 0.0 0.0 0.0 0.0 0.0 0.926304
Person 0.0 0 0.0 738.427734 27.949219 825.322266 287.402344 0.0 0.0 0.0 0.0 0.0 0.0 0.0 0.932207
Person 0.0 0 0.0 773.789062 281.074219 981.210938 623.847656 0.0 0.0 0.0 0.0 0.0 0.0 0.0 0.932944
Person 0.0 0 0.0 877.558594 362.812500 987.128906 739.335938 0.0 0.0 0.0 0.0 0.0 0.0 0.0 0.934155
Person 0.0 0 0.0 1435.781250 637.031250 1695.468750 1013.554688 0.0 0.0 0.0 0.0 0.0 0.0 0.0 0.956309
Person 0.0 0 0.0 1169.414062 460.502930 1326.210938 835.708008 0.0 0.0 0.0 0.0 0.0 0.0 0.0 0.961678
Person 0.0 0 0.0 1224.257812 557.797852 1406.367188 911.381836 0.0 0.0 0.0 0.0 0.0 0.0 0.0 0.962391
