Person 0.0 0 0.0 1774.570312 883.564453 1918.000000 1073.935547 0.0 0.0 0.0 0.0 0.0 0.0 0.0 0.472683
Person 0.0 0 0.0 1018.828125 564.521484 1154.296875 922.587891 0.0 0.0 0.0 0.0 0.0 0.0 0.0 0.497070
Person 0.0 0 0.0 1170.996094 942.462158 1349.003906 1075.155029 0.0 0.0 0.0 0.0 0.0 0.0 0.0 0.498047
Person 0.0 0 0.0 1736.689453 339.411621 1852.060547 597.678223 0.0 0.0 0.0 0.0 0.0 0.0 0.0 0.677474
Person 0.0 0 0.0 825.234375 262.880859 983.203125 629.384766 0.0 0.0 0.0 0.0 0.0 0.0 0.0 0.798815
Person 0.0 0 0.0 1735.488281 477.509766 1894.511719 758.583984 0.0 0.0 0.0 0.0 0.0 0.0 0.0 0.827828
Person 0.0 0 0.0 1609.394531 887.058105 1829.355469 1072.551270 0.0 0.0 0.0 0.0 0.0 0.0 0.0 0.871037
Person 0.0 0 0.0 283.476562 376.391602 432.304688 686.206055 0.0 0.0 0.0 0.0 0.0 0.0 0.0 0.882833
Person 0.0 0 0.0 417.714844 332.885742 582.597656 726.020508 0.0 0.0 0.0 0.0 0.0 0.0 0.0 0.890675
Person 0.0 0 0.0 680.332031 353.979492 810.292969 782.973633 0.0 0.0 0.0 0.0 0.0 0.0 0.0 0.926304
Person 0.0 0 0.0 1133.789062 459.316406 1275.585938 837.949219 0.0 0.0 0.0 0.0 0.0 0.0 0.0 0.927626
Person 0.0 0 0.0 1222.265625 563.994141 1402.734375 911.513672 0.0 0.0 0.0 0.0 0.0 0.0 0.0 0.936052
Person 0.0 0 0.0 1097.666016 73.432617 1169.208984 271.977539 0.0 0.0 0.0 0.0 0.0 0.0 0.0 0.945801
Person 0.0 0 0.0 475.927734 16.018066 540.322266 236.184082 0.0 0.0 0.0 0.0 0.0 0.0 0.0 0.952220
Person 0.0 0 0.0 515.449219 120.498047 610.488281 363.076172 0.0 0.0 0.0 0.0 0.0 0.0 0.0 0.961965
Person 0.0 0 0.0 788.964844 372.304688 966.972656 740.390625 0.0 0.0 0.0 0.0 0.0 0.0 0.0 0.962533
Person 0.0 0 0.0 1230.761719 114.763184 1311.738281 335.852051 0.0 0.0 0.0 0.0 0.0 0.0 0.0 0.971779
