Person 0.0 0 0.0 903.339844 789.697266 1078.535156 1056.005859 0.0 0.0 0.0 0.0 0.0 0.0 0.0 0.323808
Person 0.0 0 0.0 394.863281 140.471191 489.199219 366.306152 0.0 0.0 0.0 0.0 0.0 0.0 0.0 0.460046
Person 0.0 0 0.0 1169.589844 942.528076 1348.535156 1074.034424 0.0 0.0 0.0 0.0 0.0 0.0 0.0 0.566978
Person 0.0 0 0.0 1797.890625 489.572754 1918.000000 709.606934 0.0 0.0 0.0 0.0 0.0 0.0 0.0 0.582254
Person 0.0 0 0.0 0.292969 641.381836 137.753906 960.688477 0.0 0.0 0.0 0.0 0.0 0.0 0.0 0.639736
Person 0.0 0 0.0 834.316406 261.562500 995.683594 627.539062 0.0 0.0 0.0 0.0 0.0 0.0 0.0 0.727201
Person 0.0 0 0.0 701.718750 532.617188 868.593750 901.757812 0.0 0.0 0.0 0.0 0.0 0.0 0.0 0.786623
Person 0.0 0 0.0 694.599609 312.187500 794.150391 628.593750 0.0 0.0 0.0 0.0 0.0 0.0 0.0 0.804406
Person 0.0 0 0.0 1627.207031 888.244629 1847.167969 1075.583496 0.0 0.0 0.0 0.0 0.0 0.0 0.0 0.902610
Person 0.0 0 0.0 471.123047 0.000000 535.751953 179.692383 0.0 0.0 0.0 0.0 0.0 0.0 0.0 0.908293
Person 0.0 0 0.0 408.691406 339.345703 549.902344 712.177734 0.0 0.0 0.0 0.0 0.0 0.0 0.0 0.926835
Person 0.0 0 0.0 830.332031 376.655273 971.542969 739.204102 0.0 0.0 0.0 0.0 0.0 0.0 0.0 0.927888
Person 0.0 0 0.0 1150.898438 471.708984 1316.601562 830.830078 0.0 0.0 0.0 0.0 0.0 0.0 0.0 0.944995
Person 0.0 0 0.0 250.898438 367.294922 386.601562 701.630859 0.0 0.0 0.0 0.0 0.0 0.0 0.0 0.946001
Person 0.0 0 0.0 1149.477539 84.177246 1209.272461 289.182129 0.0 0.0 0.0 0.0 0.0 0.0 0.0 0.955319
Person 0.0 0 0.0 802.500000 38.496094 866.250000 222.143555 0.0 0.0 0.0 0.0 0.0 0.0 0.0 0.961822
Person 0.0 0 0.0 1186.289062 114.038086 1307.460938 337.368164 0.0 0.0 0.0 0.0 0.0 0.0 0.0 0.975762
