Person 0.0 0 0.0 395.449219 144.426270 485.800781 324.909668 0.0 0.0 0.0 0.0 0.0 0.0 0.0 0.326379
Person 0.0 0 0.0 1811.542969 915.402832 1918.000000 1074.792480 0.0 0.0 0.0 0.0 0.0 0.0 0.0 0.332419
Person 0.0 0 0.0 1170.527344 942.330322 1349.472656 1074.232178 0.0 0.0 0.0 0.0 0.0 0.0 0.0 0.425367
Person 0.0 0 0.0 1803.779297 366.503906 1918.000000 597.480469 0.0 0.0 0.0 0.0 0.0 0.0 0.0 0.522446
Person 0.0 0 0.0 1668.281250 933.530273 1858.593750 1076.704102 0.0 0.0 0.0 0.0 0.0 0.0 0.0 0.823328
Person 0.0 0 0.0 421.406250 319.174805 572.343750 707.036133 0.0 0.0 0.0 0.0 0.0 0.0 0.0 0.882833
Person 0.0 0 0.0 631.171875 303.222656 776.015625 710.332031 0.0 0.0 0.0 0.0 0.0 0.0 0.0 0.910227
Person 0.0 0 0.0 75.878906 843.486328 311.542969 1072.880859 0.0 0.0 0.0 0.0 0.0 0.0 0.0 0.913677
Person 0.0 0 0.0 858.427734 338.159180 967.822266 701.762695 0.0 0.0 0.0 0.0 0.0 0.0 0.0 0.916110
Person 0.0 0 0.0 758.789062 252.333984 898.710938 621.474609 0.0 0.0 0.0 0.0 0.0 0.0 0.0 0.932453
Person 0.0 0 0.0 1781.982422 311.923828 1898.642578 540.263672 0.0 0.0 0.0 0.0 0.0 0.0 0.0 0.932699
Person 0.0 0 0.0 1274.121094 317.197266 1410.878906 665.244141 0.0 0.0 0.0 0.0 0.0 0.0 0.0 0.951504
Person 0.0 0 0.0 1173.486328 121.882324 1280.888672 351.936035 0.0 0.0 0.0 0.0 0.0 0.0 0.0 0.965641
Person 0.0 0 0.0 223.593750 396.035156 399.375000 690.292969 0.0 0.0 0.0 0.0 0.0 0.0 0.0 0.966028
Person 0.0 0 0.0 1156.757812 91.494141 1222.617188 300.585938 0.0 0.0 0.0 0.0 0.0 0.0 0.0 0.974629
