Person 0.0 0 0.0 1170.527344 942.363281 1349.472656 1075.253906 0.0 0.0 0.0 0.0 0.0 0.0 0.0 0.514644
Person 0.0 0 0.0 1736.484375 338.422852 1852.265625 597.084961 0.0 0.0 0.0 0.0 0.0 0.0 0.0 0.720172
Person 0.0 0 0.0 836.367188 267.626953 987.070312 627.802734 0.0 0.0 0.0 0.0 0.0 0.0 0.0 0.727201
Person 0.0 0 0.0 1583.554688 879.741211 1834.570312 1074.594727 0.0 0.0 0.0 0.0 0.0 0.0 0.0 0.756358
Person 0.0 0 0.0 708.808594 522.465820 908.378906 918.237305 0.0 0.0 0.0 0.0 0.0 0.0 0.0 0.882833
Person 0.0 0 0.0 359.062500 354.506836 543.750000 732.875977 0.0 0.0 0.0 0.0 0.0 0.0 0.0 0.904313
Person 0.0 0 0.0 673.710938 342.377930 789.726562 738.676758 0.0 0.0 0.0 0.0 0.0 0.0 0.0 0.907312
Person 0.0 0 0.0 830.097656 371.645508 991.464844 739.995117 0.0 0.0 0.0 0.0 0.0 0.0 0.0 0.925769
Person 0.0 0 0.0 540.351562 113.576660 620.273438 358.659668 0.0 0.0 0.0 0.0 0.0 0.0 0.0 0.932207
Person 0.0 0 0.0 261.386719 385.224609 387.363281 688.447266 0.0 0.0 0.0 0.0 0.0 0.0 0.0 0.934634
Person 0.0 0 0.0 1649.765625 697.280273 1918.000000 983.891602 0.0 0.0 0.0 0.0 0.0 0.0 0.0 0.936749
Person 0.0 0 0.0 1109.443359 77.519531 1185.556641 275.273438 0.0 0.0 0.0 0.0 0.0 0.0 0.0 0.939025
Person 0.0 0 0.0 1747.382812 475.136719 1918.000000 747.246094 0.0 0.0 0.0 0.0 0.0 0.0 0.0 0.940353
Person 0.0 0 0.0 1223.203125 561.621094 1399.921875 910.722656 0.0 0.0 0.0 0.0 0.0 0.0 0.0 0.946794
Person 0.0 0 0.0 1122.011719 458.393555 1277.988281 837.817383 0.0 0.0 0.0 0.0 0.0 0.0 0.0 0.955486
Person 0.0 0 0.0 459.521484 2.504883 526.728516 214.233398 0.0 0.0 0.0 0.0 0.0 0.0 0.0 0.955651
Person 0.0 0 0.0 1232.988281 101.118164 1302.011719 324.711914 0.0 0.0 0.0 0.0 0.0 0.0 0.0 0.958382
