Person 0.0 0 0.0 902.343750 788.312988 1053.281250 1056.335449 0.0 0.0 0.0 0.0 0.0 0.0 0.0 0.301979
Person 0.0 0 0.0 397.382812 143.701172 491.367188 416.865234 0.0 0.0 0.0 0.0 0.0 0.0 0.0 0.312370
Person 0.0 0 0.0 1211.835938 767.153320 1521.914062 1074.331055 0.0 0.0 0.0 0.0 0.0 0.0 0.0 0.319546
Person 0.0 0 0.0 1331.835938 767.285156 1523.789062 1074.199219 0.0 0.0 0.0 0.0 0.0 0.0 0.0 0.466846
Person 0.0 0 0.0 1209.023438 942.066650 1354.101562 1074.495850 0.0 0.0 0.0 0.0 0.0 0.0 0.0 0.468791
Person 0.0 0 0.0 1275.585938 159.851074 1383.164062 403.879395 0.0 0.0 0.0 0.0 0.0 0.0 0.0 0.634317
Person 0.0 0 0.0 1033.447266 26.367188 1105.927734 206.059570 0.0 0.0 0.0 0.0 0.0 0.0 0.0 0.648689
Person 0.0 0 0.0 1795.371094 366.437988 1918.000000 597.546387 0.0 0.0 0.0 0.0 0.0 0.0 0.0 0.765593
Person 0.0 0 0.0 821.132812 850.144043 1211.367188 1073.605957 0.0 0.0 0.0 0.0 0.0 0.0 0.0 0.861072
Person 0.0 0 0.0 212.285156 504.008789 391.464844 867.084961 0.0 0.0 0.0 0.0 0.0 0.0 0.0 0.877477
Person 0.0 0 0.0 340.781250 346.201172 525.468750 740.126953 0.0 0.0 0.0 0.0 0.0 0.0 0.0 0.936285
Person 0.0 0 0.0 809.238281 144.096680 907.324219 440.200195 0.0 0.0 0.0 0.0 0.0 0.0 0.0 0.937211
Person 0.0 0 0.0 1285.048828 204.675293 1375.576172 460.305176 0.0 0.0 0.0 0.0 0.0 0.0 0.0 0.946399
Person 0.0 0 0.0 672.363281 575.991211 869.824219 1073.540039 0.0 0.0 0.0 0.0 0.0 0.0 0.0 0.950041
Person 0.0 0 0.0 654.023438 209.355469 809.414062 515.214844 0.0 0.0 0.0 0.0 0.0 0.0 0.0 0.955152
Person 0.0 0 0.0 1166.044922 94.394531 1235.830078 304.013672 0.0 0.0 0.0 0.0 0.0 0.0 0.0 0.956472
Person 0.0 0 0.0 1027.558594 101.513672 1154.941406 389.179688 0.0 0.0 0.0 0.0 0.0 0.0 0.0 0.956957
Person 0.0 0 0.0 910.488281 162.949219 1030.136719 465.644531 0.0 0.0 0.0 0.0 0.0 0.0 0.0 0.960361
Person 0.0 0 0.0 1109.531250 312.055664 1260.468750 657.729492 0.0 0.0 0.0 0.0 0.0 0.0 0.0 0.965512
Person 0.0 0 0.0 1209.960938 123.068848 1280.039062 359.187012 0.0 0.0 0.0 0.0 0.0 0.0 0.0 0.969785
