Person 0.0 0 0.0 397.910156 143.964844 488.964844 403.417969 0.0 0.0 0.0 0.0 0.0 0.0 0.0 0.386763
Person 0.0 0 0.0 414.946289 89.384766 465.834961 214.628906 0.0 0.0 0.0 0.0 0.0 0.0 0.0 0.399812
Person 0.0 0 0.0 1692.363281 996.778564 1875.761719 1075.682373 0.0 0.0 0.0 0.0 0.0 0.0 0.0 0.445530
Person 0.0 0 0.0 1171.582031 944.044189 1361.542969 1075.682373 0.0 0.0 0.0 0.0 0.0 0.0 0.0 0.518546
Person 0.0 0 0.0 868.007812 121.948242 955.429688 413.041992 0.0 0.0 0.0 0.0 0.0 0.0 0.0 0.606731
Person 0.0 0 0.0 1332.187500 764.384766 1527.187500 1073.935547 0.0 0.0 0.0 0.0 0.0 0.0 0.0 0.625209
Person 0.0 0 0.0 2.460938 677.768555 234.257812 1019.223633 0.0 0.0 0.0 0.0 0.0 0.0 0.0 0.724091
Person 0.0 0 0.0 1804.628906 367.888184 1918.000000 601.369629 0.0 0.0 0.0 0.0 0.0 0.0 0.0 0.780662
Person 0.0 0 0.0 856.113281 160.444336 996.386719 462.875977 0.0 0.0 0.0 0.0 0.0 0.0 0.0 0.800068
Person 0.0 0 0.0 803.320312 892.397461 1019.179688 1076.704102 0.0 0.0 0.0 0.0 0.0 0.0 0.0 0.811676
Person 0.0 0 0.0 1218.398438 200.456543 1309.101562 336.115723 0.0 0.0 0.0 0.0 0.0 0.0 0.0 0.816406
Person 0.0 0 0.0 1299.697266 210.871582 1392.802734 453.054199 0.0 0.0 0.0 0.0 0.0 0.0 0.0 0.892187
Person 0.0 0 0.0 1781.601562 317.658691 1915.898438 538.747559 0.0 0.0 0.0 0.0 0.0 0.0 0.0 0.924688
Person 0.0 0 0.0 1328.466797 112.126465 1403.408203 257.277832 0.0 0.0 0.0 0.0 0.0 0.0 0.0 0.932699
Person 0.0 0 0.0 1670.449219 607.368164 1895.800781 926.147461 0.0 0.0 0.0 0.0 0.0 0.0 0.0 0.948537
Person 0.0 0 0.0 549.023438 124.519043 650.039062 391.750488 0.0 0.0 0.0 0.0 0.0 0.0 0.0 0.952042
Person 0.0 0 0.0 1007.373047 101.118164 1109.501953 392.475586 0.0 0.0 0.0 0.0 0.0 0.0 0.0 0.953101
Person 0.0 0 0.0 1166.982422 93.208008 1238.642578 303.354492 0.0 0.0 0.0 0.0 0.0 0.0 0.0 0.959611
Person 0.0 0 0.0 1169.765625 290.039062 1322.109375 657.070312 0.0 0.0 0.0 0.0 0.0 0.0 0.0 0.960952
Person 0.0 0 0.0 1178.496094 121.354980 1268.378906 360.109863 0.0 0.0 0.0 0.0 0.0 0.0 0.0 0.973241
