Person 0.0 0 0.0 911.132812 265.517578 1065.117188 654.169922 0.0 0.0 0.0 0.0 0.0 0.0 0.0 0.453262
Person 0.0 0 0.0 1170.703125 941.934814 1349.296875 1074.627686 0.0 0.0 0.0 0.0 0.0 0.0 0.0 0.540924
Person 0.0 0 0.0 957.333984 265.781250 1063.916016 655.488281 0.0 0.0 0.0 0.0 0.0 0.0 0.0 0.642432
Person 0.0 0 0.0 365.390625 344.355469 534.140625 722.460938 0.0 0.0 0.0 0.0 0.0 0.0 0.0 0.860604
Person 0.0 0 0.0 1146.240234 75.212402 1201.259766 267.561035 0.0 0.0 0.0 0.0 0.0 0.0 0.0 0.873215
Person 0.0 0 0.0 448.125000 72.707520 515.625000 306.188965 0.0 0.0 0.0 0.0 0.0 0.0 0.0 0.879974
Person 0.0 0 0.0 245.449219 377.709961 391.113281 672.758789 0.0 0.0 0.0 0.0 0.0 0.0 0.0 0.907640
Person 0.0 0 0.0 1209.492188 99.799805 1280.507812 323.920898 0.0 0.0 0.0 0.0 0.0 0.0 0.0 0.913677
Person 0.0 0 0.0 695.507812 32.761230 789.492188 278.107910 0.0 0.0 0.0 0.0 0.0 0.0 0.0 0.928668
Person 0.0 0 0.0 698.847656 367.163086 839.589844 788.774414 0.0 0.0 0.0 0.0 0.0 0.0 0.0 0.941007
Person 0.0 0 0.0 1608.105469 894.440918 1811.894531 1073.605957 0.0 0.0 0.0 0.0 0.0 0.0 0.0 0.941654
Person 0.0 0 0.0 1437.656250 638.481445 1702.968750 1013.159180 0.0 0.0 0.0 0.0 0.0 0.0 0.0 0.951863
Person 0.0 0 0.0 1231.816406 555.424805 1419.433594 942.231445 0.0 0.0 0.0 0.0 0.0 0.0 0.0 0.962813
Person 0.0 0 0.0 877.089844 359.648438 986.660156 739.335938 0.0 0.0 0.0 0.0 0.0 0.0 0.0 0.964456
Person 0.0 0 0.0 1168.593750 457.602539 1327.031250 835.444336 0.0 0.0 0.0 0.0 0.0 0.0 0.0 0.969556
