Person 0.0 0 0.0 396.943359 144.755859 488.525391 371.513672 0.0 0.0 0.0 0.0 0.0 0.0 0.0 0.362969
Person 0.0 0 0.0 5.683594 982.803955 209.121094 1074.891357 0.0 0.0 0.0 0.0 0.0 0.0 0.0 0.514644
Person 0.0 0 0.0 1170.527344 942.330322 1349.472656 1074.232178 0.0 0.0 0.0 0.0 0.0 0.0 0.0 0.530236
Person 0.0 0 0.0 1831.142578 307.111816 1911.357422 461.228027 0.0 0.0 0.0 0.0 0.0 0.0 0.0 0.675765
Person 0.0 0 0.0 1640.683594 919.160156 1833.691406 1076.308594 0.0 0.0 0.0 0.0 0.0 0.0 0.0 0.778649
Person 0.0 0 0.0 1774.365234 361.560059 1893.134766 585.021973 0.0 0.0 0.0 0.0 0.0 0.0 0.0 0.883638
Person 0.0 0 0.0 395.507812 340.795898 547.617188 713.364258 0.0 0.0 0.0 0.0 0.0 0.0 0.0 0.885632
Person 0.0 0 0.0 1533.046875 592.998047 1765.078125 968.994141 0.0 0.0 0.0 0.0 0.0 0.0 0.0 0.886027
Person 0.0 0 0.0 936.621094 538.813477 1086.503906 924.038086 0.0 0.0 0.0 0.0 0.0 0.0 0.0 0.895523
Person 0.0 0 0.0 662.753906 312.978516 792.246094 709.541016 0.0 0.0 0.0 0.0 0.0 0.0 0.0 0.898411
Person 0.0 0 0.0 877.001953 350.947266 968.935547 703.212891 0.0 0.0 0.0 0.0 0.0 0.0 0.0 0.912436
Person 0.0 0 0.0 1160.332031 86.813965 1222.792969 296.037598 0.0 0.0 0.0 0.0 0.0 0.0 0.0 0.926304
Person 0.0 0 0.0 466.347656 0.065918 530.214844 179.890137 0.0 0.0 0.0 0.0 0.0 0.0 0.0 0.926835
Person 0.0 0 0.0 1072.382812 629.516602 1252.617188 965.170898 0.0 0.0 0.0 0.0 0.0 0.0 0.0 0.934155
Person 0.0 0 0.0 249.492188 384.829102 388.476562 695.170898 0.0 0.0 0.0 0.0 0.0 0.0 0.0 0.936285
Person 0.0 0 0.0 756.093750 251.279297 911.718750 637.294922 0.0 0.0 0.0 0.0 0.0 0.0 0.0 0.951863
Person 0.0 0 0.0 1200.966797 107.709961 1307.783203 348.178711 0.0 0.0 0.0 0.0 0.0 0.0 0.0 0.957754
