Person 0.0 0 0.0 1811.630859 921.533203 1918.000000 1074.990234 0.0 0.0 0.0 0.0 0.0 0.0 0.0 0.364778
Person 0.0 0 0.0 1170.703125 942.593994 1349.296875 1075.023193 0.0 0.0 0.0 0.0 0.0 0.0 0.0 0.444565
Person 0.0 0 0.0 1667.578125 928.454590 1844.296875 1076.506348 0.0 0.0 0.0 0.0 0.0 0.0 0.0 0.777975
Person 0.0 0 0.0 1792.207031 364.262695 1907.167969 601.831055 0.0 0.0 0.0 0.0 0.0 0.0 0.0 0.832237
Person 0.0 0 0.0 375.410156 353.056641 538.183594 722.197266 0.0 0.0 0.0 0.0 0.0 0.0 0.0 0.858244
Person 0.0 0 0.0 73.417969 840.585938 311.894531 1073.671875 0.0 0.0 0.0 0.0 0.0 0.0 0.0 0.887595
Person 0.0 0 0.0 1275.058594 300.981445 1426.816406 651.401367 0.0 0.0 0.0 0.0 0.0 0.0 0.0 0.894052
Person 0.0 0 0.0 1781.337891 310.869141 1899.287109 528.662109 0.0 0.0 0.0 0.0 0.0 0.0 0.0 0.903294
Person 0.0 0 0.0 878.642578 337.631836 966.357422 702.290039 0.0 0.0 0.0 0.0 0.0 0.0 0.0 0.928668
Person 0.0 0 0.0 223.125000 391.420898 398.906250 690.688477 0.0 0.0 0.0 0.0 0.0 0.0 0.0 0.933431
Person 0.0 0 0.0 625.429688 302.036133 764.882812 711.518555 0.0 0.0 0.0 0.0 0.0 0.0 0.0 0.937897
Person 0.0 0 0.0 1178.173828 118.256836 1285.576172 348.706055 0.0 0.0 0.0 0.0 0.0 0.0 0.0 0.940353
Person 0.0 0 0.0 757.089844 238.491211 889.160156 621.606445 0.0 0.0 0.0 0.0 0.0 0.0 0.0 0.945801
Person 0.0 0 0.0 1230.791016 144.953613 1326.708984 398.737793 0.0 0.0 0.0 0.0 0.0 0.0 0.0 0.959762
Person 0.0 0 0.0 1156.376953 91.098633 1224.873047 300.190430 0.0 0.0 0.0 0.0 0.0 0.0 0.0 0.971564
