Person 0.0 0 0.0 395.419922 144.887695 488.173828 369.536133 0.0 0.0 0.0 0.0 0.0 0.0 0.0 0.322953
Person 0.0 0 0.0 1821.357422 919.489746 1918.000000 1073.869629 0.0 0.0 0.0 0.0 0.0 0.0 0.0 0.360264
Person 0.0 0 0.0 1170.527344 942.462158 1349.472656 1074.100342 0.0 0.0 0.0 0.0 0.0 0.0 0.0 0.449393
Person 0.0 0 0.0 1667.871094 945.560303 1842.128906 1076.275635 0.0 0.0 0.0 0.0 0.0 0.0 0.0 0.709824
Person 0.0 0 0.0 0.703125 911.315918 173.437500 1074.660645 0.0 0.0 0.0 0.0 0.0 0.0 0.0 0.764188
Person 0.0 0 0.0 1792.734375 359.978027 1908.515625 589.240723 0.0 0.0 0.0 0.0 0.0 0.0 0.0 0.879147
Person 0.0 0 0.0 1780.400391 311.198730 1898.349609 527.277832 0.0 0.0 0.0 0.0 0.0 0.0 0.0 0.879974
Person 0.0 0 0.0 393.339844 340.136719 547.910156 711.914062 0.0 0.0 0.0 0.0 0.0 0.0 0.0 0.885235
Person 0.0 0 0.0 664.101562 315.878906 769.335938 709.277344 0.0 0.0 0.0 0.0 0.0 0.0 0.0 0.903635
Person 0.0 0 0.0 1040.625000 423.457031 1185.000000 813.691406 0.0 0.0 0.0 0.0 0.0 0.0 0.0 0.905990
Person 0.0 0 0.0 264.023438 360.175781 399.257812 696.621094 0.0 0.0 0.0 0.0 0.0 0.0 0.0 0.912436
Person 0.0 0 0.0 860.917969 351.606445 988.769531 702.026367 0.0 0.0 0.0 0.0 0.0 0.0 0.0 0.919931
Person 0.0 0 0.0 758.789062 248.510742 894.023438 637.426758 0.0 0.0 0.0 0.0 0.0 0.0 0.0 0.923039
Person 0.0 0 0.0 1277.578125 315.087891 1435.546875 672.626953 0.0 0.0 0.0 0.0 0.0 0.0 0.0 0.947575
Person 0.0 0 0.0 1156.816406 93.208008 1222.558594 299.663086 0.0 0.0 0.0 0.0 0.0 0.0 0.0 0.955486
Person 0.0 0 0.0 1232.402344 120.563965 1319.472656 355.100098 0.0 0.0 0.0 0.0 0.0 0.0 0.0 0.961389
