Person 0.0 0 0.0 1823.203125 915.996094 1918.000000 1075.253906 0.0 0.0 0.0 0.0 0.0 0.0 0.0 0.362969
Person 0.0 0 0.0 1170.058594 942.396240 1349.941406 1074.166260 0.0 0.0 0.0 0.0 0.0 0.0 0.0 0.431105
Person 0.0 0 0.0 1801.083984 361.032715 1907.666016 596.623535 0.0 0.0 0.0 0.0 0.0 0.0 0.0 0.749821
Person 0.0 0 0.0 344.648438 345.278320 551.601562 719.428711 0.0 0.0 0.0 0.0 0.0 0.0 0.0 0.793106
Person 0.0 0 0.0 1662.128906 933.728027 1853.496094 1076.506348 0.0 0.0 0.0 0.0 0.0 0.0 0.0 0.839208
Person 0.0 0 0.0 663.193359 314.956055 764.619141 709.145508 0.0 0.0 0.0 0.0 0.0 0.0 0.0 0.902266
Person 0.0 0 0.0 878.437500 331.040039 996.562500 702.553711 0.0 0.0 0.0 0.0 0.0 0.0 0.0 0.910863
Person 0.0 0 0.0 72.656250 843.815918 310.078125 1073.605957 0.0 0.0 0.0 0.0 0.0 0.0 0.0 0.919931
Person 0.0 0 0.0 1781.250000 311.000977 1899.375000 545.405273 0.0 0.0 0.0 0.0 0.0 0.0 0.0 0.927100
Person 0.0 0 0.0 220.839844 392.871094 397.910156 689.238281 0.0 0.0 0.0 0.0 0.0 0.0 0.0 0.940790
Person 0.0 0 0.0 1027.880859 163.212891 1109.619141 435.322266 0.0 0.0 0.0 0.0 0.0 0.0 0.0 0.942929
Person 0.0 0 0.0 758.261719 260.639648 884.238281 621.079102 0.0 0.0 0.0 0.0 0.0 0.0 0.0 0.947186
Person 0.0 0 0.0 1274.472656 314.956055 1406.777344 661.684570 0.0 0.0 0.0 0.0 0.0 0.0 0.0 0.950960
Person 0.0 0 0.0 1156.669922 91.296387 1228.330078 300.520020 0.0 0.0 0.0 0.0 0.0 0.0 0.0 0.958538
Person 0.0 0 0.0 1187.490234 124.057617 1296.884766 359.516602 0.0 0.0 0.0 0.0 0.0 0.0 0.0 0.962391
