Person 0.0 0 0.0 1799.121094 920.808105 1918.000000 1077.824707 0.0 0.0 0.0 0.0 0.0 0.0 0.0 0.331985
Person 0.0 0 0.0 395.507812 144.426270 485.742188 327.810059 0.0 0.0 0.0 0.0 0.0 0.0 0.0 0.338077
Person 0.0 0 0.0 1894.372559 271.219482 1918.000000 365.811768 0.0 0.0 0.0 0.0 0.0 0.0 0.0 0.340266
Person 0.0 0 0.0 1170.703125 942.297363 1349.296875 1074.265137 0.0 0.0 0.0 0.0 0.0 0.0 0.0 0.475605
Person 0.0 0 0.0 1664.238281 960.161133 1813.886719 1075.385742 0.0 0.0 0.0 0.0 0.0 0.0 0.0 0.695131
Person 0.0 0 0.0 1353.574219 92.482910 1421.425781 261.101074 0.0 0.0 0.0 0.0 0.0 0.0 0.0 0.806243
Person 0.0 0 0.0 0.878906 913.623047 182.636719 1074.462891 0.0 0.0 0.0 0.0 0.0 0.0 0.0 0.807461
Person 0.0 0 0.0 1780.693359 311.791992 1899.931641 527.739258 0.0 0.0 0.0 0.0 0.0 0.0 0.0 0.889144
Person 0.0 0 0.0 418.242188 320.888672 557.695312 705.849609 0.0 0.0 0.0 0.0 0.0 0.0 0.0 0.893309
Person 0.0 0 0.0 877.412109 356.616211 966.650391 702.290039 0.0 0.0 0.0 0.0 0.0 0.0 0.0 0.897695
Person 0.0 0 0.0 1794.814453 365.119629 1910.185547 592.536621 0.0 0.0 0.0 0.0 0.0 0.0 0.0 0.918480
Person 0.0 0 0.0 603.632812 492.275391 796.992188 893.583984 0.0 0.0 0.0 0.0 0.0 0.0 0.0 0.921640
Person 0.0 0 0.0 237.949219 379.423828 399.550781 700.576172 0.0 0.0 0.0 0.0 0.0 0.0 0.0 0.924142
Person 0.0 0 0.0 645.175781 316.142578 777.949219 709.541016 0.0 0.0 0.0 0.0 0.0 0.0 0.0 0.925230
Person 0.0 0 0.0 758.906250 250.488281 917.343750 637.558594 0.0 0.0 0.0 0.0 0.0 0.0 0.0 0.941654
Person 0.0 0 0.0 1229.882812 122.211914 1318.242188 362.153320 0.0 0.0 0.0 0.0 0.0 0.0 0.0 0.956957
Person 0.0 0 0.0 1276.464844 335.522461 1476.035156 674.340820 0.0 0.0 0.0 0.0 0.0 0.0 0.0 0.958847
Person 0.0 0 0.0 1158.281250 90.703125 1228.593750 299.794922 0.0 0.0 0.0 0.0 0.0 0.0 0.0 0.962533
