Person 0.0 0 0.0 406.083984 115.949707 487.822266 324.118652 0.0 0.0 0.0 0.0 0.0 0.0 0.0 0.442636
Person 0.0 0 0.0 1739.472656 343.432617 1856.777344 597.348633 0.0 0.0 0.0 0.0 0.0 0.0 0.0 0.500977
Person 0.0 0 0.0 1170.703125 941.770020 1349.296875 1074.792480 0.0 0.0 0.0 0.0 0.0 0.0 0.0 0.540924
Person 0.0 0 0.0 689.472656 377.709961 809.589844 782.446289 0.0 0.0 0.0 0.0 0.0 0.0 0.0 0.873647
Person 0.0 0 0.0 1701.210938 451.669922 1846.289062 742.236328 0.0 0.0 0.0 0.0 0.0 0.0 0.0 0.901227
Person 0.0 0 0.0 241.875000 381.137695 390.468750 673.022461 0.0 0.0 0.0 0.0 0.0 0.0 0.0 0.910545
Person 0.0 0 0.0 380.507812 340.664062 548.085938 720.351562 0.0 0.0 0.0 0.0 0.0 0.0 0.0 0.916708
Person 0.0 0 0.0 1146.650391 73.366699 1202.724609 268.352051 0.0 0.0 0.0 0.0 0.0 0.0 0.0 0.918480
Person 0.0 0 0.0 1608.632812 880.532227 1820.742188 1073.803711 0.0 0.0 0.0 0.0 0.0 0.0 0.0 0.923868
Person 0.0 0 0.0 1209.199219 99.008789 1290.175781 322.602539 0.0 0.0 0.0 0.0 0.0 0.0 0.0 0.927888
Person 0.0 0 0.0 877.968750 362.944336 986.718750 739.204102 0.0 0.0 0.0 0.0 0.0 0.0 0.0 0.932207
Person 0.0 0 0.0 770.332031 282.788086 982.792969 623.715820 0.0 0.0 0.0 0.0 0.0 0.0 0.0 0.933431
Person 0.0 0 0.0 737.373047 25.642090 825.439453 284.699707 0.0 0.0 0.0 0.0 0.0 0.0 0.0 0.957118
Person 0.0 0 0.0 1436.132812 637.031250 1695.117188 1013.554688 0.0 0.0 0.0 0.0 0.0 0.0 0.0 0.960657
Person 0.0 0 0.0 1223.789062 557.797852 1406.835938 911.381836 0.0 0.0 0.0 0.0 0.0 0.0 0.0 0.966156
Person 0.0 0 0.0 1169.531250 461.293945 1326.093750 835.971680 0.0 0.0 0.0 0.0 0.0 0.0 0.0 0.970688
