Person 0.0 0 0.0 1793.789062 281.337891 1873.710938 470.126953 0.0 0.0 0.0 0.0 0.0 0.0 0.0 0.311113
Person 0.0 0 0.0 394.980469 144.755859 488.613281 371.513672 0.0 0.0 0.0 0.0 0.0 0.0 0.0 0.313630
Person 0.0 0 0.0 1363.374023 94.427490 1419.125977 149.600830 0.0 0.0 0.0 0.0 0.0 0.0 0.0 0.319546
Person 0.0 0 0.0 1811.923828 921.335449 1918.000000 1073.078613 0.0 0.0 0.0 0.0 0.0 0.0 0.0 0.380299
Person 0.0 0 0.0 1170.878906 942.659912 1349.121094 1074.957275 0.0 0.0 0.0 0.0 0.0 0.0 0.0 0.426322
Person 0.0 0 0.0 0.000000 619.233398 135.351562 866.821289 0.0 0.0 0.0 0.0 0.0 0.0 0.0 0.589835
Person 0.0 0 0.0 1785.996094 312.648926 1905.878906 527.937012 0.0 0.0 0.0 0.0 0.0 0.0 0.0 0.609524
Person 0.0 0 0.0 1671.328125 953.074951 1849.921875 1076.143799 0.0 0.0 0.0 0.0 0.0 0.0 0.0 0.619701
Person 0.0 0 0.0 667.792969 306.123047 771.269531 673.681641 0.0 0.0 0.0 0.0 0.0 0.0 0.0 0.633410
Person 0.0 0 0.0 1334.326172 113.774414 1421.923828 331.040039 0.0 0.0 0.0 0.0 0.0 0.0 0.0 0.864310
Person 0.0 0 0.0 1787.636719 367.492676 1911.738281 596.491699 0.0 0.0 0.0 0.0 0.0 0.0 0.0 0.887984
Person 0.0 0 0.0 684.257812 329.985352 848.554688 754.233398 0.0 0.0 0.0 0.0 0.0 0.0 0.0 0.893681
Person 0.0 0 0.0 357.363281 334.863281 556.230469 707.167969 0.0 0.0 0.0 0.0 0.0 0.0 0.0 0.912124
Person 0.0 0 0.0 862.441406 334.731445 986.308594 688.842773 0.0 0.0 0.0 0.0 0.0 0.0 0.0 0.935817
Person 0.0 0 0.0 64.687500 659.707031 365.390625 1060.488281 0.0 0.0 0.0 0.0 0.0 0.0 0.0 0.942507
Person 0.0 0 0.0 203.203125 479.750977 433.828125 869.194336 0.0 0.0 0.0 0.0 0.0 0.0 0.0 0.953275
Person 0.0 0 0.0 231.914062 392.475586 402.773438 688.579102 0.0 0.0 0.0 0.0 0.0 0.0 0.0 0.956796
Person 0.0 0 0.0 1157.431641 92.153320 1225.693359 299.926758 0.0 0.0 0.0 0.0 0.0 0.0 0.0 0.960952
Person 0.0 0 0.0 1182.099609 120.300293 1298.525391 352.463379 0.0 0.0 0.0 0.0 0.0 0.0 0.0 0.965250
Person 0.0 0 0.0 907.441406 138.427734 990.058594 412.119141 0.0 0.0 0.0 0.0 0.0 0.0 0.0 0.969324
