Person 0.0 0 0.0 395.039062 144.492188 489.023438 371.777344 0.0 0.0 0.0 0.0 0.0 0.0 0.0 0.313210
Person 0.0 0 0.0 1787.285156 359.252930 1915.839844 592.075195 0.0 0.0 0.0 0.0 0.0 0.0 0.0 0.328529
Person 0.0 0 0.0 1811.044922 920.412598 1918.000000 1074.001465 0.0 0.0 0.0 0.0 0.0 0.0 0.0 0.411111
Person 0.0 0 0.0 1170.878906 942.462158 1349.121094 1074.100342 0.0 0.0 0.0 0.0 0.0 0.0 0.0 0.423458
Person 0.0 0 0.0 1668.574219 957.062988 1854.550781 1075.319824 0.0 0.0 0.0 0.0 0.0 0.0 0.0 0.647798
Person 0.0 0 0.0 1397.856445 88.132324 1454.018555 266.242676 0.0 0.0 0.0 0.0 0.0 0.0 0.0 0.788583
Person 0.0 0 0.0 373.652344 337.368164 553.535156 649.819336 0.0 0.0 0.0 0.0 0.0 0.0 0.0 0.796292
Person 0.0 0 0.0 1786.669922 307.243652 1903.330078 542.834473 0.0 0.0 0.0 0.0 0.0 0.0 0.0 0.845942
Person 0.0 0 0.0 722.167969 343.828125 889.394531 766.757812 0.0 0.0 0.0 0.0 0.0 0.0 0.0 0.893309
Person 0.0 0 0.0 868.769531 301.640625 965.917969 649.687500 0.0 0.0 0.0 0.0 0.0 0.0 0.0 0.895157
Person 0.0 0 0.0 652.558594 316.933594 780.878906 682.910156 0.0 0.0 0.0 0.0 0.0 0.0 0.0 0.936052
Person 0.0 0 0.0 222.246094 394.453125 402.128906 690.820312 0.0 0.0 0.0 0.0 0.0 0.0 0.0 0.951504
Person 0.0 0 0.0 419.648438 582.055664 690.351562 986.264648 0.0 0.0 0.0 0.0 0.0 0.0 0.0 0.952926
Person 0.0 0 0.0 1334.296875 114.367676 1418.203125 332.556152 0.0 0.0 0.0 0.0 0.0 0.0 0.0 0.961822
Person 0.0 0 0.0 1184.414062 122.673340 1298.085938 352.199707 0.0 0.0 0.0 0.0 0.0 0.0 0.0 0.964456
Person 0.0 0 0.0 910.605469 138.493652 987.832031 385.422363 0.0 0.0 0.0 0.0 0.0 0.0 0.0 0.969091
Person 0.0 0 0.0 1157.695312 91.032715 1251.679688 300.256348 0.0 0.0 0.0 0.0 0.0 0.0 0.0 0.979354
