Person 0.0 0 0.0 1175.126953 90.142822 1222.998047 198.314209 0.0 0.0 0.0 0.0 0.0 0.0 0.0 0.326379
Person 0.0 0 0.0 1813.066406 915.468750 1918.000000 1074.726562 0.0 0.0 0.0 0.0 0.0 0.0 0.0 0.366590
Person 0.0 0 0.0 1180.297852 90.604248 1221.577148 161.993408 0.0 0.0 0.0 0.0 0.0 0.0 0.0 0.412057
Person 0.0 0 0.0 1170.703125 942.462158 1349.296875 1075.155029 0.0 0.0 0.0 0.0 0.0 0.0 0.0 0.436862
Person 0.0 0 0.0 1671.621094 946.614990 1847.753906 1076.275635 0.0 0.0 0.0 0.0 0.0 0.0 0.0 0.627038
Person 0.0 0 0.0 1398.427734 88.857422 1457.197266 272.373047 0.0 0.0 0.0 0.0 0.0 0.0 0.0 0.668015
Person 0.0 0 0.0 376.289062 353.979492 537.304688 725.493164 0.0 0.0 0.0 0.0 0.0 0.0 0.0 0.859664
Person 0.0 0 0.0 877.763672 350.947266 971.923828 702.158203 0.0 0.0 0.0 0.0 0.0 0.0 0.0 0.894789
Person 0.0 0 0.0 1781.865234 312.780762 1900.634766 528.859863 0.0 0.0 0.0 0.0 0.0 0.0 0.0 0.895523
Person 0.0 0 0.0 1211.704102 117.531738 1267.045898 345.476074 0.0 0.0 0.0 0.0 0.0 0.0 0.0 0.896251
Person 0.0 0 0.0 56.250000 852.583008 301.640625 1073.276367 0.0 0.0 0.0 0.0 0.0 0.0 0.0 0.914596
Person 0.0 0 0.0 219.140625 396.166992 399.609375 691.215820 0.0 0.0 0.0 0.0 0.0 0.0 0.0 0.916708
Person 0.0 0 0.0 1791.884766 362.680664 1907.490234 598.666992 0.0 0.0 0.0 0.0 0.0 0.0 0.0 0.917893
Person 0.0 0 0.0 1301.074219 310.605469 1430.800781 653.378906 0.0 0.0 0.0 0.0 0.0 0.0 0.0 0.932699
Person 0.0 0 0.0 752.402344 241.787109 890.097656 620.947266 0.0 0.0 0.0 0.0 0.0 0.0 0.0 0.936981
Person 0.0 0 0.0 625.078125 298.081055 748.359375 695.434570 0.0 0.0 0.0 0.0 0.0 0.0 0.0 0.943971
Person 0.0 0 0.0 1113.662109 152.600098 1230.087891 416.931152 0.0 0.0 0.0 0.0 0.0 0.0 0.0 0.964456
