Person 0.0 0 0.0 1170.703125 941.901855 1349.296875 1075.715332 0.0 0.0 0.0 0.0 0.0 0.0 0.0 0.509764
Person 0.0 0 0.0 1764.609375 789.829102 1918.000000 1071.694336 0.0 0.0 0.0 0.0 0.0 0.0 0.0 0.524395
Person 0.0 0 0.0 1735.019531 337.961426 1851.855469 597.019043 0.0 0.0 0.0 0.0 0.0 0.0 0.0 0.691810
Person 0.0 0 0.0 826.406250 265.517578 989.531250 626.748047 0.0 0.0 0.0 0.0 0.0 0.0 0.0 0.730290
Person 0.0 0 0.0 1609.570312 889.233398 1832.929688 1074.594727 0.0 0.0 0.0 0.0 0.0 0.0 0.0 0.822760
Person 0.0 0 0.0 1736.894531 475.795898 1906.230469 757.133789 0.0 0.0 0.0 0.0 0.0 0.0 0.0 0.849971
Person 0.0 0 0.0 849.433594 522.597656 1049.003906 924.433594 0.0 0.0 0.0 0.0 0.0 0.0 0.0 0.877477
Person 0.0 0 0.0 373.828125 342.641602 548.671875 728.393555 0.0 0.0 0.0 0.0 0.0 0.0 0.0 0.890294
Person 0.0 0 0.0 692.050781 344.619141 811.699219 782.841797 0.0 0.0 0.0 0.0 0.0 0.0 0.0 0.896251
Person 0.0 0 0.0 789.726562 372.700195 989.648438 728.393555 0.0 0.0 0.0 0.0 0.0 0.0 0.0 0.896976
Person 0.0 0 0.0 271.406250 385.751953 415.781250 687.392578 0.0 0.0 0.0 0.0 0.0 0.0 0.0 0.902266
Person 0.0 0 0.0 1098.530273 79.167480 1157.094727 270.461426 0.0 0.0 0.0 0.0 0.0 0.0 0.0 0.929951
Person 0.0 0 0.0 533.935547 115.158691 612.626953 356.813965 0.0 0.0 0.0 0.0 0.0 0.0 0.0 0.936518
Person 0.0 0 0.0 464.208984 8.767090 531.416016 216.540527 0.0 0.0 0.0 0.0 0.0 0.0 0.0 0.937211
Person 0.0 0 0.0 1222.265625 563.994141 1402.734375 911.513672 0.0 0.0 0.0 0.0 0.0 0.0 0.0 0.938350
Person 0.0 0 0.0 1230.585938 107.775879 1306.289062 335.720215 0.0 0.0 0.0 0.0 0.0 0.0 0.0 0.956309
Person 0.0 0 0.0 1121.542969 467.622070 1265.332031 838.081055 0.0 0.0 0.0 0.0 0.0 0.0 0.0 0.965119
