Person 0.0 0 0.0 396.914062 144.426270 487.617188 342.839355 0.0 0.0 0.0 0.0 0.0 0.0 0.0 0.431105
Person 0.0 0 0.0 0.351562 545.537109 116.777344 819.228516 0.0 0.0 0.0 0.0 0.0 0.0 0.0 0.452294
Person 0.0 0 0.0 1171.171875 942.297363 1350.703125 1075.319824 0.0 0.0 0.0 0.0 0.0 0.0 0.0 0.472683
Person 0.0 0 0.0 415.166016 87.473145 468.427734 198.347168 0.0 0.0 0.0 0.0 0.0 0.0 0.0 0.599251
Person 0.0 0 0.0 1184.077148 93.801270 1234.672852 231.833496 0.0 0.0 0.0 0.0 0.0 0.0 0.0 0.680879
Person 0.0 0 0.0 1686.269531 929.904785 1889.355469 1076.110840 0.0 0.0 0.0 0.0 0.0 0.0 0.0 0.777300
Person 0.0 0 0.0 1793.847656 368.679199 1918.000000 598.996582 0.0 0.0 0.0 0.0 0.0 0.0 0.0 0.800692
Person 0.0 0 0.0 1293.691406 89.450684 1376.308594 221.682129 0.0 0.0 0.0 0.0 0.0 0.0 0.0 0.854399
Person 0.0 0 0.0 682.265625 654.960938 1157.109375 1072.617188 0.0 0.0 0.0 0.0 0.0 0.0 0.0 0.896251
Person 0.0 0 0.0 1112.783203 149.765625 1202.841797 428.203125 0.0 0.0 0.0 0.0 0.0 0.0 0.0 0.896976
Person 0.0 0 0.0 392.871094 318.120117 554.472656 710.727539 0.0 0.0 0.0 0.0 0.0 0.0 0.0 0.901227
Person 0.0 0 0.0 887.255859 158.730469 960.556641 468.281250 0.0 0.0 0.0 0.0 0.0 0.0 0.0 0.904987
Person 0.0 0 0.0 1076.191406 560.170898 1233.808594 1008.149414 0.0 0.0 0.0 0.0 0.0 0.0 0.0 0.919353
Person 0.0 0 0.0 1211.425781 125.573730 1280.449219 295.246582 0.0 0.0 0.0 0.0 0.0 0.0 0.0 0.919643
Person 0.0 0 0.0 832.822266 137.109375 914.677734 419.238281 0.0 0.0 0.0 0.0 0.0 0.0 0.0 0.928926
Person 0.0 0 0.0 1779.316406 302.431641 1912.558594 535.517578 0.0 0.0 0.0 0.0 0.0 0.0 0.0 0.933915
Person 0.0 0 0.0 700.546875 254.970703 849.140625 592.470703 0.0 0.0 0.0 0.0 0.0 0.0 0.0 0.935346
Person 0.0 0 0.0 206.367188 400.385742 397.382812 700.708008 0.0 0.0 0.0 0.0 0.0 0.0 0.0 0.946200
Person 0.0 0 0.0 688.886719 72.839355 775.488281 325.568848 0.0 0.0 0.0 0.0 0.0 0.0 0.0 0.964722
Person 0.0 0 0.0 1122.773438 238.886719 1262.226562 572.695312 0.0 0.0 0.0 0.0 0.0 0.0 0.0 0.973241
