Person 0.0 0 0.0 415.092773 89.121094 459.125977 208.828125 0.0 0.0 0.0 0.0 0.0 0.0 0.0 0.417746
Person 0.0 0 0.0 1693.828125 982.243652 1870.546875 1075.451660 0.0 0.0 0.0 0.0 0.0 0.0 0.0 0.455199
Person 0.0 0 0.0 1170.820312 942.132568 1352.929688 1074.429932 0.0 0.0 0.0 0.0 0.0 0.0 0.0 0.468791
Person 0.0 0 0.0 1323.076172 106.457520 1393.798828 250.817871 0.0 0.0 0.0 0.0 0.0 0.0 0.0 0.532182
Person 0.0 0 0.0 1318.183594 745.400391 1541.191406 1072.880859 0.0 0.0 0.0 0.0 0.0 0.0 0.0 0.554470
Person 0.0 0 0.0 661.582031 718.374023 872.167969 1067.211914 0.0 0.0 0.0 0.0 0.0 0.0 0.0 0.668880
Person 0.0 0 0.0 1802.607422 366.833496 1918.000000 600.842285 0.0 0.0 0.0 0.0 0.0 0.0 0.0 0.690142
Person 0.0 0 0.0 879.609375 115.620117 957.890625 403.813477 0.0 0.0 0.0 0.0 0.0 0.0 0.0 0.699254
Person 0.0 0 0.0 1.113281 703.608398 229.160156 1032.407227 0.0 0.0 0.0 0.0 0.0 0.0 0.0 0.727975
Person 0.0 0 0.0 1290.087891 204.938965 1387.412109 460.568848 0.0 0.0 0.0 0.0 0.0 0.0 0.0 0.892563
Person 0.0 0 0.0 840.117188 530.771484 1117.382812 938.408203 0.0 0.0 0.0 0.0 0.0 0.0 0.0 0.898767
Person 0.0 0 0.0 24.550781 509.414062 257.402344 905.976562 0.0 0.0 0.0 0.0 0.0 0.0 0.0 0.906653
Person 0.0 0 0.0 530.595703 135.791016 617.841797 384.960938 0.0 0.0 0.0 0.0 0.0 0.0 0.0 0.915809
Person 0.0 0 0.0 1242.773438 192.678223 1314.726562 380.544434 0.0 0.0 0.0 0.0 0.0 0.0 0.0 0.931711
Person 0.0 0 0.0 1670.683594 600.644531 1893.691406 926.542969 0.0 0.0 0.0 0.0 0.0 0.0 0.0 0.935817
Person 0.0 0 0.0 1782.597656 312.253418 1907.402344 538.879395 0.0 0.0 0.0 0.0 0.0 0.0 0.0 0.952926
Person 0.0 0 0.0 1165.898438 93.603516 1239.726562 304.013672 0.0 0.0 0.0 0.0 0.0 0.0 0.0 0.953622
Person 0.0 0 0.0 1012.236328 101.250000 1112.138672 392.343750 0.0 0.0 0.0 0.0 0.0 0.0 0.0 0.960212
Person 0.0 0 0.0 893.203125 156.225586 1015.546875 447.055664 0.0 0.0 0.0 0.0 0.0 0.0 0.0 0.965771
Person 0.0 0 0.0 1176.621094 121.157227 1268.378906 358.461914 0.0 0.0 0.0 0.0 0.0 0.0 0.0 0.968856
