Person 0.0 0 0.0 1807.529297 915.798340 1918.000000 1074.396973 0.0 0.0 0.0 0.0 0.0 0.0 0.0 0.404507
Person 0.0 0 0.0 1170.703125 942.462158 1349.296875 1075.155029 0.0 0.0 0.0 0.0 0.0 0.0 0.0 0.450359
Person 0.0 0 0.0 1183.154297 116.608887 1261.845703 349.035645 0.0 0.0 0.0 0.0 0.0 0.0 0.0 0.459076
Person 0.0 0 0.0 1398.251953 89.648438 1457.373047 272.109375 0.0 0.0 0.0 0.0 0.0 0.0 0.0 0.553505
Person 0.0 0 0.0 1666.464844 935.178223 1845.410156 1076.110840 0.0 0.0 0.0 0.0 0.0 0.0 0.0 0.790530
Person 0.0 0 0.0 1157.753906 91.032715 1219.746094 301.311035 0.0 0.0 0.0 0.0 0.0 0.0 0.0 0.798187
Person 0.0 0 0.0 376.582031 351.738281 537.949219 724.570312 0.0 0.0 0.0 0.0 0.0 0.0 0.0 0.847463
Person 0.0 0 0.0 1781.015625 311.132812 1899.609375 528.925781 0.0 0.0 0.0 0.0 0.0 0.0 0.0 0.892187
Person 0.0 0 0.0 878.232422 346.069336 976.142578 702.290039 0.0 0.0 0.0 0.0 0.0 0.0 0.0 0.905322
Person 0.0 0 0.0 66.796875 849.814453 307.734375 1072.880859 0.0 0.0 0.0 0.0 0.0 0.0 0.0 0.919353
Person 0.0 0 0.0 1791.884766 362.416992 1907.490234 598.403320 0.0 0.0 0.0 0.0 0.0 0.0 0.0 0.922761
Person 0.0 0 0.0 228.281250 395.507812 400.312500 690.820312 0.0 0.0 0.0 0.0 0.0 0.0 0.0 0.926037
Person 0.0 0 0.0 1301.660156 307.705078 1430.214844 653.642578 0.0 0.0 0.0 0.0 0.0 0.0 0.0 0.932453
Person 0.0 0 0.0 624.257812 298.740234 763.242188 711.650391 0.0 0.0 0.0 0.0 0.0 0.0 0.0 0.939471
Person 0.0 0 0.0 751.757812 240.732422 886.992188 621.474609 0.0 0.0 0.0 0.0 0.0 0.0 0.0 0.942929
Person 0.0 0 0.0 1141.113281 153.259277 1249.511719 418.381348 0.0 0.0 0.0 0.0 0.0 0.0 0.0 0.961534
