Person 0.0 0 0.0 898.505859 134.736328 965.244141 322.734375 0.0 0.0 0.0 0.0 0.0 0.0 0.0 0.303216
Person 0.0 0 0.0 1216.157227 34.046631 1273.842773 164.761963 0.0 0.0 0.0 0.0 0.0 0.0 0.0 0.340705
Person 0.0 0 0.0 897.421875 134.736328 965.390625 404.736328 0.0 0.0 0.0 0.0 0.0 0.0 0.0 0.371137
Person 0.0 0 0.0 1197.128906 34.013672 1274.121094 289.248047 0.0 0.0 0.0 0.0 0.0 0.0 0.0 0.383064
Person 0.0 0 0.0 1170.527344 942.231445 1349.472656 1074.331055 0.0 0.0 0.0 0.0 0.0 0.0 0.0 0.479504
Person 0.0 0 0.0 1677.539062 971.037598 1860.585938 1074.001465 0.0 0.0 0.0 0.0 0.0 0.0 0.0 0.645120
Person 0.0 0 0.0 1799.824219 364.196777 1914.550781 599.260254 0.0 0.0 0.0 0.0 0.0 0.0 0.0 0.791821
Person 0.0 0 0.0 417.626953 89.714355 523.623047 299.201660 0.0 0.0 0.0 0.0 0.0 0.0 0.0 0.793746
Person 0.0 0 0.0 347.578125 330.776367 537.890625 710.727539 0.0 0.0 0.0 0.0 0.0 0.0 0.0 0.808067
Person 0.0 0 0.0 1361.601562 122.409668 1441.523438 346.398926 0.0 0.0 0.0 0.0 0.0 0.0 0.0 0.844922
Person 0.0 0 0.0 650.566406 480.410156 861.621094 1027.792969 0.0 0.0 0.0 0.0 0.0 0.0 0.0 0.891055
Person 0.0 0 0.0 230.273438 392.475586 402.070312 690.688477 0.0 0.0 0.0 0.0 0.0 0.0 0.0 0.900530
Person 0.0 0 0.0 1156.933594 98.283691 1229.941406 300.915527 0.0 0.0 0.0 0.0 0.0 0.0 0.0 0.905657
Person 0.0 0 0.0 1786.142578 311.923828 1903.857422 530.244141 0.0 0.0 0.0 0.0 0.0 0.0 0.0 0.909265
Person 0.0 0 0.0 617.431641 257.607422 722.255859 639.931641 0.0 0.0 0.0 0.0 0.0 0.0 0.0 0.915809
Person 0.0 0 0.0 775.019531 319.965820 918.105469 661.420898 0.0 0.0 0.0 0.0 0.0 0.0 0.0 0.924415
Person 0.0 0 0.0 472.441406 374.941406 650.683594 829.511719 0.0 0.0 0.0 0.0 0.0 0.0 0.0 0.939913
Person 0.0 0 0.0 1108.593750 569.531250 1321.406250 939.726562 0.0 0.0 0.0 0.0 0.0 0.0 0.0 0.943971
Person 0.0 0 0.0 1193.291016 123.200684 1277.958984 357.736816 0.0 0.0 0.0 0.0 0.0 0.0 0.0 0.958538
Person 0.0 0 0.0 851.074219 159.257812 953.613281 443.496094 0.0 0.0 0.0 0.0 0.0 0.0 0.0 0.974043
