Person 0.0 0 0.0 412.470703 0.049438 436.904297 49.026489 0.0 0.0 0.0 0.0 0.0 0.0 0.0 0.349977
Person 0.0 0 0.0 395.273438 140.866699 489.257812 372.766113 0.0 0.0 0.0 0.0 0.0 0.0 0.0 0.376623
Person 0.0 0 0.0 1804.189453 470.654297 1918.000000 705.322266 0.0 0.0 0.0 0.0 0.0 0.0 0.0 0.501953
Person 0.0 0 0.0 1170.234375 942.330322 1349.765625 1074.232178 0.0 0.0 0.0 0.0 0.0 0.0 0.0 0.513668
Person 0.0 0 0.0 1376.689453 135.659180 1445.185547 382.192383 0.0 0.0 0.0 0.0 0.0 0.0 0.0 0.578448
Person 0.0 0 0.0 0.234375 641.909180 136.992188 961.215820 0.0 0.0 0.0 0.0 0.0 0.0 0.0 0.756358
Person 0.0 0 0.0 390.058594 336.972656 551.660156 715.605469 0.0 0.0 0.0 0.0 0.0 0.0 0.0 0.881615
Person 0.0 0 0.0 471.855469 0.000000 535.957031 179.626465 0.0 0.0 0.0 0.0 0.0 0.0 0.0 0.893309
Person 0.0 0 0.0 1627.968750 889.562988 1848.281250 1076.374512 0.0 0.0 0.0 0.0 0.0 0.0 0.0 0.904987
Person 0.0 0 0.0 1078.886719 480.541992 1219.863281 846.254883 0.0 0.0 0.0 0.0 0.0 0.0 0.0 0.919643
Person 0.0 0 0.0 1072.441406 667.089844 1250.683594 965.566406 0.0 0.0 0.0 0.0 0.0 0.0 0.0 0.937440
Person 0.0 0 0.0 1148.818359 84.243164 1206.181641 289.379883 0.0 0.0 0.0 0.0 0.0 0.0 0.0 0.941439
Person 0.0 0 0.0 248.847656 367.822266 385.371094 701.103516 0.0 0.0 0.0 0.0 0.0 0.0 0.0 0.943348
Person 0.0 0 0.0 682.792969 310.605469 809.707031 717.714844 0.0 0.0 0.0 0.0 0.0 0.0 0.0 0.943556
Person 0.0 0 0.0 878.789062 362.285156 1023.398438 741.972656 0.0 0.0 0.0 0.0 0.0 0.0 0.0 0.944382
Person 0.0 0 0.0 838.242188 270.263672 993.632812 621.474609 0.0 0.0 0.0 0.0 0.0 0.0 0.0 0.947575
Person 0.0 0 0.0 895.034180 27.685547 951.840820 203.950195 0.0 0.0 0.0 0.0 0.0 0.0 0.0 0.948728
Person 0.0 0 0.0 73.476562 654.697266 315.351562 1029.638672 0.0 0.0 0.0 0.0 0.0 0.0 0.0 0.954137
Person 0.0 0 0.0 1184.882812 116.872559 1290.117188 337.434082 0.0 0.0 0.0 0.0 0.0 0.0 0.0 0.970240
