Person 0.0 0 0.0 1807.646484 916.721191 1918.000000 1074.528809 0.0 0.0 0.0 0.0 0.0 0.0 0.0 0.342462
Person 0.0 0 0.0 1170.527344 942.462158 1349.472656 1075.155029 0.0 0.0 0.0 0.0 0.0 0.0 0.0 0.446495
Person 0.0 0 0.0 1184.882812 118.059082 1261.992188 330.183105 0.0 0.0 0.0 0.0 0.0 0.0 0.0 0.461988
Person 0.0 0 0.0 1667.109375 929.377441 1842.890625 1076.638184 0.0 0.0 0.0 0.0 0.0 0.0 0.0 0.746139
Person 0.0 0 0.0 375.820312 351.474609 537.773438 724.306641 0.0 0.0 0.0 0.0 0.0 0.0 0.0 0.827271
Person 0.0 0 0.0 1781.337891 311.660156 1899.287109 529.980469 0.0 0.0 0.0 0.0 0.0 0.0 0.0 0.887205
Person 0.0 0 0.0 1792.412109 362.351074 1908.837891 598.469238 0.0 0.0 0.0 0.0 0.0 0.0 0.0 0.889529
Person 0.0 0 0.0 71.367188 845.068359 310.664062 1073.408203 0.0 0.0 0.0 0.0 0.0 0.0 0.0 0.891055
Person 0.0 0 0.0 878.408203 342.114258 970.341797 702.026367 0.0 0.0 0.0 0.0 0.0 0.0 0.0 0.901227
Person 0.0 0 0.0 226.816406 394.848633 400.371094 690.424805 0.0 0.0 0.0 0.0 0.0 0.0 0.0 0.905322
Person 0.0 0 0.0 1301.894531 303.486328 1429.980469 653.642578 0.0 0.0 0.0 0.0 0.0 0.0 0.0 0.924142
Person 0.0 0 0.0 621.972656 300.190430 762.714844 711.782227 0.0 0.0 0.0 0.0 0.0 0.0 0.0 0.924959
Person 0.0 0 0.0 750.996094 239.150391 891.503906 620.947266 0.0 0.0 0.0 0.0 0.0 0.0 0.0 0.936749
Person 0.0 0 0.0 1156.054688 90.505371 1219.570312 300.783691 0.0 0.0 0.0 0.0 0.0 0.0 0.0 0.942082
Person 0.0 0 0.0 1180.722656 154.973145 1271.777344 417.194824 0.0 0.0 0.0 0.0 0.0 0.0 0.0 0.950595
