Person 0.0 0 0.0 1171.933594 942.198486 1349.941406 1075.418701 0.0 0.0 0.0 0.0 0.0 0.0 0.0 0.509764
Person 0.0 0 0.0 360.761719 361.889648 543.457031 713.364258 0.0 0.0 0.0 0.0 0.0 0.0 0.0 0.569853
Person 0.0 0 0.0 1736.572266 338.225098 1852.177734 596.755371 0.0 0.0 0.0 0.0 0.0 0.0 0.0 0.754192
Person 0.0 0 0.0 1738.593750 461.557617 1900.781250 729.184570 0.0 0.0 0.0 0.0 0.0 0.0 0.0 0.779322
Person 0.0 0 0.0 824.707031 267.363281 987.480469 628.066406 0.0 0.0 0.0 0.0 0.0 0.0 0.0 0.853913
Person 0.0 0 0.0 1619.707031 899.318848 1832.167969 1075.056152 0.0 0.0 0.0 0.0 0.0 0.0 0.0 0.895888
Person 0.0 0 0.0 699.785156 347.651367 819.902344 752.387695 0.0 0.0 0.0 0.0 0.0 0.0 0.0 0.903975
Person 0.0 0 0.0 1240.400391 113.576660 1315.224609 340.993652 0.0 0.0 0.0 0.0 0.0 0.0 0.0 0.926037
Person 0.0 0 0.0 236.835938 367.163086 390.820312 686.997070 0.0 0.0 0.0 0.0 0.0 0.0 0.0 0.945601
Person 0.0 0 0.0 569.707031 111.599121 664.042969 347.189941 0.0 0.0 0.0 0.0 0.0 0.0 0.0 0.951863
Person 0.0 0 0.0 1224.140625 562.939453 1402.734375 910.458984 0.0 0.0 0.0 0.0 0.0 0.0 0.0 0.952926
Person 0.0 0 0.0 394.746094 555.820312 625.253906 954.492188 0.0 0.0 0.0 0.0 0.0 0.0 0.0 0.954478
Person 0.0 0 0.0 1149.843750 84.177246 1220.156250 288.918457 0.0 0.0 0.0 0.0 0.0 0.0 0.0 0.955319
Person 0.0 0 0.0 821.250000 371.909180 968.437500 739.731445 0.0 0.0 0.0 0.0 0.0 0.0 0.0 0.958538
Person 0.0 0 0.0 1147.558594 455.756836 1318.066406 838.344727 0.0 0.0 0.0 0.0 0.0 0.0 0.0 0.970240
