Person 0.0 0 0.0 903.691406 789.499512 1078.183594 1056.203613 0.0 0.0 0.0 0.0 0.0 0.0 0.0 0.306112
Person 0.0 0 0.0 1220.830078 104.479980 1308.544922 267.033691 0.0 0.0 0.0 0.0 0.0 0.0 0.0 0.316581
Person 0.0 0 0.0 397.119141 144.492188 488.349609 373.359375 0.0 0.0 0.0 0.0 0.0 0.0 0.0 0.319971
Person 0.0 0 0.0 7.734375 983.924561 209.062500 1074.825439 0.0 0.0 0.0 0.0 0.0 0.0 0.0 0.504883
Person 0.0 0 0.0 1170.878906 942.462158 1349.121094 1074.100342 0.0 0.0 0.0 0.0 0.0 0.0 0.0 0.515620
Person 0.0 0 0.0 1830.468750 304.804688 1908.281250 463.007812 0.0 0.0 0.0 0.0 0.0 0.0 0.0 0.568895
Person 0.0 0 0.0 388.300781 346.860352 545.917969 716.264648 0.0 0.0 0.0 0.0 0.0 0.0 0.0 0.834946
Person 0.0 0 0.0 1641.445312 923.906250 1838.554688 1074.726562 0.0 0.0 0.0 0.0 0.0 0.0 0.0 0.840783
Person 0.0 0 0.0 1533.984375 591.943359 1756.640625 974.267578 0.0 0.0 0.0 0.0 0.0 0.0 0.0 0.888759
Person 0.0 0 0.0 936.855469 538.681641 1086.269531 931.552734 0.0 0.0 0.0 0.0 0.0 0.0 0.0 0.896614
Person 0.0 0 0.0 662.871094 312.978516 799.628906 709.541016 0.0 0.0 0.0 0.0 0.0 0.0 0.0 0.904651
Person 0.0 0 0.0 1772.812500 362.285156 1890.937500 584.824219 0.0 0.0 0.0 0.0 0.0 0.0 0.0 0.921358
Person 0.0 0 0.0 1160.859375 86.616211 1222.265625 296.235352 0.0 0.0 0.0 0.0 0.0 0.0 0.0 0.923316
Person 0.0 0 0.0 466.230469 0.000000 530.332031 179.758301 0.0 0.0 0.0 0.0 0.0 0.0 0.0 0.925500
Person 0.0 0 0.0 877.353516 350.419922 970.458984 702.685547 0.0 0.0 0.0 0.0 0.0 0.0 0.0 0.930711
Person 0.0 0 0.0 755.859375 250.488281 913.828125 637.558594 0.0 0.0 0.0 0.0 0.0 0.0 0.0 0.932944
Person 0.0 0 0.0 248.730469 385.488281 389.238281 695.566406 0.0 0.0 0.0 0.0 0.0 0.0 0.0 0.945601
Person 0.0 0 0.0 1072.382812 644.150391 1265.742188 1004.326172 0.0 0.0 0.0 0.0 0.0 0.0 0.0 0.951504
Person 0.0 0 0.0 1200.087891 108.105469 1304.912109 348.837891 0.0 0.0 0.0 0.0 0.0 0.0 0.0 0.957118
