Person 0.0 0 0.0 395.390625 144.360352 488.671875 370.063477 0.0 0.0 0.0 0.0 0.0 0.0 0.0 0.301156
Person 0.0 0 0.0 1812.568359 921.730957 1918.000000 1073.737793 0.0 0.0 0.0 0.0 0.0 0.0 0.0 0.349089
Person 0.0 0 0.0 1367.446289 93.405762 1422.553711 153.259277 0.0 0.0 0.0 0.0 0.0 0.0 0.0 0.351756
Person 0.0 0 0.0 1170.703125 942.396240 1349.296875 1074.166260 0.0 0.0 0.0 0.0 0.0 0.0 0.0 0.451327
Person 0.0 0 0.0 228.339844 391.420898 401.660156 646.918945 0.0 0.0 0.0 0.0 0.0 0.0 0.0 0.507812
Person 0.0 0 0.0 0.087891 541.977539 94.775391 870.249023 0.0 0.0 0.0 0.0 0.0 0.0 0.0 0.530236
Person 0.0 0 0.0 1669.453125 953.371582 1849.921875 1075.847168 0.0 0.0 0.0 0.0 0.0 0.0 0.0 0.590779
Person 0.0 0 0.0 667.705078 305.859375 771.357422 673.945312 0.0 0.0 0.0 0.0 0.0 0.0 0.0 0.619701
Person 0.0 0 0.0 1785.644531 313.176270 1906.230469 528.464355 0.0 0.0 0.0 0.0 0.0 0.0 0.0 0.767690
Person 0.0 0 0.0 684.433594 331.040039 848.378906 754.233398 0.0 0.0 0.0 0.0 0.0 0.0 0.0 0.858719
Person 0.0 0 0.0 271.992188 447.187500 444.726562 857.460938 0.0 0.0 0.0 0.0 0.0 0.0 0.0 0.884039
Person 0.0 0 0.0 1333.740234 113.181152 1420.634766 330.578613 0.0 0.0 0.0 0.0 0.0 0.0 0.0 0.886027
Person 0.0 0 0.0 355.371094 334.335938 554.941406 707.167969 0.0 0.0 0.0 0.0 0.0 0.0 0.0 0.888759
Person 0.0 0 0.0 1787.695312 366.042480 1909.804688 595.832520 0.0 0.0 0.0 0.0 0.0 0.0 0.0 0.891434
Person 0.0 0 0.0 851.132812 336.181641 956.367188 721.142578 0.0 0.0 0.0 0.0 0.0 0.0 0.0 0.932207
Person 0.0 0 0.0 28.710938 664.453125 327.773438 1056.796875 0.0 0.0 0.0 0.0 0.0 0.0 0.0 0.948537
Person 0.0 0 0.0 1195.781250 122.343750 1294.218750 353.320312 0.0 0.0 0.0 0.0 0.0 0.0 0.0 0.957596
Person 0.0 0 0.0 906.972656 137.636719 990.527344 408.691406 0.0 0.0 0.0 0.0 0.0 0.0 0.0 0.960361
Person 0.0 0 0.0 1157.197266 91.823730 1227.802734 300.256348 0.0 0.0 0.0 0.0 0.0 0.0 0.0 0.962391
