Person 0.0 0 0.0 1801.757812 916.853027 1918.000000 1077.561035 0.0 0.0 0.0 0.0 0.0 0.0 0.0 0.466846
Person 0.0 0 0.0 1176.035156 942.593994 1353.339844 1075.023193 0.0 0.0 0.0 0.0 0.0 0.0 0.0 0.514644
Person 0.0 0 0.0 1326.679688 760.297852 1517.695312 1073.803711 0.0 0.0 0.0 0.0 0.0 0.0 0.0 0.674908
Person 0.0 0 0.0 1234.599609 169.672852 1304.150391 313.637695 0.0 0.0 0.0 0.0 0.0 0.0 0.0 0.724091
Person 0.0 0 0.0 922.734375 873.940430 1173.515625 1074.067383 0.0 0.0 0.0 0.0 0.0 0.0 0.0 0.803174
Person 0.0 0 0.0 1794.726562 367.097168 1915.898438 597.941895 0.0 0.0 0.0 0.0 0.0 0.0 0.0 0.853913
Person 0.0 0 0.0 386.191406 340.927734 537.714844 722.197266 0.0 0.0 0.0 0.0 0.0 0.0 0.0 0.890675
Person 0.0 0 0.0 223.476562 437.431641 380.273438 791.279297 0.0 0.0 0.0 0.0 0.0 0.0 0.0 0.917893
Person 0.0 0 0.0 452.900391 77.255859 517.412109 317.988281 0.0 0.0 0.0 0.0 0.0 0.0 0.0 0.924688
Person 0.0 0 0.0 1180.371094 123.332520 1272.128906 352.331543 0.0 0.0 0.0 0.0 0.0 0.0 0.0 0.928926
Person 0.0 0 0.0 701.894531 646.655273 899.355469 1074.594727 0.0 0.0 0.0 0.0 0.0 0.0 0.0 0.943138
Person 0.0 0 0.0 1780.488281 309.550781 1900.136719 538.945312 0.0 0.0 0.0 0.0 0.0 0.0 0.0 0.946990
Person 0.0 0 0.0 838.652344 133.681641 935.097656 429.521484 0.0 0.0 0.0 0.0 0.0 0.0 0.0 0.950595
Person 0.0 0 0.0 846.621094 16.479492 910.253906 207.641602 0.0 0.0 0.0 0.0 0.0 0.0 0.0 0.951863
Person 0.0 0 0.0 937.148438 168.090820 1039.101562 462.612305 0.0 0.0 0.0 0.0 0.0 0.0 0.0 0.957754
Person 0.0 0 0.0 672.128906 248.906250 817.558594 588.515625 0.0 0.0 0.0 0.0 0.0 0.0 0.0 0.959001
Person 0.0 0 0.0 1299.785156 160.971680 1392.714844 431.235352 0.0 0.0 0.0 0.0 0.0 0.0 0.0 0.962391
Person 0.0 0 0.0 1169.296875 254.970703 1303.828125 605.126953 0.0 0.0 0.0 0.0 0.0 0.0 0.0 0.970909
Person 0.0 0 0.0 1165.898438 93.603516 1239.726562 304.013672 0.0 0.0 0.0 0.0 0.0 0.0 0.0 0.972624
Person 0.0 0 0.0 1001.074219 75.607910 1082.050781 342.312012 0.0 0.0 0.0 0.0 0.0 0.0 0.0 0.973037
