Person 0.0 0 0.0 902.402344 788.247070 1073.847656 1068.002930 0.0 0.0 0.0 0.0 0.0 0.0 0.0 0.356671
Person 0.0 0 0.0 415.283203 88.461914 465.498047 216.342773 0.0 0.0 0.0 0.0 0.0 0.0 0.0 0.371137
Person 0.0 0 0.0 1182.011719 59.095459 1249.863281 193.502197 0.0 0.0 0.0 0.0 0.0 0.0 0.0 0.416797
Person 0.0 0 0.0 1223.964844 942.363281 1352.285156 1075.253906 0.0 0.0 0.0 0.0 0.0 0.0 0.0 0.462959
Person 0.0 0 0.0 1256.103516 121.025391 1293.896484 238.095703 0.0 0.0 0.0 0.0 0.0 0.0 0.0 0.543832
Person 0.0 0 0.0 1165.546875 59.128418 1249.453125 302.629395 0.0 0.0 0.0 0.0 0.0 0.0 0.0 0.545770
Person 0.0 0 0.0 1806.181641 372.502441 1918.000000 608.356934 0.0 0.0 0.0 0.0 0.0 0.0 0.0 0.591723
Person 0.0 0 0.0 893.554688 854.824219 1227.070312 1074.199219 0.0 0.0 0.0 0.0 0.0 0.0 0.0 0.798187
Person 0.0 0 0.0 76.992188 590.756836 313.007812 932.211914 0.0 0.0 0.0 0.0 0.0 0.0 0.0 0.902952
Person 0.0 0 0.0 1295.654297 210.212402 1408.095703 465.842285 0.0 0.0 0.0 0.0 0.0 0.0 0.0 0.909265
Person 0.0 0 0.0 845.361328 130.253906 945.263672 418.183594 0.0 0.0 0.0 0.0 0.0 0.0 0.0 0.924959
Person 0.0 0 0.0 1332.832031 755.156250 1530.292969 1073.671875 0.0 0.0 0.0 0.0 0.0 0.0 0.0 0.929951
Person 0.0 0 0.0 694.570312 649.819336 966.679688 1073.540039 0.0 0.0 0.0 0.0 0.0 0.0 0.0 0.934634
Person 0.0 0 0.0 1180.693359 168.486328 1284.931641 445.341797 0.0 0.0 0.0 0.0 0.0 0.0 0.0 0.940790
Person 0.0 0 0.0 248.144531 398.671875 424.511719 781.523438 0.0 0.0 0.0 0.0 0.0 0.0 0.0 0.941654
Person 0.0 0 0.0 648.925781 166.113281 780.761719 442.968750 0.0 0.0 0.0 0.0 0.0 0.0 0.0 0.950227
Person 0.0 0 0.0 928.769531 162.158203 1049.355469 461.689453 0.0 0.0 0.0 0.0 0.0 0.0 0.0 0.960361
Person 0.0 0 0.0 1169.414062 263.144531 1311.210938 615.410156 0.0 0.0 0.0 0.0 0.0 0.0 0.0 0.962250
Person 0.0 0 0.0 1778.789062 307.375488 1899.960938 536.374512 0.0 0.0 0.0 0.0 0.0 0.0 0.0 0.962953
Person 0.0 0 0.0 1022.841797 102.568359 1118.408203 392.607422 0.0 0.0 0.0 0.0 0.0 0.0 0.0 0.966156
