Person 0.0 0 0.0 1823.027344 916.457520 1918.000000 1075.847168 0.0 0.0 0.0 0.0 0.0 0.0 0.0 0.330255
Person 0.0 0 0.0 1170.058594 942.396240 1349.941406 1074.166260 0.0 0.0 0.0 0.0 0.0 0.0 0.0 0.444565
Person 0.0 0 0.0 1801.289062 361.823730 1907.460938 597.414551 0.0 0.0 0.0 0.0 0.0 0.0 0.0 0.589835
Person 0.0 0 0.0 345.703125 344.223633 551.953125 718.901367 0.0 0.0 0.0 0.0 0.0 0.0 0.0 0.800692
Person 0.0 0 0.0 1662.011719 933.662109 1853.613281 1076.572266 0.0 0.0 0.0 0.0 0.0 0.0 0.0 0.823328
Person 0.0 0 0.0 878.115234 330.644531 996.884766 702.421875 0.0 0.0 0.0 0.0 0.0 0.0 0.0 0.910227
Person 0.0 0 0.0 73.300781 843.815918 309.902344 1073.605957 0.0 0.0 0.0 0.0 0.0 0.0 0.0 0.923868
Person 0.0 0 0.0 663.486328 314.692383 764.326172 708.881836 0.0 0.0 0.0 0.0 0.0 0.0 0.0 0.925230
Person 0.0 0 0.0 1781.572266 310.671387 1899.052734 545.734863 0.0 0.0 0.0 0.0 0.0 0.0 0.0 0.928409
Person 0.0 0 0.0 221.660156 393.002930 398.027344 689.106445 0.0 0.0 0.0 0.0 0.0 0.0 0.0 0.932944
Person 0.0 0 0.0 1157.021484 91.296387 1224.228516 300.783691 0.0 0.0 0.0 0.0 0.0 0.0 0.0 0.949295
Person 0.0 0 0.0 757.910156 260.507812 884.589844 621.210938 0.0 0.0 0.0 0.0 0.0 0.0 0.0 0.951142
Person 0.0 0 0.0 1274.472656 314.956055 1406.777344 661.684570 0.0 0.0 0.0 0.0 0.0 0.0 0.0 0.951504
Person 0.0 0 0.0 1027.822266 162.026367 1117.177734 435.454102 0.0 0.0 0.0 0.0 0.0 0.0 0.0 0.953101
Person 0.0 0 0.0 1187.109375 125.507812 1293.515625 359.648438 0.0 0.0 0.0 0.0 0.0 0.0 0.0 0.962108
