Person 0.0 0 0.0 1818.310547 916.193848 1918.000000 1074.001465 0.0 0.0 0.0 0.0 0.0 0.0 0.0 0.343342
Person 0.0 0 0.0 1378.300781 123.200684 1439.824219 300.256348 0.0 0.0 0.0 0.0 0.0 0.0 0.0 0.361165
Person 0.0 0 0.0 1170.527344 941.176758 1349.472656 1071.166992 0.0 0.0 0.0 0.0 0.0 0.0 0.0 0.369315
Person 0.0 0 0.0 838.974609 139.284668 924.462891 397.814941 0.0 0.0 0.0 0.0 0.0 0.0 0.0 0.413951
Person 0.0 0 0.0 739.863281 240.600586 869.824219 425.961914 0.0 0.0 0.0 0.0 0.0 0.0 0.0 0.461017
Person 0.0 0 0.0 1693.710938 961.973877 1859.414062 1074.627686 0.0 0.0 0.0 0.0 0.0 0.0 0.0 0.664540
Person 0.0 0 0.0 1338.369141 185.888672 1436.630859 413.173828 0.0 0.0 0.0 0.0 0.0 0.0 0.0 0.685949
Person 0.0 0 0.0 724.277344 342.377930 884.472656 834.653320 0.0 0.0 0.0 0.0 0.0 0.0 0.0 0.836020
Person 0.0 0 0.0 587.578125 249.038086 738.046875 659.575195 0.0 0.0 0.0 0.0 0.0 0.0 0.0 0.875787
Person 0.0 0 0.0 348.339844 326.030273 554.941406 709.145508 0.0 0.0 0.0 0.0 0.0 0.0 0.0 0.886420
Person 0.0 0 0.0 928.300781 299.135742 1072.324219 675.395508 0.0 0.0 0.0 0.0 0.0 0.0 0.0 0.900879
Person 0.0 0 0.0 507.216797 81.804199 584.033203 327.678223 0.0 0.0 0.0 0.0 0.0 0.0 0.0 0.927100
Person 0.0 0 0.0 245.507812 369.404297 396.210938 689.501953 0.0 0.0 0.0 0.0 0.0 0.0 0.0 0.928409
Person 0.0 0 0.0 1776.210938 302.497559 1898.789062 529.123535 0.0 0.0 0.0 0.0 0.0 0.0 0.0 0.929184
Person 0.0 0 0.0 1201.083984 125.969238 1294.541016 364.987793 0.0 0.0 0.0 0.0 0.0 0.0 0.0 0.931960
Person 0.0 0 0.0 1054.570312 31.508789 1109.179688 229.130859 0.0 0.0 0.0 0.0 0.0 0.0 0.0 0.932453
Person 0.0 0 0.0 1165.195312 624.770508 1379.179688 1066.948242 0.0 0.0 0.0 0.0 0.0 0.0 0.0 0.940572
Person 0.0 0 0.0 1787.753906 366.503906 1907.871094 597.480469 0.0 0.0 0.0 0.0 0.0 0.0 0.0 0.941868
Person 0.0 0 0.0 1162.939453 94.262695 1229.560547 302.827148 0.0 0.0 0.0 0.0 0.0 0.0 0.0 0.942295
Person 0.0 0 0.0 852.392578 170.859375 942.919922 453.515625 0.0 0.0 0.0 0.0 0.0 0.0 0.0 0.947381
