Person 0.0 0 0.0 1830.732422 961.347656 1918.000000 1077.363281 0.0 0.0 0.0 0.0 0.0 0.0 0.0 0.304042
Person 0.0 0 0.0 2.285156 977.135010 185.332031 1075.286865 0.0 0.0 0.0 0.0 0.0 0.0 0.0 0.476580
Person 0.0 0 0.0 1170.878906 941.934814 1349.121094 1073.572998 0.0 0.0 0.0 0.0 0.0 0.0 0.0 0.519521
Person 0.0 0 0.0 1781.425781 319.240723 1910.449219 527.145996 0.0 0.0 0.0 0.0 0.0 0.0 0.0 0.531209
Person 0.0 0 0.0 1220.683594 105.336914 1312.441406 273.559570 0.0 0.0 0.0 0.0 0.0 0.0 0.0 0.539954
Person 0.0 0 0.0 440.039062 319.833984 581.835938 692.138672 0.0 0.0 0.0 0.0 0.0 0.0 0.0 0.833866
Person 0.0 0 0.0 667.734375 315.351562 786.328125 709.277344 0.0 0.0 0.0 0.0 0.0 0.0 0.0 0.862468
Person 0.0 0 0.0 937.148438 532.749023 1085.976562 916.391602 0.0 0.0 0.0 0.0 0.0 0.0 0.0 0.871912
Person 0.0 0 0.0 465.732422 0.000000 530.830078 179.560547 0.0 0.0 0.0 0.0 0.0 0.0 0.0 0.899828
Person 0.0 0 0.0 757.382812 251.015625 914.179688 637.558594 0.0 0.0 0.0 0.0 0.0 0.0 0.0 0.928149
Person 0.0 0 0.0 1653.750000 580.473633 1861.875000 920.346680 0.0 0.0 0.0 0.0 0.0 0.0 0.0 0.932944
Person 0.0 0 0.0 1782.041016 354.638672 1889.208984 588.251953 0.0 0.0 0.0 0.0 0.0 0.0 0.0 0.934395
Person 0.0 0 0.0 873.574219 343.564453 976.113281 702.685547 0.0 0.0 0.0 0.0 0.0 0.0 0.0 0.936518
Person 0.0 0 0.0 1072.441406 614.750977 1248.808594 965.170898 0.0 0.0 0.0 0.0 0.0 0.0 0.0 0.942718
Person 0.0 0 0.0 1160.742188 87.407227 1218.632812 295.971680 0.0 0.0 0.0 0.0 0.0 0.0 0.0 0.946990
Person 0.0 0 0.0 1613.730469 870.051270 1832.519531 1075.847168 0.0 0.0 0.0 0.0 0.0 0.0 0.0 0.951323
Person 0.0 0 0.0 1216.845703 117.663574 1297.529297 347.189941 0.0 0.0 0.0 0.0 0.0 0.0 0.0 0.972415
