Person 0.0 0 0.0 1169.121094 92.878418 1242.128906 281.535645 0.0 0.0 0.0 0.0 0.0 0.0 0.0 0.595493
Person 0.0 0 0.0 1188.486328 93.339844 1280.888672 314.033203 0.0 0.0 0.0 0.0 0.0 0.0 0.0 0.657538
Person 0.0 0 0.0 1167.758789 15.292969 1207.866211 189.580078 0.0 0.0 0.0 0.0 0.0 0.0 0.0 0.673192
Person 0.0 0 0.0 554.677734 126.760254 644.384766 326.755371 0.0 0.0 0.0 0.0 0.0 0.0 0.0 0.762070
Person 0.0 0 0.0 784.218750 29.465332 869.531250 195.051270 0.0 0.0 0.0 0.0 0.0 0.0 0.0 0.820469
Person 0.0 0 0.0 137.841797 54.514160 178.564453 197.292480 0.0 0.0 0.0 0.0 0.0 0.0 0.0 0.821044
Person 0.0 0 0.0 1522.265625 473.554688 1751.484375 813.164062 0.0 0.0 0.0 0.0 0.0 0.0 0.0 0.836555
Person 0.0 0 0.0 76.582031 538.945312 309.433594 878.554688 0.0 0.0 0.0 0.0 0.0 0.0 0.0 0.886420
Person 0.0 0 0.0 742.617188 272.241211 882.070312 637.954102 0.0 0.0 0.0 0.0 0.0 0.0 0.0 0.894052
Person 0.0 0 0.0 1139.501953 297.553711 1252.998047 655.883789 0.0 0.0 0.0 0.0 0.0 0.0 0.0 0.898053
Person 0.0 0 0.0 808.330078 209.619141 909.169922 519.697266 0.0 0.0 0.0 0.0 0.0 0.0 0.0 0.909265
Person 0.0 0 0.0 626.352539 11.733398 667.397461 200.522461 0.0 0.0 0.0 0.0 0.0 0.0 0.0 0.913984
Person 0.0 0 0.0 953.920898 7.514648 999.829102 178.637695 0.0 0.0 0.0 0.0 0.0 0.0 0.0 0.917303
Person 0.0 0 0.0 297.919922 243.237305 414.580078 559.907227 0.0 0.0 0.0 0.0 0.0 0.0 0.0 0.918480
Person 0.0 0 0.0 531.679688 252.861328 687.070312 646.259766 0.0 0.0 0.0 0.0 0.0 0.0 0.0 0.919063
Person 0.0 0 0.0 690.996094 23.334961 760.253906 230.185547 0.0 0.0 0.0 0.0 0.0 0.0 0.0 0.921358
Person 0.0 0 0.0 193.242188 364.658203 395.976562 726.943359 0.0 0.0 0.0 0.0 0.0 0.0 0.0 0.930962
Person 0.0 0 0.0 511.098633 22.412109 560.463867 209.223633 0.0 0.0 0.0 0.0 0.0 0.0 0.0 0.932207
Person 0.0 0 0.0 869.531250 24.851074 941.718750 265.979004 0.0 0.0 0.0 0.0 0.0 0.0 0.0 0.957278
Person 0.0 0 0.0 579.785156 13.645020 635.214844 187.932129 0.0 0.0 0.0 0.0 0.0 0.0 0.0 0.957437
