Person 0.0 0 0.0 1807.382812 365.844727 1901.367188 560.170898 0.0 0.0 0.0 0.0 0.0 0.0 0.0 0.418697
Person 0.0 0 0.0 1819.248047 756.342773 1918.000000 953.305664 0.0 0.0 0.0 0.0 0.0 0.0 0.0 0.442636
Person 0.0 0 0.0 1108.330078 28.015137 1147.294922 170.793457 0.0 0.0 0.0 0.0 0.0 0.0 0.0 0.501953
Person 0.0 0 0.0 1138.593750 47.790527 1214.531250 270.725098 0.0 0.0 0.0 0.0 0.0 0.0 0.0 0.517571
Person 0.0 0 0.0 484.365234 17.929688 565.634766 193.930664 0.0 0.0 0.0 0.0 0.0 0.0 0.0 0.697609
Person 0.0 0 0.0 932.695312 2.636719 989.179688 166.376953 0.0 0.0 0.0 0.0 0.0 0.0 0.0 0.701713
Person 0.0 0 0.0 182.827148 49.603271 225.454102 177.681885 0.0 0.0 0.0 0.0 0.0 0.0 0.0 0.767690
Person 0.0 0 0.0 144.902344 49.570312 180.644531 190.239258 0.0 0.0 0.0 0.0 0.0 0.0 0.0 0.843380
Person 0.0 0 0.0 1210.166016 162.290039 1306.083984 368.745117 0.0 0.0 0.0 0.0 0.0 0.0 0.0 0.866585
Person 0.0 0 0.0 83.378906 586.669922 295.136719 940.517578 0.0 0.0 0.0 0.0 0.0 0.0 0.0 0.884838
Person 0.0 0 0.0 801.738281 90.834961 914.824219 385.356445 0.0 0.0 0.0 0.0 0.0 0.0 0.0 0.893309
Person 0.0 0 0.0 922.207031 96.372070 1001.542969 359.516602 0.0 0.0 0.0 0.0 0.0 0.0 0.0 0.916110
Person 0.0 0 0.0 482.988281 42.714844 552.949219 238.359375 0.0 0.0 0.0 0.0 0.0 0.0 0.0 0.917006
Person 0.0 0 0.0 644.868164 73.168945 695.756836 284.633789 0.0 0.0 0.0 0.0 0.0 0.0 0.0 0.922482
Person 0.0 0 0.0 601.538086 16.281738 654.711914 209.816895 0.0 0.0 0.0 0.0 0.0 0.0 0.0 0.924959
Person 0.0 0 0.0 1095.058594 114.038086 1184.941406 362.153320 0.0 0.0 0.0 0.0 0.0 0.0 0.0 0.925230
Person 0.0 0 0.0 71.367188 439.804688 292.148438 786.796875 0.0 0.0 0.0 0.0 0.0 0.0 0.0 0.930205
Person 0.0 0 0.0 25.283203 196.765137 142.763672 442.375488 0.0 0.0 0.0 0.0 0.0 0.0 0.0 0.930458
Person 0.0 0 0.0 1112.929688 462.744141 1300.195312 814.482422 0.0 0.0 0.0 0.0 0.0 0.0 0.0 0.930711
Person 0.0 0 0.0 674.560547 76.201172 739.189453 306.123047 0.0 0.0 0.0 0.0 0.0 0.0 0.0 0.958847
