Person 0.0 0 0.0 1777.089844 726.152344 1918.000000 1040.449219 0.0 0.0 0.0 0.0 0.0 0.0 0.0 0.448426
Person 0.0 0 0.0 0.820312 189.580078 66.914062 415.283203 0.0 0.0 0.0 0.0 0.0 0.0 0.0 0.490236
Person 0.0 0 0.0 168.837891 267.231445 261.240234 452.592773 0.0 0.0 0.0 0.0 0.0 0.0 0.0 0.564098
Person 0.0 0 0.0 19.306641 47.065430 127.880859 207.773438 0.0 0.0 0.0 0.0 0.0 0.0 0.0 0.573678
Person 0.0 0 0.0 961.743164 7.250977 1012.631836 129.067383 0.0 0.0 0.0 0.0 0.0 0.0 0.0 0.661923
Person 0.0 0 0.0 1175.815430 33.486328 1209.184570 189.448242 0.0 0.0 0.0 0.0 0.0 0.0 0.0 0.674051
Person 0.0 0 0.0 591.093750 15.424805 628.593750 187.998047 0.0 0.0 0.0 0.0 0.0 0.0 0.0 0.705785
Person 0.0 0 0.0 1221.181641 160.180664 1304.443359 379.028320 0.0 0.0 0.0 0.0 0.0 0.0 0.0 0.810479
Person 0.0 0 0.0 149.868164 50.229492 188.100586 189.184570 0.0 0.0 0.0 0.0 0.0 0.0 0.0 0.848471
Person 0.0 0 0.0 84.433594 548.964844 304.394531 894.902344 0.0 0.0 0.0 0.0 0.0 0.0 0.0 0.884439
Person 0.0 0 0.0 607.939453 16.018066 656.748047 205.729980 0.0 0.0 0.0 0.0 0.0 0.0 0.0 0.888759
Person 0.0 0 0.0 913.461914 4.812012 954.038086 149.304199 0.0 0.0 0.0 0.0 0.0 0.0 0.0 0.909265
Person 0.0 0 0.0 869.765625 105.996094 988.359375 402.626953 0.0 0.0 0.0 0.0 0.0 0.0 0.0 0.921358
Person 0.0 0 0.0 503.027344 23.269043 553.535156 208.762207 0.0 0.0 0.0 0.0 0.0 0.0 0.0 0.934155
Person 0.0 0 0.0 823.945312 108.896484 884.179688 367.822266 0.0 0.0 0.0 0.0 0.0 0.0 0.0 0.936981
Person 0.0 0 0.0 1092.949219 53.986816 1153.300781 240.798340 0.0 0.0 0.0 0.0 0.0 0.0 0.0 0.937211
Person 0.0 0 0.0 952.236328 103.754883 1016.513672 380.610352 0.0 0.0 0.0 0.0 0.0 0.0 0.0 0.939692
Person 0.0 0 0.0 195.644531 376.127930 345.292969 749.223633 0.0 0.0 0.0 0.0 0.0 0.0 0.0 0.955981
Person 0.0 0 0.0 511.875000 117.993164 594.375000 374.809570 0.0 0.0 0.0 0.0 0.0 0.0 0.0 0.960361
Person 0.0 0 0.0 1099.804688 120.432129 1221.445312 378.698730 0.0 0.0 0.0 0.0 0.0 0.0 0.0 0.967899
