Person 0.0 0 0.0 1173.559570 15.424805 1209.565430 195.644531 0.0 0.0 0.0 0.0 0.0 0.0 0.0 0.668015
Person 0.0 0 0.0 963.295898 3.295898 1012.954102 115.949707 0.0 0.0 0.0 0.0 0.0 0.0 0.0 0.778649
Person 0.0 0 0.0 1239.199219 163.872070 1307.050781 365.844727 0.0 0.0 0.0 0.0 0.0 0.0 0.0 0.796292
Person 0.0 0 0.0 79.335938 538.417969 308.789062 878.027344 0.0 0.0 0.0 0.0 0.0 0.0 0.0 0.855851
Person 0.0 0 0.0 676.113281 177.714844 789.199219 463.535156 0.0 0.0 0.0 0.0 0.0 0.0 0.0 0.859192
Person 0.0 0 0.0 135.190430 54.382324 178.403320 197.424316 0.0 0.0 0.0 0.0 0.0 0.0 0.0 0.883236
Person 0.0 0 0.0 642.158203 107.973633 721.904297 387.465820 0.0 0.0 0.0 0.0 0.0 0.0 0.0 0.887595
Person 0.0 0 0.0 803.906250 251.674805 926.718750 621.606445 0.0 0.0 0.0 0.0 0.0 0.0 0.0 0.889912
Person 0.0 0 0.0 1528.769531 438.486328 1718.730469 792.333984 0.0 0.0 0.0 0.0 0.0 0.0 0.0 0.896976
Person 0.0 0 0.0 703.901367 40.803223 758.598633 188.854980 0.0 0.0 0.0 0.0 0.0 0.0 0.0 0.899828
Person 0.0 0 0.0 615.219727 15.556641 656.030273 207.377930 0.0 0.0 0.0 0.0 0.0 0.0 0.0 0.901575
Person 0.0 0 0.0 587.651367 13.710938 628.286133 188.261719 0.0 0.0 0.0 0.0 0.0 0.0 0.0 0.911810
Person 0.0 0 0.0 1663.125000 534.331055 1869.375000 872.622070 0.0 0.0 0.0 0.0 0.0 0.0 0.0 0.913368
Person 0.0 0 0.0 991.933594 139.482422 1078.066406 483.310547 0.0 0.0 0.0 0.0 0.0 0.0 0.0 0.917303
Person 0.0 0 0.0 1093.769531 120.300293 1182.480469 375.930176 0.0 0.0 0.0 0.0 0.0 0.0 0.0 0.920218
Person 0.0 0 0.0 480.000000 215.288086 588.750000 568.872070 0.0 0.0 0.0 0.0 0.0 0.0 0.0 0.921640
Person 0.0 0 0.0 212.871094 346.860352 370.253906 722.592773 0.0 0.0 0.0 0.0 0.0 0.0 0.0 0.924688
Person 0.0 0 0.0 503.159180 21.225586 556.215820 210.805664 0.0 0.0 0.0 0.0 0.0 0.0 0.0 0.943556
Person 0.0 0 0.0 941.630859 78.310547 1013.994141 338.554688 0.0 0.0 0.0 0.0 0.0 0.0 0.0 0.946597
Person 0.0 0 0.0 874.394531 41.198730 944.355469 278.635254 0.0 0.0 0.0 0.0 0.0 0.0 0.0 0.964187
