Person 0.0 0 0.0 1847.402344 404.143066 1918.000000 632.087402 0.0 0.0 0.0 0.0 0.0 0.0 0.0 0.462959
Person 0.0 0 0.0 19.423828 46.669922 127.998047 206.850586 0.0 0.0 0.0 0.0 0.0 0.0 0.0 0.477554
Person 0.0 0 0.0 1058.613281 21.225586 1097.636719 173.759766 0.0 0.0 0.0 0.0 0.0 0.0 0.0 0.516595
Person 0.0 0 0.0 594.067383 15.952148 630.307617 188.525391 0.0 0.0 0.0 0.0 0.0 0.0 0.0 0.541894
Person 0.0 0 0.0 1175.947266 31.508789 1209.052734 191.821289 0.0 0.0 0.0 0.0 0.0 0.0 0.0 0.682574
Person 0.0 0 0.0 0.966797 202.631836 79.248047 424.379883 0.0 0.0 0.0 0.0 0.0 0.0 0.0 0.703346
Person 0.0 0 0.0 821.630859 105.073242 890.244141 369.536133 0.0 0.0 0.0 0.0 0.0 0.0 0.0 0.709019
Person 0.0 0 0.0 793.769531 75.739746 856.230469 291.291504 0.0 0.0 0.0 0.0 0.0 0.0 0.0 0.818156
Person 0.0 0 0.0 1211.484375 154.775391 1287.890625 370.722656 0.0 0.0 0.0 0.0 0.0 0.0 0.0 0.827271
Person 0.0 0 0.0 509.047852 19.379883 549.389648 207.114258 0.0 0.0 0.0 0.0 0.0 0.0 0.0 0.855851
Person 0.0 0 0.0 606.870117 16.611328 655.942383 209.882812 0.0 0.0 0.0 0.0 0.0 0.0 0.0 0.856812
Person 0.0 0 0.0 153.500977 48.581543 193.608398 193.337402 0.0 0.0 0.0 0.0 0.0 0.0 0.0 0.896614
Person 0.0 0 0.0 80.625000 570.190430 288.046875 926.411133 0.0 0.0 0.0 0.0 0.0 0.0 0.0 0.900179
Person 0.0 0 0.0 951.240234 101.250000 1019.384766 380.214844 0.0 0.0 0.0 0.0 0.0 0.0 0.0 0.905657
Person 0.0 0 0.0 1088.876953 43.967285 1147.998047 223.000488 0.0 0.0 0.0 0.0 0.0 0.0 0.0 0.912436
Person 0.0 0 0.0 857.929688 102.700195 968.320312 399.858398 0.0 0.0 0.0 0.0 0.0 0.0 0.0 0.913058
Person 0.0 0 0.0 1100.009766 117.004395 1181.865234 378.435059 0.0 0.0 0.0 0.0 0.0 0.0 0.0 0.931213
Person 0.0 0 0.0 137.167969 399.331055 350.800781 753.442383 0.0 0.0 0.0 0.0 0.0 0.0 0.0 0.949669
Person 0.0 0 0.0 523.447266 48.779297 594.052734 261.298828 0.0 0.0 0.0 0.0 0.0 0.0 0.0 0.953275
Person 0.0 0 0.0 716.396484 62.622070 783.603516 263.803711 0.0 0.0 0.0 0.0 0.0 0.0 0.0 0.960361
