Person 0.0 0 0.0 74.750977 62.028809 126.928711 202.829590 0.0 0.0 0.0 0.0 0.0 0.0 0.0 0.368406
Person 0.0 0 0.0 1058.833008 18.720703 1097.416992 173.759766 0.0 0.0 0.0 0.0 0.0 0.0 0.0 0.401688
Person 0.0 0 0.0 18.896484 46.867676 127.470703 206.652832 0.0 0.0 0.0 0.0 0.0 0.0 0.0 0.446495
Person 0.0 0 0.0 596.381836 16.149902 629.868164 187.668457 0.0 0.0 0.0 0.0 0.0 0.0 0.0 0.491212
Person 0.0 0 0.0 507.744141 18.918457 563.818359 197.028809 0.0 0.0 0.0 0.0 0.0 0.0 0.0 0.657538
Person 0.0 0 0.0 1174.555664 29.794922 1208.569336 190.766602 0.0 0.0 0.0 0.0 0.0 0.0 0.0 0.700895
Person 0.0 0 0.0 819.111328 105.139160 890.888672 367.097168 0.0 0.0 0.0 0.0 0.0 0.0 0.0 0.749087
Person 0.0 0 0.0 1210.634766 154.709473 1286.865234 370.524902 0.0 0.0 0.0 0.0 0.0 0.0 0.0 0.775945
Person 0.0 0 0.0 794.707031 76.464844 855.292969 290.566406 0.0 0.0 0.0 0.0 0.0 0.0 0.0 0.791821
Person 0.0 0 0.0 603.251953 16.875000 655.810547 210.014648 0.0 0.0 0.0 0.0 0.0 0.0 0.0 0.851459
Person 0.0 0 0.0 951.943359 100.986328 1016.806641 380.478516 0.0 0.0 0.0 0.0 0.0 0.0 0.0 0.854885
Person 0.0 0 0.0 1.435547 203.554688 84.990234 425.039062 0.0 0.0 0.0 0.0 0.0 0.0 0.0 0.883638
Person 0.0 0 0.0 153.046875 48.977051 204.140625 193.469238 0.0 0.0 0.0 0.0 0.0 0.0 0.0 0.888372
Person 0.0 0 0.0 1089.082031 44.033203 1149.667969 222.407227 0.0 0.0 0.0 0.0 0.0 0.0 0.0 0.893681
Person 0.0 0 0.0 745.898438 67.500000 795.351562 271.845703 0.0 0.0 0.0 0.0 0.0 0.0 0.0 0.894789
Person 0.0 0 0.0 857.050781 102.568359 968.261719 399.726562 0.0 0.0 0.0 0.0 0.0 0.0 0.0 0.914901
Person 0.0 0 0.0 1097.812500 113.576660 1182.187500 376.325684 0.0 0.0 0.0 0.0 0.0 0.0 0.0 0.917598
Person 0.0 0 0.0 81.562500 571.245117 287.812500 926.411133 0.0 0.0 0.0 0.0 0.0 0.0 0.0 0.925500
Person 0.0 0 0.0 492.978516 49.702148 557.958984 260.639648 0.0 0.0 0.0 0.0 0.0 0.0 0.0 0.931711
Person 0.0 0 0.0 119.941406 403.945312 346.464844 754.101562 0.0 0.0 0.0 0.0 0.0 0.0 0.0 0.954137
