Person 0.0 0 0.0 1055.712891 6.130371 1098.662109 178.308105 0.0 0.0 0.0 0.0 0.0 0.0 0.0 0.390476
Person 0.0 0 0.0 0.644531 198.083496 70.429688 415.217285 0.0 0.0 0.0 0.0 0.0 0.0 0.0 0.417746
Person 0.0 0 0.0 1777.382812 723.383789 1918.000000 1042.163086 0.0 0.0 0.0 0.0 0.0 0.0 0.0 0.505859
Person 0.0 0 0.0 18.896484 46.867676 127.470703 207.971191 0.0 0.0 0.0 0.0 0.0 0.0 0.0 0.521471
Person 0.0 0 0.0 1222.382812 172.375488 1301.367188 367.624512 0.0 0.0 0.0 0.0 0.0 0.0 0.0 0.590779
Person 0.0 0 0.0 1175.625000 22.082520 1209.375000 191.228027 0.0 0.0 0.0 0.0 0.0 0.0 0.0 0.705785
Person 0.0 0 0.0 908.950195 7.646484 946.362305 144.228516 0.0 0.0 0.0 0.0 0.0 0.0 0.0 0.757077
Person 0.0 0 0.0 590.844727 15.161133 628.842773 188.920898 0.0 0.0 0.0 0.0 0.0 0.0 0.0 0.790530
Person 0.0 0 0.0 606.005859 16.677246 656.806641 205.466309 0.0 0.0 0.0 0.0 0.0 0.0 0.0 0.802556
Person 0.0 0 0.0 951.943359 6.262207 1009.306641 159.060059 0.0 0.0 0.0 0.0 0.0 0.0 0.0 0.879147
Person 0.0 0 0.0 142.705078 48.317871 189.404297 189.514160 0.0 0.0 0.0 0.0 0.0 0.0 0.0 0.879561
Person 0.0 0 0.0 869.208984 103.623047 983.291016 402.626953 0.0 0.0 0.0 0.0 0.0 0.0 0.0 0.892187
Person 0.0 0 0.0 1095.322266 47.526855 1167.802734 238.293457 0.0 0.0 0.0 0.0 0.0 0.0 0.0 0.904987
Person 0.0 0 0.0 951.796875 101.118164 1015.078125 380.346680 0.0 0.0 0.0 0.0 0.0 0.0 0.0 0.922482
Person 0.0 0 0.0 93.515625 550.942383 304.921875 895.034180 0.0 0.0 0.0 0.0 0.0 0.0 0.0 0.923039
Person 0.0 0 0.0 661.669922 131.704102 755.830078 406.186523 0.0 0.0 0.0 0.0 0.0 0.0 0.0 0.939913
Person 0.0 0 0.0 501.650391 22.609863 553.037109 206.652832 0.0 0.0 0.0 0.0 0.0 0.0 0.0 0.940134
Person 0.0 0 0.0 113.027344 393.925781 311.894531 709.277344 0.0 0.0 0.0 0.0 0.0 0.0 0.0 0.942082
Person 0.0 0 0.0 1101.269531 121.223145 1184.355469 378.698730 0.0 0.0 0.0 0.0 0.0 0.0 0.0 0.942929
Person 0.0 0 0.0 510.791016 119.179688 595.458984 375.205078 0.0 0.0 0.0 0.0 0.0 0.0 0.0 0.954478
