Person 0.0 0 0.0 549.462891 201.840820 654.287109 417.788086 0.0 0.0 0.0 0.0 0.0 0.0 0.0 0.659295
Person 0.0 0 0.0 784.658203 203.818359 857.841797 558.720703 0.0 0.0 0.0 0.0 0.0 0.0 0.0 0.679179
Person 0.0 0 0.0 701.455078 41.726074 749.794922 147.458496 0.0 0.0 0.0 0.0 0.0 0.0 0.0 0.703346
Person 0.0 0 0.0 1782.011719 435.190430 1918.000000 700.708008 0.0 0.0 0.0 0.0 0.0 0.0 0.0 0.705785
Person 0.0 0 0.0 1234.951172 162.158203 1305.673828 365.185547 0.0 0.0 0.0 0.0 0.0 0.0 0.0 0.732592
Person 0.0 0 0.0 137.504883 52.932129 180.541992 196.633301 0.0 0.0 0.0 0.0 0.0 0.0 0.0 0.754192
Person 0.0 0 0.0 918.193359 8.569336 953.994141 159.785156 0.0 0.0 0.0 0.0 0.0 0.0 0.0 0.779322
Person 0.0 0 0.0 87.597656 543.164062 308.730469 878.554688 0.0 0.0 0.0 0.0 0.0 0.0 0.0 0.867485
Person 0.0 0 0.0 800.332031 255.366211 929.355469 622.133789 0.0 0.0 0.0 0.0 0.0 0.0 0.0 0.871037
Person 0.0 0 0.0 1530.410156 467.753906 1754.589844 810.527344 0.0 0.0 0.0 0.0 0.0 0.0 0.0 0.890675
Person 0.0 0 0.0 992.431641 141.723633 1081.318359 483.178711 0.0 0.0 0.0 0.0 0.0 0.0 0.0 0.910863
Person 0.0 0 0.0 508.696289 21.818848 559.116211 210.607910 0.0 0.0 0.0 0.0 0.0 0.0 0.0 0.911180
Person 0.0 0 0.0 613.813477 15.490723 657.436523 203.884277 0.0 0.0 0.0 0.0 0.0 0.0 0.0 0.912124
Person 0.0 0 0.0 681.093750 102.436523 785.156250 384.038086 0.0 0.0 0.0 0.0 0.0 0.0 0.0 0.914901
Person 0.0 0 0.0 1103.671875 120.563965 1185.703125 374.875488 0.0 0.0 0.0 0.0 0.0 0.0 0.0 0.921358
Person 0.0 0 0.0 827.314453 43.176270 932.373047 271.384277 0.0 0.0 0.0 0.0 0.0 0.0 0.0 0.923316
Person 0.0 0 0.0 538.066406 353.583984 703.183594 735.908203 0.0 0.0 0.0 0.0 0.0 0.0 0.0 0.932944
Person 0.0 0 0.0 588.544922 13.645020 629.267578 185.163574 0.0 0.0 0.0 0.0 0.0 0.0 0.0 0.935582
Person 0.0 0 0.0 181.406250 371.381836 397.968750 727.602539 0.0 0.0 0.0 0.0 0.0 0.0 0.0 0.942718
Person 0.0 0 0.0 928.886719 72.048340 991.113281 339.279785 0.0 0.0 0.0 0.0 0.0 0.0 0.0 0.943971
