Person 0.0 0 0.0 1826.835938 423.588867 1918.000000 663.793945 0.0 0.0 0.0 0.0 0.0 0.0 0.0 0.429190
Person 0.0 0 0.0 1246.523438 168.288574 1354.101562 418.117676 0.0 0.0 0.0 0.0 0.0 0.0 0.0 0.454230
Person 0.0 0 0.0 18.427734 46.669922 127.587891 208.168945 0.0 0.0 0.0 0.0 0.0 0.0 0.0 0.461017
Person 0.0 0 0.0 1214.121094 169.870605 1304.003906 380.148926 0.0 0.0 0.0 0.0 0.0 0.0 0.0 0.515620
Person 0.0 0 0.0 1171.875000 31.508789 1209.375000 191.030273 0.0 0.0 0.0 0.0 0.0 0.0 0.0 0.646906
Person 0.0 0 0.0 0.615234 198.281250 65.830078 419.765625 0.0 0.0 0.0 0.0 0.0 0.0 0.0 0.747616
Person 0.0 0 0.0 824.501953 105.930176 889.248047 367.888184 0.0 0.0 0.0 0.0 0.0 0.0 0.0 0.788583
Person 0.0 0 0.0 593.320312 15.358887 630.117188 188.459473 0.0 0.0 0.0 0.0 0.0 0.0 0.0 0.801315
Person 0.0 0 0.0 820.561523 28.937988 876.313477 157.214355 0.0 0.0 0.0 0.0 0.0 0.0 0.0 0.804406
Person 0.0 0 0.0 1089.316406 43.901367 1143.808594 223.725586 0.0 0.0 0.0 0.0 0.0 0.0 0.0 0.815820
Person 0.0 0 0.0 923.847656 33.881836 984.902344 232.163086 0.0 0.0 0.0 0.0 0.0 0.0 0.0 0.821617
Person 0.0 0 0.0 150.996094 48.581543 190.722656 192.941895 0.0 0.0 0.0 0.0 0.0 0.0 0.0 0.853913
Person 0.0 0 0.0 607.148438 16.940918 656.601562 205.202637 0.0 0.0 0.0 0.0 0.0 0.0 0.0 0.882022
Person 0.0 0 0.0 80.390625 557.929688 304.218750 924.960938 0.0 0.0 0.0 0.0 0.0 0.0 0.0 0.882833
Person 0.0 0 0.0 507.612305 21.192627 558.325195 145.975342 0.0 0.0 0.0 0.0 0.0 0.0 0.0 0.886420
Person 0.0 0 0.0 945.322266 101.381836 1017.802734 380.083008 0.0 0.0 0.0 0.0 0.0 0.0 0.0 0.926304
Person 0.0 0 0.0 1096.171875 129.396973 1178.203125 381.071777 0.0 0.0 0.0 0.0 0.0 0.0 0.0 0.926835
Person 0.0 0 0.0 138.750000 377.973633 312.656250 716.791992 0.0 0.0 0.0 0.0 0.0 0.0 0.0 0.931960
Person 0.0 0 0.0 511.464844 114.038086 587.285156 373.491211 0.0 0.0 0.0 0.0 0.0 0.0 0.0 0.934395
Person 0.0 0 0.0 855.292969 103.227539 968.144531 399.594727 0.0 0.0 0.0 0.0 0.0 0.0 0.0 0.943556
