Person 0.0 0 0.0 1055.874023 7.119141 1098.500977 176.660156 0.0 0.0 0.0 0.0 0.0 0.0 0.0 0.344664
Person 0.0 0 0.0 1776.269531 721.142578 1918.000000 1044.404297 0.0 0.0 0.0 0.0 0.0 0.0 0.0 0.464902
Person 0.0 0 0.0 18.486328 46.867676 127.880859 207.971191 0.0 0.0 0.0 0.0 0.0 0.0 0.0 0.495117
Person 0.0 0 0.0 0.380859 189.580078 67.353516 418.447266 0.0 0.0 0.0 0.0 0.0 0.0 0.0 0.607663
Person 0.0 0 0.0 1175.888672 29.333496 1209.111328 191.228027 0.0 0.0 0.0 0.0 0.0 0.0 0.0 0.708213
Person 0.0 0 0.0 1233.457031 161.960449 1299.667969 363.273926 0.0 0.0 0.0 0.0 0.0 0.0 0.0 0.752013
Person 0.0 0 0.0 591.342773 15.095215 629.282227 188.986816 0.0 0.0 0.0 0.0 0.0 0.0 0.0 0.787278
Person 0.0 0 0.0 908.979492 7.349854 946.333008 111.236572 0.0 0.0 0.0 0.0 0.0 0.0 0.0 0.830594
Person 0.0 0 0.0 608.027344 14.567871 656.660156 205.202637 0.0 0.0 0.0 0.0 0.0 0.0 0.0 0.847968
Person 0.0 0 0.0 142.031250 46.999512 190.546875 189.118652 0.0 0.0 0.0 0.0 0.0 0.0 0.0 0.883638
Person 0.0 0 0.0 82.968750 550.942383 304.453125 895.034180 0.0 0.0 0.0 0.0 0.0 0.0 0.0 0.895157
Person 0.0 0 0.0 951.342773 6.394043 1009.907227 158.664551 0.0 0.0 0.0 0.0 0.0 0.0 0.0 0.895888
Person 0.0 0 0.0 873.164062 102.700195 979.335938 402.758789 0.0 0.0 0.0 0.0 0.0 0.0 0.0 0.913058
Person 0.0 0 0.0 952.177734 100.327148 1016.572266 380.346680 0.0 0.0 0.0 0.0 0.0 0.0 0.0 0.931213
Person 0.0 0 0.0 1101.650391 120.300293 1185.849609 377.775879 0.0 0.0 0.0 0.0 0.0 0.0 0.0 0.933188
Person 0.0 0 0.0 1094.062500 52.470703 1152.187500 240.996094 0.0 0.0 0.0 0.0 0.0 0.0 0.0 0.936518
Person 0.0 0 0.0 501.943359 22.478027 552.744141 206.784668 0.0 0.0 0.0 0.0 0.0 0.0 0.0 0.941654
Person 0.0 0 0.0 668.115234 190.239258 777.509766 494.780273 0.0 0.0 0.0 0.0 0.0 0.0 0.0 0.942718
Person 0.0 0 0.0 511.640625 118.190918 596.484375 374.611816 0.0 0.0 0.0 0.0 0.0 0.0 0.0 0.958226
Person 0.0 0 0.0 177.246094 376.127930 358.066406 726.020508 0.0 0.0 0.0 0.0 0.0 0.0 0.0 0.964589
