Person 0.0 0 0.0 1240.458984 161.828613 1307.666016 365.515137 0.0 0.0 0.0 0.0 0.0 0.0 0.0 0.668015
Person 0.0 0 0.0 1541.132812 479.882812 1743.867188 828.984375 0.0 0.0 0.0 0.0 0.0 0.0 0.0 0.726426
Person 0.0 0 0.0 138.427734 53.393555 179.150391 197.094727 0.0 0.0 0.0 0.0 0.0 0.0 0.0 0.747616
Person 0.0 0 0.0 752.460938 211.992188 823.476562 557.402344 0.0 0.0 0.0 0.0 0.0 0.0 0.0 0.750553
Person 0.0 0 0.0 621.650391 13.381348 674.912109 201.906738 0.0 0.0 0.0 0.0 0.0 0.0 0.0 0.846451
Person 0.0 0 0.0 582.714844 139.746094 669.785156 438.750000 0.0 0.0 0.0 0.0 0.0 0.0 0.0 0.847968
Person 0.0 0 0.0 77.988281 538.945312 309.433594 878.554688 0.0 0.0 0.0 0.0 0.0 0.0 0.0 0.862004
Person 0.0 0 0.0 436.582031 195.380859 565.605469 516.533203 0.0 0.0 0.0 0.0 0.0 0.0 0.0 0.874935
Person 0.0 0 0.0 963.164062 328.139648 1191.210938 739.731445 0.0 0.0 0.0 0.0 0.0 0.0 0.0 0.881207
Person 0.0 0 0.0 72.084961 62.028809 127.719727 208.762207 0.0 0.0 0.0 0.0 0.0 0.0 0.0 0.884439
Person 0.0 0 0.0 1104.462891 117.465820 1186.787109 372.700195 0.0 0.0 0.0 0.0 0.0 0.0 0.0 0.900179
Person 0.0 0 0.0 513.002930 24.653320 566.059570 209.882812 0.0 0.0 0.0 0.0 0.0 0.0 0.0 0.902266
Person 0.0 0 0.0 961.230469 7.250977 1009.394531 160.180664 0.0 0.0 0.0 0.0 0.0 0.0 0.0 0.913368
Person 0.0 0 0.0 733.652344 47.263184 809.472656 260.705566 0.0 0.0 0.0 0.0 0.0 0.0 0.0 0.920790
Person 0.0 0 0.0 922.089844 158.466797 1027.910156 428.466797 0.0 0.0 0.0 0.0 0.0 0.0 0.0 0.930711
Person 0.0 0 0.0 784.160156 249.829102 914.589844 615.014648 0.0 0.0 0.0 0.0 0.0 0.0 0.0 0.931711
Person 0.0 0 0.0 848.554688 33.684082 943.945312 273.493652 0.0 0.0 0.0 0.0 0.0 0.0 0.0 0.934395
Person 0.0 0 0.0 178.828125 363.603516 397.265625 722.724609 0.0 0.0 0.0 0.0 0.0 0.0 0.0 0.939913
Person 0.0 0 0.0 575.551758 15.952148 631.948242 175.605469 0.0 0.0 0.0 0.0 0.0 0.0 0.0 0.940353
Person 0.0 0 0.0 661.992188 42.385254 733.007812 249.499512 0.0 0.0 0.0 0.0 0.0 0.0 0.0 0.944995
