Person 0.0 0 0.0 1114.072266 28.509521 1147.177734 159.620361 0.0 0.0 0.0 0.0 0.0 0.0 0.0 0.496094
Person 0.0 0 0.0 17.929688 46.076660 121.406250 227.878418 0.0 0.0 0.0 0.0 0.0 0.0 0.0 0.537041
Person 0.0 0 0.0 931.962891 1.713867 988.037109 133.154297 0.0 0.0 0.0 0.0 0.0 0.0 0.0 0.720958
Person 0.0 0 0.0 1168.461914 16.347656 1209.038086 191.425781 0.0 0.0 0.0 0.0 0.0 0.0 0.0 0.754192
Person 0.0 0 0.0 646.069336 76.135254 688.930664 285.095215 0.0 0.0 0.0 0.0 0.0 0.0 0.0 0.783326
Person 0.0 0 0.0 1460.214844 452.197266 1635.410156 750.146484 0.0 0.0 0.0 0.0 0.0 0.0 0.0 0.841305
Person 0.0 0 0.0 1228.769531 163.542480 1298.730469 361.691895 0.0 0.0 0.0 0.0 0.0 0.0 0.0 0.855369
Person 0.0 0 0.0 31.816406 659.179688 249.199219 1007.226562 0.0 0.0 0.0 0.0 0.0 0.0 0.0 0.858719
Person 0.0 0 0.0 145.766602 51.020508 186.342773 191.425781 0.0 0.0 0.0 0.0 0.0 0.0 0.0 0.890675
Person 0.0 0 0.0 1066.875000 519.301758 1293.750000 1038.471680 0.0 0.0 0.0 0.0 0.0 0.0 0.0 0.899828
Person 0.0 0 0.0 920.654297 85.825195 1008.720703 345.805664 0.0 0.0 0.0 0.0 0.0 0.0 0.0 0.902610
Person 0.0 0 0.0 600.336914 17.929688 648.413086 212.915039 0.0 0.0 0.0 0.0 0.0 0.0 0.0 0.907967
Person 0.0 0 0.0 501.533203 15.424805 568.154297 202.104492 0.0 0.0 0.0 0.0 0.0 0.0 0.0 0.916110
Person 0.0 0 0.0 807.128906 90.703125 916.933594 388.916016 0.0 0.0 0.0 0.0 0.0 0.0 0.0 0.924959
Person 0.0 0 0.0 49.892578 178.176270 144.755859 435.651855 0.0 0.0 0.0 0.0 0.0 0.0 0.0 0.928926
Person 0.0 0 0.0 1648.945312 485.947266 1866.679688 813.427734 0.0 0.0 0.0 0.0 0.0 0.0 0.0 0.930458
Person 0.0 0 0.0 660.263672 76.464844 725.361328 305.859375 0.0 0.0 0.0 0.0 0.0 0.0 0.0 0.931960
Person 0.0 0 0.0 32.285156 471.445312 269.121094 803.671875 0.0 0.0 0.0 0.0 0.0 0.0 0.0 0.943348
Person 0.0 0 0.0 1082.841797 117.861328 1170.908203 366.503906 0.0 0.0 0.0 0.0 0.0 0.0 0.0 0.948346
Person 0.0 0 0.0 561.269531 47.526855 624.667969 258.068848 0.0 0.0 0.0 0.0 0.0 0.0 0.0 0.953101
