Person 0.0 0 0.0 833.437500 29.135742 900.937500 214.892578 0.0 0.0 0.0 0.0 0.0 0.0 0.0 0.646906
Person 0.0 0 0.0 73.315430 62.622070 118.872070 209.487305 0.0 0.0 0.0 0.0 0.0 0.0 0.0 0.712232
Person 0.0 0 0.0 1167.407227 14.501953 1208.217773 189.975586 0.0 0.0 0.0 0.0 0.0 0.0 0.0 0.744656
Person 0.0 0 0.0 134.296875 52.141113 177.656250 196.633301 0.0 0.0 0.0 0.0 0.0 0.0 0.0 0.766992
Person 0.0 0 0.0 1522.675781 474.741211 1752.949219 813.032227 0.0 0.0 0.0 0.0 0.0 0.0 0.0 0.822189
Person 0.0 0 0.0 453.164062 183.911133 547.148438 480.541992 0.0 0.0 0.0 0.0 0.0 0.0 0.0 0.877896
Person 0.0 0 0.0 1165.488281 338.686523 1348.886719 659.047852 0.0 0.0 0.0 0.0 0.0 0.0 0.0 0.887984
Person 0.0 0 0.0 76.464844 536.572266 308.847656 878.818359 0.0 0.0 0.0 0.0 0.0 0.0 0.0 0.899121
Person 0.0 0 0.0 533.730469 251.806641 689.707031 645.732422 0.0 0.0 0.0 0.0 0.0 0.0 0.0 0.908293
Person 0.0 0 0.0 1207.353516 93.669434 1303.271484 316.076660 0.0 0.0 0.0 0.0 0.0 0.0 0.0 0.911180
Person 0.0 0 0.0 767.929688 248.642578 903.632812 637.294922 0.0 0.0 0.0 0.0 0.0 0.0 0.0 0.914291
Person 0.0 0 0.0 299.033203 239.414062 414.404297 562.148438 0.0 0.0 0.0 0.0 0.0 0.0 0.0 0.916110
Person 0.0 0 0.0 626.206055 12.194824 667.543945 201.115723 0.0 0.0 0.0 0.0 0.0 0.0 0.0 0.916708
Person 0.0 0 0.0 972.026367 5.405273 1017.348633 187.075195 0.0 0.0 0.0 0.0 0.0 0.0 0.0 0.918772
Person 0.0 0 0.0 222.714844 359.648438 396.035156 726.679688 0.0 0.0 0.0 0.0 0.0 0.0 0.0 0.926835
Person 0.0 0 0.0 1171.728516 92.219238 1245.146484 280.085449 0.0 0.0 0.0 0.0 0.0 0.0 0.0 0.934155
Person 0.0 0 0.0 511.889648 23.532715 561.547852 209.289551 0.0 0.0 0.0 0.0 0.0 0.0 0.0 0.934395
Person 0.0 0 0.0 882.861328 32.365723 954.638672 269.274902 0.0 0.0 0.0 0.0 0.0 0.0 0.0 0.944382
Person 0.0 0 0.0 577.221680 13.513184 634.028320 159.060059 0.0 0.0 0.0 0.0 0.0 0.0 0.0 0.953794
Person 0.0 0 0.0 692.036133 17.138672 751.713867 229.921875 0.0 0.0 0.0 0.0 0.0 0.0 0.0 0.958847
