Person 0.0 0 0.0 0.468750 192.875977 76.699219 413.569336 0.0 0.0 0.0 0.0 0.0 0.0 0.0 0.493164
Person 0.0 0 0.0 1770.468750 709.409180 1918.000000 1004.458008 0.0 0.0 0.0 0.0 0.0 0.0 0.0 0.501953
Person 0.0 0 0.0 1108.403320 27.619629 1147.221680 171.584473 0.0 0.0 0.0 0.0 0.0 0.0 0.0 0.555435
Person 0.0 0 0.0 919.248047 8.668213 955.751953 114.598389 0.0 0.0 0.0 0.0 0.0 0.0 0.0 0.753467
Person 0.0 0 0.0 19.833984 47.197266 127.822266 207.246094 0.0 0.0 0.0 0.0 0.0 0.0 0.0 0.816991
Person 0.0 0 0.0 138.559570 52.998047 181.362305 197.094727 0.0 0.0 0.0 0.0 0.0 0.0 0.0 0.843895
Person 0.0 0 0.0 1219.072266 162.224121 1302.802734 379.885254 0.0 0.0 0.0 0.0 0.0 0.0 0.0 0.860604
Person 0.0 0 0.0 90.644531 549.624023 304.980469 895.297852 0.0 0.0 0.0 0.0 0.0 0.0 0.0 0.864768
Person 0.0 0 0.0 874.570312 76.069336 966.679688 338.950195 0.0 0.0 0.0 0.0 0.0 0.0 0.0 0.874077
Person 0.0 0 0.0 588.779297 14.238281 629.970703 187.075195 0.0 0.0 0.0 0.0 0.0 0.0 0.0 0.899121
Person 0.0 0 0.0 1170.175781 46.010742 1233.574219 219.375000 0.0 0.0 0.0 0.0 0.0 0.0 0.0 0.906983
Person 0.0 0 0.0 733.623047 259.189453 833.876953 616.201172 0.0 0.0 0.0 0.0 0.0 0.0 0.0 0.912436
Person 0.0 0 0.0 507.480469 22.214355 557.519531 209.816895 0.0 0.0 0.0 0.0 0.0 0.0 0.0 0.922203
Person 0.0 0 0.0 607.514648 15.754395 657.172852 206.389160 0.0 0.0 0.0 0.0 0.0 0.0 0.0 0.926304
Person 0.0 0 0.0 961.303711 8.371582 1013.071289 171.584473 0.0 0.0 0.0 0.0 0.0 0.0 0.0 0.936518
Person 0.0 0 0.0 1096.699219 123.859863 1187.050781 376.062012 0.0 0.0 0.0 0.0 0.0 0.0 0.0 0.941223
Person 0.0 0 0.0 806.074219 117.465820 874.863281 373.491211 0.0 0.0 0.0 0.0 0.0 0.0 0.0 0.945399
Person 0.0 0 0.0 967.822266 115.751953 1053.427734 386.542969 0.0 0.0 0.0 0.0 0.0 0.0 0.0 0.946399
Person 0.0 0 0.0 191.484375 371.909180 375.234375 739.731445 0.0 0.0 0.0 0.0 0.0 0.0 0.0 0.947962
Person 0.0 0 0.0 706.464844 73.630371 782.285156 314.494629 0.0 0.0 0.0 0.0 0.0 0.0 0.0 0.959611
