Person 0.0 0 0.0 1055.917969 8.569336 1098.457031 177.583008 0.0 0.0 0.0 0.0 0.0 0.0 0.0 0.364778
Person 0.0 0 0.0 1778.964844 761.352539 1918.000000 1046.381836 0.0 0.0 0.0 0.0 0.0 0.0 0.0 0.386763
Person 0.0 0 0.0 20.009766 46.735840 126.591797 209.421387 0.0 0.0 0.0 0.0 0.0 0.0 0.0 0.446495
Person 0.0 0 0.0 1251.005859 170.991211 1353.369141 408.032227 0.0 0.0 0.0 0.0 0.0 0.0 0.0 0.457137
Person 0.0 0 0.0 825.366211 110.808105 883.696289 366.965332 0.0 0.0 0.0 0.0 0.0 0.0 0.0 0.725649
Person 0.0 0 0.0 1174.365234 25.839844 1208.759766 191.689453 0.0 0.0 0.0 0.0 0.0 0.0 0.0 0.735642
Person 0.0 0 0.0 1228.769531 168.090820 1298.730469 365.581055 0.0 0.0 0.0 0.0 0.0 0.0 0.0 0.773216
Person 0.0 0 0.0 865.722656 48.845215 920.214844 144.426270 0.0 0.0 0.0 0.0 0.0 0.0 0.0 0.804406
Person 0.0 0 0.0 151.420898 47.526855 204.594727 188.986816 0.0 0.0 0.0 0.0 0.0 0.0 0.0 0.878731
Person 0.0 0 0.0 1091.542969 47.922363 1171.582031 224.187012 0.0 0.0 0.0 0.0 0.0 0.0 0.0 0.906653
Person 0.0 0 0.0 932.958984 9.558105 987.041016 153.391113 0.0 0.0 0.0 0.0 0.0 0.0 0.0 0.919353
Person 0.0 0 0.0 74.003906 562.807617 304.042969 925.356445 0.0 0.0 0.0 0.0 0.0 0.0 0.0 0.922482
Person 0.0 0 0.0 614.619141 15.095215 666.005859 206.257324 0.0 0.0 0.0 0.0 0.0 0.0 0.0 0.927626
Person 0.0 0 0.0 942.832031 101.777344 1016.542969 379.687500 0.0 0.0 0.0 0.0 0.0 0.0 0.0 0.933431
Person 0.0 0 0.0 499.863281 23.005371 561.386719 200.720215 0.0 0.0 0.0 0.0 0.0 0.0 0.0 0.937211
Person 0.0 0 0.0 100.781250 398.408203 308.203125 756.474609 0.0 0.0 0.0 0.0 0.0 0.0 0.0 0.943138
Person 0.0 0 0.0 591.093750 15.688477 637.968750 188.393555 0.0 0.0 0.0 0.0 0.0 0.0 0.0 0.945197
Person 0.0 0 0.0 855.029297 103.095703 967.470703 399.462891 0.0 0.0 0.0 0.0 0.0 0.0 0.0 0.948537
Person 0.0 0 0.0 1094.121094 126.166992 1180.253906 377.973633 0.0 0.0 0.0 0.0 0.0 0.0 0.0 0.948917
Person 0.0 0 0.0 479.091797 109.753418 580.283203 374.611816 0.0 0.0 0.0 0.0 0.0 0.0 0.0 0.958382
