Person 0.0 0 0.0 920.258789 8.041992 960.366211 166.113281 0.0 0.0 0.0 0.0 0.0 0.0 0.0 0.609524
Person 0.0 0 0.0 1167.846680 15.095215 1207.778320 193.469238 0.0 0.0 0.0 0.0 0.0 0.0 0.0 0.649579
Person 0.0 0 0.0 1192.177734 95.844727 1279.072266 332.358398 0.0 0.0 0.0 0.0 0.0 0.0 0.0 0.654011
Person 0.0 0 0.0 556.201172 126.628418 643.798828 327.941895 0.0 0.0 0.0 0.0 0.0 0.0 0.0 0.738669
Person 0.0 0 0.0 451.582031 158.730469 524.355469 478.300781 0.0 0.0 0.0 0.0 0.0 0.0 0.0 0.796925
Person 0.0 0 0.0 136.933594 54.052734 179.003906 197.226562 0.0 0.0 0.0 0.0 0.0 0.0 0.0 0.822189
Person 0.0 0 0.0 783.984375 29.399414 869.765625 183.911133 0.0 0.0 0.0 0.0 0.0 0.0 0.0 0.844409
Person 0.0 0 0.0 78.164062 542.504883 309.257812 878.159180 0.0 0.0 0.0 0.0 0.0 0.0 0.0 0.859664
Person 0.0 0 0.0 1169.882812 92.680664 1233.867188 280.942383 0.0 0.0 0.0 0.0 0.0 0.0 0.0 0.862930
Person 0.0 0 0.0 1522.617188 473.027344 1751.132812 812.636719 0.0 0.0 0.0 0.0 0.0 0.0 0.0 0.870157
Person 0.0 0 0.0 1079.941406 297.290039 1228.183594 642.963867 0.0 0.0 0.0 0.0 0.0 0.0 0.0 0.887205
Person 0.0 0 0.0 615.087891 10.942383 666.474609 200.522461 0.0 0.0 0.0 0.0 0.0 0.0 0.0 0.903975
Person 0.0 0 0.0 511.347656 22.412109 558.339844 208.828125 0.0 0.0 0.0 0.0 0.0 0.0 0.0 0.907312
Person 0.0 0 0.0 188.671875 368.349609 394.921875 727.470703 0.0 0.0 0.0 0.0 0.0 0.0 0.0 0.908942
Person 0.0 0 0.0 293.320312 244.028320 414.492188 563.862305 0.0 0.0 0.0 0.0 0.0 0.0 0.0 0.910545
Person 0.0 0 0.0 690.996094 23.466797 760.253906 230.053711 0.0 0.0 0.0 0.0 0.0 0.0 0.0 0.918187
Person 0.0 0 0.0 751.933594 274.746094 880.253906 637.558594 0.0 0.0 0.0 0.0 0.0 0.0 0.0 0.920218
Person 0.0 0 0.0 524.824219 252.729492 686.425781 646.391602 0.0 0.0 0.0 0.0 0.0 0.0 0.0 0.922761
Person 0.0 0 0.0 580.341797 13.381348 633.720703 184.768066 0.0 0.0 0.0 0.0 0.0 0.0 0.0 0.932207
Person 0.0 0 0.0 957.407227 3.691406 1009.467773 179.428711 0.0 0.0 0.0 0.0 0.0 0.0 0.0 0.932699
