Person 0.0 0 0.0 553.886719 201.906738 657.363281 422.468262 0.0 0.0 0.0 0.0 0.0 0.0 0.0 0.668015
Person 0.0 0 0.0 784.804688 203.950195 857.695312 559.116211 0.0 0.0 0.0 0.0 0.0 0.0 0.0 0.719384
Person 0.0 0 0.0 1778.496094 434.926758 1918.000000 704.135742 0.0 0.0 0.0 0.0 0.0 0.0 0.0 0.738669
Person 0.0 0 0.0 699.316406 41.923828 750.996094 151.611328 0.0 0.0 0.0 0.0 0.0 0.0 0.0 0.753467
Person 0.0 0 0.0 1235.273438 162.487793 1305.351562 364.855957 0.0 0.0 0.0 0.0 0.0 0.0 0.0 0.759225
Person 0.0 0 0.0 136.625977 53.393555 180.249023 196.699219 0.0 0.0 0.0 0.0 0.0 0.0 0.0 0.774583
Person 0.0 0 0.0 918.222656 8.635254 953.964844 160.378418 0.0 0.0 0.0 0.0 0.0 0.0 0.0 0.803791
Person 0.0 0 0.0 88.359375 543.164062 308.671875 878.554688 0.0 0.0 0.0 0.0 0.0 0.0 0.0 0.867485
Person 0.0 0 0.0 798.691406 254.970703 928.183594 622.001953 0.0 0.0 0.0 0.0 0.0 0.0 0.0 0.895523
Person 0.0 0 0.0 1531.347656 467.753906 1755.527344 810.527344 0.0 0.0 0.0 0.0 0.0 0.0 0.0 0.915205
Person 0.0 0 0.0 508.095703 21.818848 557.841797 210.212402 0.0 0.0 0.0 0.0 0.0 0.0 0.0 0.921358
Person 0.0 0 0.0 992.519531 141.328125 1081.230469 483.574219 0.0 0.0 0.0 0.0 0.0 0.0 0.0 0.927363
Person 0.0 0 0.0 613.051758 15.490723 657.260742 203.488770 0.0 0.0 0.0 0.0 0.0 0.0 0.0 0.931960
Person 0.0 0 0.0 1104.199219 120.827637 1185.175781 374.875488 0.0 0.0 0.0 0.0 0.0 0.0 0.0 0.935110
Person 0.0 0 0.0 830.068359 42.846680 932.431641 270.659180 0.0 0.0 0.0 0.0 0.0 0.0 0.0 0.937440
Person 0.0 0 0.0 536.015625 343.432617 693.984375 726.547852 0.0 0.0 0.0 0.0 0.0 0.0 0.0 0.938576
Person 0.0 0 0.0 682.294922 102.172852 780.205078 382.456055 0.0 0.0 0.0 0.0 0.0 0.0 0.0 0.939913
Person 0.0 0 0.0 180.058594 371.777344 396.972656 727.207031 0.0 0.0 0.0 0.0 0.0 0.0 0.0 0.950227
Person 0.0 0 0.0 588.544922 13.513184 629.267578 185.295410 0.0 0.0 0.0 0.0 0.0 0.0 0.0 0.952042
Person 0.0 0 0.0 930.058594 70.466309 991.816406 339.016113 0.0 0.0 0.0 0.0 0.0 0.0 0.0 0.952397
