Person 0.0 0 0.0 74.384766 62.193604 118.505859 186.976318 0.0 0.0 0.0 0.0 0.0 0.0 0.0 0.400749
Person 0.0 0 0.0 18.779297 47.197266 117.978516 188.525391 0.0 0.0 0.0 0.0 0.0 0.0 0.0 0.445530
Person 0.0 0 0.0 1107.319336 28.344727 1146.430664 170.463867 0.0 0.0 0.0 0.0 0.0 0.0 0.0 0.490236
Person 0.0 0 0.0 1811.542969 380.478516 1918.000000 619.365234 0.0 0.0 0.0 0.0 0.0 0.0 0.0 0.532182
Person 0.0 0 0.0 1175.493164 24.719238 1209.506836 190.832520 0.0 0.0 0.0 0.0 0.0 0.0 0.0 0.685949
Person 0.0 0 0.0 1229.941406 168.024902 1305.058594 372.502441 0.0 0.0 0.0 0.0 0.0 0.0 0.0 0.729520
Person 0.0 0 0.0 958.696289 11.865234 1000.678711 135.395508 0.0 0.0 0.0 0.0 0.0 0.0 0.0 0.773901
Person 0.0 0 0.0 939.594727 102.963867 999.155273 371.909180 0.0 0.0 0.0 0.0 0.0 0.0 0.0 0.812272
Person 0.0 0 0.0 599.868164 15.490723 652.631836 210.607910 0.0 0.0 0.0 0.0 0.0 0.0 0.0 0.851459
Person 0.0 0 0.0 1617.421875 469.995117 1840.078125 811.450195 0.0 0.0 0.0 0.0 0.0 0.0 0.0 0.856332
Person 0.0 0 0.0 750.307617 69.345703 793.754883 270.000000 0.0 0.0 0.0 0.0 0.0 0.0 0.0 0.875361
Person 0.0 0 0.0 508.901367 21.027832 560.786133 206.257324 0.0 0.0 0.0 0.0 0.0 0.0 0.0 0.892187
Person 0.0 0 0.0 69.023438 575.463867 287.460938 926.411133 0.0 0.0 0.0 0.0 0.0 0.0 0.0 0.919063
Person 0.0 0 0.0 854.941406 94.130859 967.558594 398.671875 0.0 0.0 0.0 0.0 0.0 0.0 0.0 0.927100
Person 0.0 0 0.0 136.684570 53.063965 186.049805 191.491699 0.0 0.0 0.0 0.0 0.0 0.0 0.0 0.931960
Person 0.0 0 0.0 122.812500 410.405273 336.796875 771.899414 0.0 0.0 0.0 0.0 0.0 0.0 0.0 0.941223
Person 0.0 0 0.0 800.302734 100.261230 880.634766 346.662598 0.0 0.0 0.0 0.0 0.0 0.0 0.0 0.943138
Person 0.0 0 0.0 771.914062 72.839355 835.898438 296.301270 0.0 0.0 0.0 0.0 0.0 0.0 0.0 0.945601
Person 0.0 0 0.0 1097.958984 124.782715 1178.291016 377.775879 0.0 0.0 0.0 0.0 0.0 0.0 0.0 0.946200
Person 0.0 0 0.0 76.376953 159.653320 153.896484 362.416992 0.0 0.0 0.0 0.0 0.0 0.0 0.0 0.954984
