Person 0.0 0 0.0 915.629883 8.833008 958.432617 163.740234 0.0 0.0 0.0 0.0 0.0 0.0 0.0 0.510741
Person 0.0 0 0.0 1120.048828 107.116699 1221.826172 352.463379 0.0 0.0 0.0 0.0 0.0 0.0 0.0 0.737158
Person 0.0 0 0.0 614.604492 10.349121 666.958008 180.153809 0.0 0.0 0.0 0.0 0.0 0.0 0.0 0.766992
Person 0.0 0 0.0 787.119141 31.904297 871.318359 198.149414 0.0 0.0 0.0 0.0 0.0 0.0 0.0 0.830044
Person 0.0 0 0.0 975.410156 207.641602 1120.839844 520.092773 0.0 0.0 0.0 0.0 0.0 0.0 0.0 0.852935
Person 0.0 0 0.0 279.550781 246.401367 437.167969 598.930664 0.0 0.0 0.0 0.0 0.0 0.0 0.0 0.863852
Person 0.0 0 0.0 1522.265625 473.554688 1753.359375 813.164062 0.0 0.0 0.0 0.0 0.0 0.0 0.0 0.873647
Person 0.0 0 0.0 511.611328 22.543945 560.888672 210.278320 0.0 0.0 0.0 0.0 0.0 0.0 0.0 0.882428
Person 0.0 0 0.0 76.523438 535.649414 308.789062 878.686523 0.0 0.0 0.0 0.0 0.0 0.0 0.0 0.889912
Person 0.0 0 0.0 68.613281 66.115723 126.855469 207.839355 0.0 0.0 0.0 0.0 0.0 0.0 0.0 0.906653
Person 0.0 0 0.0 589.804688 109.687500 682.382812 387.333984 0.0 0.0 0.0 0.0 0.0 0.0 0.0 0.909586
Person 0.0 0 0.0 958.227539 3.955078 1008.647461 172.177734 0.0 0.0 0.0 0.0 0.0 0.0 0.0 0.916409
Person 0.0 0 0.0 520.781250 256.157227 735.468750 648.764648 0.0 0.0 0.0 0.0 0.0 0.0 0.0 0.923592
Person 0.0 0 0.0 819.755859 225.043945 922.119141 573.881836 0.0 0.0 0.0 0.0 0.0 0.0 0.0 0.925230
Person 0.0 0 0.0 229.218750 361.230469 379.687500 719.824219 0.0 0.0 0.0 0.0 0.0 0.0 0.0 0.926037
Person 0.0 0 0.0 580.136719 14.106445 631.113281 152.138672 0.0 0.0 0.0 0.0 0.0 0.0 0.0 0.928926
Person 0.0 0 0.0 167.753906 108.764648 254.355469 303.618164 0.0 0.0 0.0 0.0 0.0 0.0 0.0 0.934634
Person 0.0 0 0.0 717.041016 205.400391 827.021484 535.517578 0.0 0.0 0.0 0.0 0.0 0.0 0.0 0.936518
Person 0.0 0 0.0 875.449219 24.851074 943.300781 266.242676 0.0 0.0 0.0 0.0 0.0 0.0 0.0 0.946399
Person 0.0 0 0.0 687.539062 20.039062 748.710938 230.449219 0.0 0.0 0.0 0.0 0.0 0.0 0.0 0.948917
