Person 0.0 0 0.0 18.896484 46.999512 128.291016 206.916504 0.0 0.0 0.0 0.0 0.0 0.0 0.0 0.438785
Person 0.0 0 0.0 1847.138672 404.406738 1918.000000 628.659668 0.0 0.0 0.0 0.0 0.0 0.0 0.0 0.442636
Person 0.0 0 0.0 1059.873047 21.687012 1098.251953 172.639160 0.0 0.0 0.0 0.0 0.0 0.0 0.0 0.484380
Person 0.0 0 0.0 0.703125 224.846191 78.398438 425.368652 0.0 0.0 0.0 0.0 0.0 0.0 0.0 0.527317
Person 0.0 0 0.0 594.477539 15.688477 631.772461 188.789062 0.0 0.0 0.0 0.0 0.0 0.0 0.0 0.530236
Person 0.0 0 0.0 822.978516 106.062012 892.646484 369.602051 0.0 0.0 0.0 0.0 0.0 0.0 0.0 0.690976
Person 0.0 0 0.0 1175.888672 35.529785 1209.111328 190.568848 0.0 0.0 0.0 0.0 0.0 0.0 0.0 0.695958
Person 0.0 0 0.0 606.958008 15.292969 655.854492 208.432617 0.0 0.0 0.0 0.0 0.0 0.0 0.0 0.847968
Person 0.0 0 0.0 794.443359 75.607910 859.306641 291.423340 0.0 0.0 0.0 0.0 0.0 0.0 0.0 0.848471
Person 0.0 0 0.0 153.193359 48.779297 191.572266 193.139648 0.0 0.0 0.0 0.0 0.0 0.0 0.0 0.862468
Person 0.0 0 0.0 947.548828 101.250000 1019.326172 380.214844 0.0 0.0 0.0 0.0 0.0 0.0 0.0 0.882833
Person 0.0 0 0.0 857.460938 102.568359 967.851562 399.990234 0.0 0.0 0.0 0.0 0.0 0.0 0.0 0.901227
Person 0.0 0 0.0 1212.011719 155.632324 1289.238281 369.074707 0.0 0.0 0.0 0.0 0.0 0.0 0.0 0.901575
Person 0.0 0 0.0 77.578125 570.717773 287.812500 926.938477 0.0 0.0 0.0 0.0 0.0 0.0 0.0 0.901921
Person 0.0 0 0.0 1089.155273 43.967285 1147.719727 223.000488 0.0 0.0 0.0 0.0 0.0 0.0 0.0 0.914596
Person 0.0 0 0.0 510.527344 19.511719 555.410156 207.377930 0.0 0.0 0.0 0.0 0.0 0.0 0.0 0.917893
Person 0.0 0 0.0 1097.197266 119.970703 1180.927734 378.896484 0.0 0.0 0.0 0.0 0.0 0.0 0.0 0.945601
Person 0.0 0 0.0 715.283203 64.467773 774.404297 262.485352 0.0 0.0 0.0 0.0 0.0 0.0 0.0 0.949482
Person 0.0 0 0.0 528.632812 47.790527 594.492188 259.914551 0.0 0.0 0.0 0.0 0.0 0.0 0.0 0.954647
Person 0.0 0 0.0 124.570312 397.880859 350.742188 753.837891 0.0 0.0 0.0 0.0 0.0 0.0 0.0 0.954984
