Person 0.0 0 0.0 1823.203125 366.108398 1918.000000 570.454102 0.0 0.0 0.0 0.0 0.0 0.0 0.0 0.576542
Person 0.0 0 0.0 1174.233398 22.939453 1208.891602 189.975586 0.0 0.0 0.0 0.0 0.0 0.0 0.0 0.641535
Person 0.0 0 0.0 137.592773 53.591309 179.985352 197.292480 0.0 0.0 0.0 0.0 0.0 0.0 0.0 0.750553
Person 0.0 0 0.0 925.253906 4.416504 960.996094 157.082520 0.0 0.0 0.0 0.0 0.0 0.0 0.0 0.770465
Person 0.0 0 0.0 1542.011719 479.487305 1748.613281 828.325195 0.0 0.0 0.0 0.0 0.0 0.0 0.0 0.773901
Person 0.0 0 0.0 1220.449219 159.191895 1310.800781 366.042480 0.0 0.0 0.0 0.0 0.0 0.0 0.0 0.798187
Person 0.0 0 0.0 784.248047 208.300781 861.064453 555.292969 0.0 0.0 0.0 0.0 0.0 0.0 0.0 0.831691
Person 0.0 0 0.0 468.808594 236.513672 601.816406 581.396484 0.0 0.0 0.0 0.0 0.0 0.0 0.0 0.871475
Person 0.0 0 0.0 580.385742 15.688477 637.426758 184.833984 0.0 0.0 0.0 0.0 0.0 0.0 0.0 0.879561
Person 0.0 0 0.0 89.589844 538.681641 309.550781 877.763672 0.0 0.0 0.0 0.0 0.0 0.0 0.0 0.887205
Person 0.0 0 0.0 1.464844 352.792969 151.933594 632.285156 0.0 0.0 0.0 0.0 0.0 0.0 0.0 0.900879
Person 0.0 0 0.0 823.125000 26.301270 944.062500 239.479980 0.0 0.0 0.0 0.0 0.0 0.0 0.0 0.901575
Person 0.0 0 0.0 984.257812 333.281250 1201.992188 742.500000 0.0 0.0 0.0 0.0 0.0 0.0 0.0 0.910227
Person 0.0 0 0.0 573.544922 140.932617 662.080078 438.090820 0.0 0.0 0.0 0.0 0.0 0.0 0.0 0.913058
Person 0.0 0 0.0 905.976562 160.839844 1017.773438 429.257812 0.0 0.0 0.0 0.0 0.0 0.0 0.0 0.914291
Person 0.0 0 0.0 213.632812 363.999023 412.148438 722.329102 0.0 0.0 0.0 0.0 0.0 0.0 0.0 0.917893
Person 0.0 0 0.0 962.915039 5.009766 1013.334961 163.608398 0.0 0.0 0.0 0.0 0.0 0.0 0.0 0.922203
Person 0.0 0 0.0 511.289062 25.114746 564.960938 209.421387 0.0 0.0 0.0 0.0 0.0 0.0 0.0 0.922482
Person 0.0 0 0.0 742.031250 43.176270 831.093750 272.966309 0.0 0.0 0.0 0.0 0.0 0.0 0.0 0.940572
Person 0.0 0 0.0 802.207031 250.488281 945.292969 606.972656 0.0 0.0 0.0 0.0 0.0 0.0 0.0 0.946794
