Person 0.0 0 0.0 931.962891 2.010498 988.037109 129.232178 0.0 0.0 0.0 0.0 0.0 0.0 0.0 0.491212
Person 0.0 0 0.0 1112.182617 28.740234 1147.192383 164.135742 0.0 0.0 0.0 0.0 0.0 0.0 0.0 0.507812
Person 0.0 0 0.0 18.720703 46.538086 127.880859 202.631836 0.0 0.0 0.0 0.0 0.0 0.0 0.0 0.513668
Person 0.0 0 0.0 30.878906 661.289062 248.964844 1007.226562 0.0 0.0 0.0 0.0 0.0 0.0 0.0 0.659295
Person 0.0 0 0.0 645.336914 78.574219 686.850586 284.765625 0.0 0.0 0.0 0.0 0.0 0.0 0.0 0.688468
Person 0.0 0 0.0 1173.955078 15.490723 1209.169922 191.887207 0.0 0.0 0.0 0.0 0.0 0.0 0.0 0.731826
Person 0.0 0 0.0 1459.277344 453.647461 1636.347656 749.750977 0.0 0.0 0.0 0.0 0.0 0.0 0.0 0.831143
Person 0.0 0 0.0 1234.189453 165.124512 1300.810547 365.910645 0.0 0.0 0.0 0.0 0.0 0.0 0.0 0.874077
Person 0.0 0 0.0 146.323242 52.207031 186.254883 191.425781 0.0 0.0 0.0 0.0 0.0 0.0 0.0 0.879974
Person 0.0 0 0.0 919.628906 82.661133 1002.246094 345.805664 0.0 0.0 0.0 0.0 0.0 0.0 0.0 0.882428
Person 0.0 0 0.0 600.205078 18.918457 649.482422 212.321777 0.0 0.0 0.0 0.0 0.0 0.0 0.0 0.895523
Person 0.0 0 0.0 1039.570312 506.777344 1262.929688 991.933594 0.0 0.0 0.0 0.0 0.0 0.0 0.0 0.895888
Person 0.0 0 0.0 502.324219 14.831543 568.300781 201.511230 0.0 0.0 0.0 0.0 0.0 0.0 0.0 0.906322
Person 0.0 0 0.0 808.183594 90.834961 931.816406 389.575195 0.0 0.0 0.0 0.0 0.0 0.0 0.0 0.914291
Person 0.0 0 0.0 1648.652344 481.464844 1853.847656 815.800781 0.0 0.0 0.0 0.0 0.0 0.0 0.0 0.914901
Person 0.0 0 0.0 52.558594 174.946289 144.667969 434.663086 0.0 0.0 0.0 0.0 0.0 0.0 0.0 0.924959
Person 0.0 0 0.0 661.347656 76.201172 725.214844 305.595703 0.0 0.0 0.0 0.0 0.0 0.0 0.0 0.929440
Person 0.0 0 0.0 40.781250 467.094727 268.828125 811.186523 0.0 0.0 0.0 0.0 0.0 0.0 0.0 0.939692
Person 0.0 0 0.0 561.826172 47.460938 626.923828 257.607422 0.0 0.0 0.0 0.0 0.0 0.0 0.0 0.946200
Person 0.0 0 0.0 1087.763672 114.499512 1175.361328 366.174316 0.0 0.0 0.0 0.0 0.0 0.0 0.0 0.950411
