Person 0.0 0 0.0 1262.753906 186.284180 1345.371094 382.719727 0.0 0.0 0.0 0.0 0.0 0.0 0.0 0.351756
Person 0.0 0 0.0 1267.705078 85.264893 1332.919922 203.719482 0.0 0.0 0.0 0.0 0.0 0.0 0.0 0.430147
Person 0.0 0 0.0 73.945312 62.325439 117.890625 186.053467 0.0 0.0 0.0 0.0 0.0 0.0 0.0 0.489259
Person 0.0 0 0.0 1811.542969 356.286621 1918.000000 612.443848 0.0 0.0 0.0 0.0 0.0 0.0 0.0 0.512693
Person 0.0 0 0.0 1108.813477 28.081055 1146.811523 168.618164 0.0 0.0 0.0 0.0 0.0 0.0 0.0 0.559290
Person 0.0 0 0.0 0.527344 354.902344 143.847656 654.433594 0.0 0.0 0.0 0.0 0.0 0.0 0.0 0.603932
Person 0.0 0 0.0 932.739258 3.361816 989.135742 161.433105 0.0 0.0 0.0 0.0 0.0 0.0 0.0 0.702530
Person 0.0 0 0.0 1169.047852 25.180664 1208.452148 191.557617 0.0 0.0 0.0 0.0 0.0 0.0 0.0 0.717804
Person 0.0 0 0.0 1215.937500 165.981445 1302.187500 376.127930 0.0 0.0 0.0 0.0 0.0 0.0 0.0 0.798815
Person 0.0 0 0.0 744.345703 70.664062 788.466797 270.263672 0.0 0.0 0.0 0.0 0.0 0.0 0.0 0.807461
Person 0.0 0 0.0 925.517578 100.590820 996.357422 371.645508 0.0 0.0 0.0 0.0 0.0 0.0 0.0 0.820469
Person 0.0 0 0.0 806.572266 99.404297 916.552734 392.607422 0.0 0.0 0.0 0.0 0.0 0.0 0.0 0.822189
Person 0.0 0 0.0 1517.226562 460.898438 1767.773438 783.632812 0.0 0.0 0.0 0.0 0.0 0.0 0.0 0.842345
Person 0.0 0 0.0 57.539062 598.139648 295.195312 940.649414 0.0 0.0 0.0 0.0 0.0 0.0 0.0 0.851953
Person 0.0 0 0.0 778.183594 73.696289 841.816406 295.708008 0.0 0.0 0.0 0.0 0.0 0.0 0.0 0.866132
Person 0.0 0 0.0 508.168945 21.027832 568.081055 205.861816 0.0 0.0 0.0 0.0 0.0 0.0 0.0 0.920790
Person 0.0 0 0.0 139.189453 55.173340 186.357422 191.491699 0.0 0.0 0.0 0.0 0.0 0.0 0.0 0.927888
Person 0.0 0 0.0 1087.500000 127.880859 1170.000000 379.160156 0.0 0.0 0.0 0.0 0.0 0.0 0.0 0.932699
Person 0.0 0 0.0 78.574219 161.037598 172.910156 359.450684 0.0 0.0 0.0 0.0 0.0 0.0 0.0 0.939913
Person 0.0 0 0.0 87.011719 417.260742 321.269531 771.372070 0.0 0.0 0.0 0.0 0.0 0.0 0.0 0.954816
