Person 0.0 0 0.0 551.835938 127.023926 644.414062 322.009277 0.0 0.0 0.0 0.0 0.0 0.0 0.0 0.633410
Person 0.0 0 0.0 0.527344 191.623535 72.480469 419.040527 0.0 0.0 0.0 0.0 0.0 0.0 0.0 0.674051
Person 0.0 0 0.0 138.354492 53.129883 179.692383 196.962891 0.0 0.0 0.0 0.0 0.0 0.0 0.0 0.700075
Person 0.0 0 0.0 1152.744141 101.975098 1241.630859 346.003418 0.0 0.0 0.0 0.0 0.0 0.0 0.0 0.723309
Person 0.0 0 0.0 396.533203 226.098633 511.904297 563.334961 0.0 0.0 0.0 0.0 0.0 0.0 0.0 0.794385
Person 0.0 0 0.0 1523.027344 470.917969 1750.722656 813.691406 0.0 0.0 0.0 0.0 0.0 0.0 0.0 0.839734
Person 0.0 0 0.0 789.228516 30.124512 872.958984 188.195801 0.0 0.0 0.0 0.0 0.0 0.0 0.0 0.843895
Person 0.0 0 0.0 791.484375 247.851562 903.515625 600.117188 0.0 0.0 0.0 0.0 0.0 0.0 0.0 0.861538
Person 0.0 0 0.0 957.465820 0.131836 1001.909180 171.254883 0.0 0.0 0.0 0.0 0.0 0.0 0.0 0.880386
Person 0.0 0 0.0 1000.605469 246.533203 1144.394531 579.814453 0.0 0.0 0.0 0.0 0.0 0.0 0.0 0.892563
Person 0.0 0 0.0 78.867188 535.385742 309.960938 878.950195 0.0 0.0 0.0 0.0 0.0 0.0 0.0 0.896976
Person 0.0 0 0.0 270.410156 247.324219 411.152344 531.035156 0.0 0.0 0.0 0.0 0.0 0.0 0.0 0.897695
Person 0.0 0 0.0 689.003906 206.059570 812.871094 534.331055 0.0 0.0 0.0 0.0 0.0 0.0 0.0 0.902610
Person 0.0 0 0.0 530.507812 252.729492 702.304688 646.391602 0.0 0.0 0.0 0.0 0.0 0.0 0.0 0.902952
Person 0.0 0 0.0 510.249023 22.346191 559.438477 209.289551 0.0 0.0 0.0 0.0 0.0 0.0 0.0 0.907640
Person 0.0 0 0.0 609.155273 10.744629 664.907227 200.720215 0.0 0.0 0.0 0.0 0.0 0.0 0.0 0.910545
Person 0.0 0 0.0 873.457031 23.664551 942.480469 265.583496 0.0 0.0 0.0 0.0 0.0 0.0 0.0 0.911495
Person 0.0 0 0.0 169.570312 375.073242 385.429688 721.801758 0.0 0.0 0.0 0.0 0.0 0.0 0.0 0.927363
Person 0.0 0 0.0 580.078125 13.710938 631.171875 182.592773 0.0 0.0 0.0 0.0 0.0 0.0 0.0 0.930711
Person 0.0 0 0.0 685.195312 21.687012 747.304688 230.910645 0.0 0.0 0.0 0.0 0.0 0.0 0.0 0.944382
