Person 0.0 0 0.0 1826.572266 426.950684 1918.000000 663.596191 0.0 0.0 0.0 0.0 0.0 0.0 0.0 0.474631
Person 0.0 0 0.0 821.542969 105.666504 887.519531 367.624512 0.0 0.0 0.0 0.0 0.0 0.0 0.0 0.504883
Person 0.0 0 0.0 19.013672 46.669922 127.587891 207.773438 0.0 0.0 0.0 0.0 0.0 0.0 0.0 0.534127
Person 0.0 0 0.0 0.380859 201.972656 75.908203 426.621094 0.0 0.0 0.0 0.0 0.0 0.0 0.0 0.537041
Person 0.0 0 0.0 1061.879883 22.346191 1098.120117 165.124512 0.0 0.0 0.0 0.0 0.0 0.0 0.0 0.551574
Person 0.0 0 0.0 593.173828 16.479492 629.326172 189.448242 0.0 0.0 0.0 0.0 0.0 0.0 0.0 0.685107
Person 0.0 0 0.0 1174.291992 34.475098 1208.833008 190.437012 0.0 0.0 0.0 0.0 0.0 0.0 0.0 0.726426
Person 0.0 0 0.0 724.980469 27.224121 775.957031 193.732910 0.0 0.0 0.0 0.0 0.0 0.0 0.0 0.811676
Person 0.0 0 0.0 151.054688 49.306641 189.492188 192.612305 0.0 0.0 0.0 0.0 0.0 0.0 0.0 0.823896
Person 0.0 0 0.0 945.468750 100.722656 1015.781250 380.214844 0.0 0.0 0.0 0.0 0.0 0.0 0.0 0.861538
Person 0.0 0 0.0 1216.054688 171.650391 1303.945312 386.279297 0.0 0.0 0.0 0.0 0.0 0.0 0.0 0.877896
Person 0.0 0 0.0 607.749023 15.886230 656.938477 205.070801 0.0 0.0 0.0 0.0 0.0 0.0 0.0 0.885235
Person 0.0 0 0.0 72.949219 552.919922 302.988281 925.751953 0.0 0.0 0.0 0.0 0.0 0.0 0.0 0.890675
Person 0.0 0 0.0 857.314453 100.590820 968.935547 399.594727 0.0 0.0 0.0 0.0 0.0 0.0 0.0 0.918187
Person 0.0 0 0.0 1086.943359 44.692383 1146.181641 222.934570 0.0 0.0 0.0 0.0 0.0 0.0 0.0 0.921358
Person 0.0 0 0.0 509.736328 20.039062 559.951172 204.082031 0.0 0.0 0.0 0.0 0.0 0.0 0.0 0.922761
Person 0.0 0 0.0 525.585938 109.423828 599.414062 368.349609 0.0 0.0 0.0 0.0 0.0 0.0 0.0 0.936285
Person 0.0 0 0.0 1095.849609 117.268066 1182.275391 378.435059 0.0 0.0 0.0 0.0 0.0 0.0 0.0 0.944177
Person 0.0 0 0.0 101.660156 400.781250 312.246094 755.156250 0.0 0.0 0.0 0.0 0.0 0.0 0.0 0.948728
Person 0.0 0 0.0 1189.804688 87.736816 1262.695312 293.532715 0.0 0.0 0.0 0.0 0.0 0.0 0.0 0.950595
