Person 0.0 0 0.0 0.410156 591.811523 153.808594 941.704102 0.0 0.0 0.0 0.0 0.0 0.0 0.0 0.524395
Person 0.0 0 0.0 0.410156 189.316406 73.710938 419.238281 0.0 0.0 0.0 0.0 0.0 0.0 0.0 0.606731
Person 0.0 0 0.0 713.408203 207.641602 793.154297 533.276367 0.0 0.0 0.0 0.0 0.0 0.0 0.0 0.699254
Person 0.0 0 0.0 137.841797 54.184570 178.564453 197.094727 0.0 0.0 0.0 0.0 0.0 0.0 0.0 0.775945
Person 0.0 0 0.0 918.984375 9.228516 963.515625 165.322266 0.0 0.0 0.0 0.0 0.0 0.0 0.0 0.791176
Person 0.0 0 0.0 430.224609 204.609375 538.212891 537.890625 0.0 0.0 0.0 0.0 0.0 0.0 0.0 0.809276
Person 0.0 0 0.0 1523.437500 469.863281 1750.312500 813.691406 0.0 0.0 0.0 0.0 0.0 0.0 0.0 0.845433
Person 0.0 0 0.0 627.128906 12.062988 666.621094 201.247559 0.0 0.0 0.0 0.0 0.0 0.0 0.0 0.867485
Person 0.0 0 0.0 79.921875 535.913086 309.375000 877.368164 0.0 0.0 0.0 0.0 0.0 0.0 0.0 0.875361
Person 0.0 0 0.0 785.859375 29.794922 871.640625 189.580078 0.0 0.0 0.0 0.0 0.0 0.0 0.0 0.877896
Person 0.0 0 0.0 760.869141 262.353516 869.443359 636.767578 0.0 0.0 0.0 0.0 0.0 0.0 0.0 0.889912
Person 0.0 0 0.0 872.666016 23.137207 943.271484 265.056152 0.0 0.0 0.0 0.0 0.0 0.0 0.0 0.893309
Person 0.0 0 0.0 527.109375 258.266602 675.703125 647.709961 0.0 0.0 0.0 0.0 0.0 0.0 0.0 0.906653
Person 0.0 0 0.0 511.567383 22.807617 561.870117 209.223633 0.0 0.0 0.0 0.0 0.0 0.0 0.0 0.913984
Person 0.0 0 0.0 1066.347656 278.701172 1196.777344 638.876953 0.0 0.0 0.0 0.0 0.0 0.0 0.0 0.919063
Person 0.0 0 0.0 288.574219 263.012695 413.144531 569.135742 0.0 0.0 0.0 0.0 0.0 0.0 0.0 0.922482
Person 0.0 0 0.0 689.326172 23.334961 756.298828 230.185547 0.0 0.0 0.0 0.0 0.0 0.0 0.0 0.927100
Person 0.0 0 0.0 964.116211 0.263672 1015.883789 171.782227 0.0 0.0 0.0 0.0 0.0 0.0 0.0 0.940134
Person 0.0 0 0.0 230.800781 356.352539 395.917969 724.702148 0.0 0.0 0.0 0.0 0.0 0.0 0.0 0.945601
Person 0.0 0 0.0 579.829102 13.579102 634.233398 183.515625 0.0 0.0 0.0 0.0 0.0 0.0 0.0 0.946001
