Person 0.0 0 0.0 40.502930 87.736816 94.497070 228.405762 0.0 0.0 0.0 0.0 0.0 0.0 0.0 0.499023
Person 0.0 0 0.0 1177.441406 28.311768 1209.433594 128.045654 0.0 0.0 0.0 0.0 0.0 0.0 0.0 0.511717
Person 0.0 0 0.0 932.182617 1.318359 987.817383 138.295898 0.0 0.0 0.0 0.0 0.0 0.0 0.0 0.753467
Person 0.0 0 0.0 1233.310547 163.872070 1297.939453 365.053711 0.0 0.0 0.0 0.0 0.0 0.0 0.0 0.783988
Person 0.0 0 0.0 793.242188 82.133789 909.257812 388.520508 0.0 0.0 0.0 0.0 0.0 0.0 0.0 0.859664
Person 0.0 0 0.0 642.846680 79.167480 687.465820 284.963379 0.0 0.0 0.0 0.0 0.0 0.0 0.0 0.867934
Person 0.0 0 0.0 599.692383 18.918457 649.057617 213.112793 0.0 0.0 0.0 0.0 0.0 0.0 0.0 0.886420
Person 0.0 0 0.0 1587.070312 498.339844 1831.054688 837.949219 0.0 0.0 0.0 0.0 0.0 0.0 0.0 0.894052
Person 0.0 0 0.0 26.367188 662.343750 249.023438 1007.226562 0.0 0.0 0.0 0.0 0.0 0.0 0.0 0.901227
Person 0.0 0 0.0 920.039062 88.725586 997.148438 346.069336 0.0 0.0 0.0 0.0 0.0 0.0 0.0 0.902266
Person 0.0 0 0.0 75.043945 62.687988 128.510742 201.906738 0.0 0.0 0.0 0.0 0.0 0.0 0.0 0.904313
Person 0.0 0 0.0 54.462891 178.967285 145.341797 430.114746 0.0 0.0 0.0 0.0 0.0 0.0 0.0 0.913368
Person 0.0 0 0.0 141.826172 51.811523 185.595703 191.030273 0.0 0.0 0.0 0.0 0.0 0.0 0.0 0.913677
Person 0.0 0 0.0 503.203125 14.963379 569.296875 200.588379 0.0 0.0 0.0 0.0 0.0 0.0 0.0 0.914596
Person 0.0 0 0.0 1459.101562 449.428711 1659.023438 750.805664 0.0 0.0 0.0 0.0 0.0 0.0 0.0 0.924415
Person 0.0 0 0.0 1110.498047 114.697266 1201.376953 367.822266 0.0 0.0 0.0 0.0 0.0 0.0 0.0 0.937211
Person 0.0 0 0.0 949.453125 484.101562 1129.921875 970.312500 0.0 0.0 0.0 0.0 0.0 0.0 0.0 0.946001
Person 0.0 0 0.0 658.447266 76.662598 725.302734 306.188965 0.0 0.0 0.0 0.0 0.0 0.0 0.0 0.953622
Person 0.0 0 0.0 83.437500 446.000977 268.828125 857.592773 0.0 0.0 0.0 0.0 0.0 0.0 0.0 0.953794
Person 0.0 0 0.0 561.328125 46.867676 624.609375 258.464355 0.0 0.0 0.0 0.0 0.0 0.0 0.0 0.957754
