Person 0.0 0 0.0 1066.420898 14.370117 1097.329102 122.739258 0.0 0.0 0.0 0.0 0.0 0.0 0.0 0.570810
Person 0.0 0 0.0 19.189453 47.131348 127.177734 208.103027 0.0 0.0 0.0 0.0 0.0 0.0 0.0 0.580352
Person 0.0 0 0.0 0.673828 190.371094 64.306641 420.820312 0.0 0.0 0.0 0.0 0.0 0.0 0.0 0.635222
Person 0.0 0 0.0 1170.571289 15.556641 1208.803711 191.162109 0.0 0.0 0.0 0.0 0.0 0.0 0.0 0.692642
Person 0.0 0 0.0 1237.558594 159.785156 1301.191406 365.449219 0.0 0.0 0.0 0.0 0.0 0.0 0.0 0.713032
Person 0.0 0 0.0 824.472656 106.918945 886.464844 368.745117 0.0 0.0 0.0 0.0 0.0 0.0 0.0 0.805020
Person 0.0 0 0.0 942.158203 24.389648 994.716797 207.641602 0.0 0.0 0.0 0.0 0.0 0.0 0.0 0.808672
Person 0.0 0 0.0 845.932617 29.794922 897.817383 134.604492 0.0 0.0 0.0 0.0 0.0 0.0 0.0 0.821044
Person 0.0 0 0.0 147.817383 53.723145 190.854492 192.941895 0.0 0.0 0.0 0.0 0.0 0.0 0.0 0.865224
Person 0.0 0 0.0 612.114258 17.666016 655.385742 205.664062 0.0 0.0 0.0 0.0 0.0 0.0 0.0 0.877056
Person 0.0 0 0.0 77.988281 558.984375 303.339844 922.851562 0.0 0.0 0.0 0.0 0.0 0.0 0.0 0.877477
Person 0.0 0 0.0 592.514648 15.886230 631.860352 188.591309 0.0 0.0 0.0 0.0 0.0 0.0 0.0 0.885632
Person 0.0 0 0.0 1091.923828 46.142578 1169.326172 224.648438 0.0 0.0 0.0 0.0 0.0 0.0 0.0 0.906653
Person 0.0 0 0.0 499.628906 23.005371 551.308594 208.630371 0.0 0.0 0.0 0.0 0.0 0.0 0.0 0.914901
Person 0.0 0 0.0 153.574219 366.635742 312.597656 724.965820 0.0 0.0 0.0 0.0 0.0 0.0 0.0 0.928926
Person 0.0 0 0.0 1023.530273 77.519531 1082.094727 301.640625 0.0 0.0 0.0 0.0 0.0 0.0 0.0 0.935582
Person 0.0 0 0.0 947.255859 101.250000 1015.869141 380.214844 0.0 0.0 0.0 0.0 0.0 0.0 0.0 0.936981
Person 0.0 0 0.0 1095.761719 126.496582 1176.738281 377.907715 0.0 0.0 0.0 0.0 0.0 0.0 0.0 0.937211
Person 0.0 0 0.0 854.501953 103.491211 967.998047 399.067383 0.0 0.0 0.0 0.0 0.0 0.0 0.0 0.942929
Person 0.0 0 0.0 516.679688 117.663574 590.507812 374.084473 0.0 0.0 0.0 0.0 0.0 0.0 0.0 0.948917
