Person 0.0 0 0.0 71.777344 61.765137 127.324219 205.334473 0.0 0.0 0.0 0.0 0.0 0.0 0.0 0.318273
Person 0.0 0 0.0 1056.884766 5.998535 1099.365234 176.857910 0.0 0.0 0.0 0.0 0.0 0.0 0.0 0.386763
Person 0.0 0 0.0 1777.500000 736.435547 1918.000000 1043.876953 0.0 0.0 0.0 0.0 0.0 0.0 0.0 0.464902
Person 0.0 0 0.0 18.310547 46.933594 127.705078 208.300781 0.0 0.0 0.0 0.0 0.0 0.0 0.0 0.480479
Person 0.0 0 0.0 1223.876953 171.320801 1303.623047 364.724121 0.0 0.0 0.0 0.0 0.0 0.0 0.0 0.518546
Person 0.0 0 0.0 912.465820 6.624756 947.534180 113.082275 0.0 0.0 0.0 0.0 0.0 0.0 0.0 0.673192
Person 0.0 0 0.0 1175.815430 25.642090 1209.184570 191.096191 0.0 0.0 0.0 0.0 0.0 0.0 0.0 0.731059
Person 0.0 0 0.0 590.771484 14.963379 628.916016 188.063965 0.0 0.0 0.0 0.0 0.0 0.0 0.0 0.819893
Person 0.0 0 0.0 605.156250 16.743164 656.718750 205.400391 0.0 0.0 0.0 0.0 0.0 0.0 0.0 0.856332
Person 0.0 0 0.0 824.970703 106.589355 884.091797 368.020020 0.0 0.0 0.0 0.0 0.0 0.0 0.0 0.885235
Person 0.0 0 0.0 87.011719 550.151367 304.394531 895.825195 0.0 0.0 0.0 0.0 0.0 0.0 0.0 0.892187
Person 0.0 0 0.0 867.333984 103.095703 981.416016 402.099609 0.0 0.0 0.0 0.0 0.0 0.0 0.0 0.901921
Person 0.0 0 0.0 954.624023 5.734863 1010.375977 164.069824 0.0 0.0 0.0 0.0 0.0 0.0 0.0 0.909907
Person 0.0 0 0.0 1095.351562 46.142578 1156.523438 241.259766 0.0 0.0 0.0 0.0 0.0 0.0 0.0 0.917006
Person 0.0 0 0.0 952.441406 99.272461 1016.308594 379.555664 0.0 0.0 0.0 0.0 0.0 0.0 0.0 0.927888
Person 0.0 0 0.0 137.563477 47.988281 191.030273 189.448242 0.0 0.0 0.0 0.0 0.0 0.0 0.0 0.935817
Person 0.0 0 0.0 1100.947266 118.388672 1184.677734 378.632812 0.0 0.0 0.0 0.0 0.0 0.0 0.0 0.939025
Person 0.0 0 0.0 501.357422 22.346191 553.330078 206.520996 0.0 0.0 0.0 0.0 0.0 0.0 0.0 0.945601
Person 0.0 0 0.0 671.074219 152.006836 766.113281 439.145508 0.0 0.0 0.0 0.0 0.0 0.0 0.0 0.960510
Person 0.0 0 0.0 137.226562 394.189453 356.835938 736.435547 0.0 0.0 0.0 0.0 0.0 0.0 0.0 0.960952
