Person 0.0 0 0.0 1197.714844 125.969238 1258.535156 340.993652 0.0 0.0 0.0 0.0 0.0 0.0 0.0 0.621541
Person 0.0 0 0.0 138.427734 53.393555 180.322266 197.490234 0.0 0.0 0.0 0.0 0.0 0.0 0.0 0.785309
Person 0.0 0 0.0 805.312500 31.245117 876.562500 169.013672 0.0 0.0 0.0 0.0 0.0 0.0 0.0 0.785966
Person 0.0 0 0.0 1110.000000 120.432129 1213.125000 372.106934 0.0 0.0 0.0 0.0 0.0 0.0 0.0 0.819316
Person 0.0 0 0.0 65.097656 64.731445 127.089844 207.377930 0.0 0.0 0.0 0.0 0.0 0.0 0.0 0.845433
Person 0.0 0 0.0 78.457031 538.286133 308.964844 878.159180 0.0 0.0 0.0 0.0 0.0 0.0 0.0 0.846958
Person 0.0 0 0.0 298.710938 281.997070 433.476562 584.428711 0.0 0.0 0.0 0.0 0.0 0.0 0.0 0.851953
Person 0.0 0 0.0 961.962891 8.173828 1008.662109 167.563477 0.0 0.0 0.0 0.0 0.0 0.0 0.0 0.857768
Person 0.0 0 0.0 815.273438 240.336914 905.976562 599.194336 0.0 0.0 0.0 0.0 0.0 0.0 0.0 0.879974
Person 0.0 0 0.0 915.878906 168.750000 1041.621094 453.515625 0.0 0.0 0.0 0.0 0.0 0.0 0.0 0.881207
Person 0.0 0 0.0 1521.855469 471.445312 1725.644531 838.476562 0.0 0.0 0.0 0.0 0.0 0.0 0.0 0.891811
Person 0.0 0 0.0 460.078125 315.351562 634.921875 731.953125 0.0 0.0 0.0 0.0 0.0 0.0 0.0 0.892563
Person 0.0 0 0.0 549.111328 129.594727 641.513672 422.006836 0.0 0.0 0.0 0.0 0.0 0.0 0.0 0.911810
Person 0.0 0 0.0 216.914062 363.471680 403.242188 724.965820 0.0 0.0 0.0 0.0 0.0 0.0 0.0 0.920504
Person 0.0 0 0.0 701.103516 215.815430 808.271484 550.942383 0.0 0.0 0.0 0.0 0.0 0.0 0.0 0.924415
Person 0.0 0 0.0 512.783203 21.752930 562.529297 208.696289 0.0 0.0 0.0 0.0 0.0 0.0 0.0 0.931463
Person 0.0 0 0.0 619.497070 10.085449 666.752930 200.324707 0.0 0.0 0.0 0.0 0.0 0.0 0.0 0.941007
Person 0.0 0 0.0 692.021484 15.161133 750.791016 229.394531 0.0 0.0 0.0 0.0 0.0 0.0 0.0 0.944177
Person 0.0 0 0.0 883.037109 23.334961 947.900391 257.475586 0.0 0.0 0.0 0.0 0.0 0.0 0.0 0.944587
Person 0.0 0 0.0 581.674805 14.370117 632.387695 179.560547 0.0 0.0 0.0 0.0 0.0 0.0 0.0 0.951323
