Person 0.0 0 0.0 1818.837891 328.469238 1918.000000 547.448730 0.0 0.0 0.0 0.0 0.0 0.0 0.0 0.621541
Person 0.0 0 0.0 919.262695 8.767090 954.799805 99.536133 0.0 0.0 0.0 0.0 0.0 0.0 0.0 0.676620
Person 0.0 0 0.0 1230.058594 173.825684 1303.066406 371.975098 0.0 0.0 0.0 0.0 0.0 0.0 0.0 0.727201
Person 0.0 0 0.0 1442.871094 463.666992 1658.378906 824.106445 0.0 0.0 0.0 0.0 0.0 0.0 0.0 0.796292
Person 0.0 0 0.0 1.142578 202.368164 80.302734 413.569336 0.0 0.0 0.0 0.0 0.0 0.0 0.0 0.847463
Person 0.0 0 0.0 137.915039 52.404785 178.491211 197.160645 0.0 0.0 0.0 0.0 0.0 0.0 0.0 0.849472
Person 0.0 0 0.0 218.203125 768.339844 449.296875 1074.199219 0.0 0.0 0.0 0.0 0.0 0.0 0.0 0.862004
Person 0.0 0 0.0 63.984375 555.029297 243.515625 901.494141 0.0 0.0 0.0 0.0 0.0 0.0 0.0 0.870597
Person 0.0 0 0.0 963.632812 7.646484 1012.617188 170.595703 0.0 0.0 0.0 0.0 0.0 0.0 0.0 0.900879
Person 0.0 0 0.0 1092.890625 122.805176 1188.984375 374.479980 0.0 0.0 0.0 0.0 0.0 0.0 0.0 0.908942
Person 0.0 0 0.0 175.664062 367.031250 366.679688 733.007812 0.0 0.0 0.0 0.0 0.0 0.0 0.0 0.912436
Person 0.0 0 0.0 507.612305 21.884766 558.325195 209.750977 0.0 0.0 0.0 0.0 0.0 0.0 0.0 0.914596
Person 0.0 0 0.0 807.128906 264.199219 921.621094 621.738281 0.0 0.0 0.0 0.0 0.0 0.0 0.0 0.914901
Person 0.0 0 0.0 609.345703 14.567871 657.216797 204.147949 0.0 0.0 0.0 0.0 0.0 0.0 0.0 0.923316
Person 0.0 0 0.0 771.474609 222.143555 856.962891 556.743164 0.0 0.0 0.0 0.0 0.0 0.0 0.0 0.926835
Person 0.0 0 0.0 895.839844 105.073242 971.660156 399.331055 0.0 0.0 0.0 0.0 0.0 0.0 0.0 0.927626
Person 0.0 0 0.0 588.588867 13.051758 630.161133 186.416016 0.0 0.0 0.0 0.0 0.0 0.0 0.0 0.930458
Person 0.0 0 0.0 705.952148 42.780762 756.547852 255.168457 0.0 0.0 0.0 0.0 0.0 0.0 0.0 0.937211
Person 0.0 0 0.0 236.308594 262.353516 420.410156 571.904297 0.0 0.0 0.0 0.0 0.0 0.0 0.0 0.944382
Person 0.0 0 0.0 984.931641 127.880859 1098.193359 445.341797 0.0 0.0 0.0 0.0 0.0 0.0 0.0 0.961098
