Person 0.0 0 0.0 0.322266 766.625977 109.482422 1036.889648 0.0 0.0 0.0 0.0 0.0 0.0 0.0 0.327238
Person 0.0 0 0.0 1823.876953 843.684082 1918.000000 997.800293 0.0 0.0 0.0 0.0 0.0 0.0 0.0 0.372962
Person 0.0 0 0.0 1061.572266 23.071289 1098.427734 167.431641 0.0 0.0 0.0 0.0 0.0 0.0 0.0 0.460046
Person 0.0 0 0.0 19.423828 46.999512 127.412109 206.916504 0.0 0.0 0.0 0.0 0.0 0.0 0.0 0.508788
Person 0.0 0 0.0 1813.271484 380.346680 1918.000000 618.442383 0.0 0.0 0.0 0.0 0.0 0.0 0.0 0.653127
Person 0.0 0 0.0 1167.260742 30.783691 1208.364258 191.359863 0.0 0.0 0.0 0.0 0.0 0.0 0.0 0.688468
Person 0.0 0 0.0 0.468750 211.333008 68.847656 426.225586 0.0 0.0 0.0 0.0 0.0 0.0 0.0 0.738669
Person 0.0 0 0.0 1229.648438 175.078125 1305.351562 370.722656 0.0 0.0 0.0 0.0 0.0 0.0 0.0 0.778649
Person 0.0 0 0.0 796.816406 76.333008 858.808594 290.434570 0.0 0.0 0.0 0.0 0.0 0.0 0.0 0.779322
Person 0.0 0 0.0 816.738281 107.380371 889.511719 369.602051 0.0 0.0 0.0 0.0 0.0 0.0 0.0 0.783326
Person 0.0 0 0.0 149.750977 50.559082 190.092773 193.469238 0.0 0.0 0.0 0.0 0.0 0.0 0.0 0.834946
Person 0.0 0 0.0 73.125000 570.717773 287.812500 925.883789 0.0 0.0 0.0 0.0 0.0 0.0 0.0 0.889144
Person 0.0 0 0.0 953.378906 101.513672 1019.121094 380.214844 0.0 0.0 0.0 0.0 0.0 0.0 0.0 0.895157
Person 0.0 0 0.0 857.373047 101.381836 967.939453 400.122070 0.0 0.0 0.0 0.0 0.0 0.0 0.0 0.910545
Person 0.0 0 0.0 509.106445 20.039062 560.581055 206.455078 0.0 0.0 0.0 0.0 0.0 0.0 0.0 0.923039
Person 0.0 0 0.0 745.942383 73.366699 798.120117 271.779785 0.0 0.0 0.0 0.0 0.0 0.0 0.0 0.928409
Person 0.0 0 0.0 1084.130859 39.484863 1154.619141 222.868652 0.0 0.0 0.0 0.0 0.0 0.0 0.0 0.931711
Person 0.0 0 0.0 1085.332031 127.946777 1168.417969 378.830566 0.0 0.0 0.0 0.0 0.0 0.0 0.0 0.938801
Person 0.0 0 0.0 595.971680 18.522949 649.028320 211.135254 0.0 0.0 0.0 0.0 0.0 0.0 0.0 0.943138
Person 0.0 0 0.0 144.550781 386.147461 306.152344 750.805664 0.0 0.0 0.0 0.0 0.0 0.0 0.0 0.947962
