Person 0.0 0 0.0 1254.580078 167.761230 1349.794922 409.152832 0.0 0.0 0.0 0.0 0.0 0.0 0.0 0.394201
Person 0.0 0 0.0 594.580078 15.787354 628.857422 102.403564 0.0 0.0 0.0 0.0 0.0 0.0 0.0 0.432063
Person 0.0 0 0.0 18.515625 47.131348 127.500000 207.312012 0.0 0.0 0.0 0.0 0.0 0.0 0.0 0.439747
Person 0.0 0 0.0 1059.946289 23.928223 1098.178711 172.375488 0.0 0.0 0.0 0.0 0.0 0.0 0.0 0.467818
Person 0.0 0 0.0 0.468750 227.153320 76.699219 425.170898 0.0 0.0 0.0 0.0 0.0 0.0 0.0 0.590779
Person 0.0 0 0.0 821.484375 105.073242 890.390625 367.690430 0.0 0.0 0.0 0.0 0.0 0.0 0.0 0.709824
Person 0.0 0 0.0 1173.823242 32.233887 1209.301758 190.700684 0.0 0.0 0.0 0.0 0.0 0.0 0.0 0.742422
Person 0.0 0 0.0 1226.484375 170.727539 1302.890625 375.600586 0.0 0.0 0.0 0.0 0.0 0.0 0.0 0.797557
Person 0.0 0 0.0 946.875000 100.722656 1018.125000 380.214844 0.0 0.0 0.0 0.0 0.0 0.0 0.0 0.871912
Person 0.0 0 0.0 152.124023 48.515625 206.938477 193.007812 0.0 0.0 0.0 0.0 0.0 0.0 0.0 0.873215
Person 0.0 0 0.0 610.795898 15.292969 656.704102 206.059570 0.0 0.0 0.0 0.0 0.0 0.0 0.0 0.885235
Person 0.0 0 0.0 85.312500 572.431641 288.046875 926.279297 0.0 0.0 0.0 0.0 0.0 0.0 0.0 0.889529
Person 0.0 0 0.0 857.929688 102.041016 968.320312 399.726562 0.0 0.0 0.0 0.0 0.0 0.0 0.0 0.908618
Person 0.0 0 0.0 509.633789 19.709473 560.053711 205.993652 0.0 0.0 0.0 0.0 0.0 0.0 0.0 0.913677
Person 0.0 0 0.0 132.773438 398.144531 336.210938 753.574219 0.0 0.0 0.0 0.0 0.0 0.0 0.0 0.917303
Person 0.0 0 0.0 1094.208984 125.837402 1180.166016 380.939941 0.0 0.0 0.0 0.0 0.0 0.0 0.0 0.923316
Person 0.0 0 0.0 1087.500000 44.692383 1145.625000 222.934570 0.0 0.0 0.0 0.0 0.0 0.0 0.0 0.924688
Person 0.0 0 0.0 782.460938 62.885742 852.539062 289.643555 0.0 0.0 0.0 0.0 0.0 0.0 0.0 0.943556
Person 0.0 0 0.0 698.261719 53.789062 760.488281 253.125000 0.0 0.0 0.0 0.0 0.0 0.0 0.0 0.959913
Person 0.0 0 0.0 555.908203 72.971191 624.404297 301.970215 0.0 0.0 0.0 0.0 0.0 0.0 0.0 0.963643
