Person 0.0 0 0.0 919.218750 8.833008 955.781250 111.994629 0.0 0.0 0.0 0.0 0.0 0.0 0.0 0.681727
Person 0.0 0 0.0 137.783203 52.734375 180.263672 196.831055 0.0 0.0 0.0 0.0 0.0 0.0 0.0 0.742422
Person 0.0 0 0.0 1179.096680 46.010742 1230.278320 217.001953 0.0 0.0 0.0 0.0 0.0 0.0 0.0 0.805020
Person 0.0 0 0.0 963.398438 6.591797 1012.851562 118.059082 0.0 0.0 0.0 0.0 0.0 0.0 0.0 0.839208
Person 0.0 0 0.0 1295.507812 76.893311 1357.617188 206.553955 0.0 0.0 0.0 0.0 0.0 0.0 0.0 0.858244
Person 0.0 0 0.0 87.187500 546.196289 304.921875 895.561523 0.0 0.0 0.0 0.0 0.0 0.0 0.0 0.865679
Person 0.0 0 0.0 1230.996094 161.301270 1300.253906 361.823730 0.0 0.0 0.0 0.0 0.0 0.0 0.0 0.870157
Person 0.0 0 0.0 1105.312500 120.168457 1187.812500 376.325684 0.0 0.0 0.0 0.0 0.0 0.0 0.0 0.879561
Person 0.0 0 0.0 588.530273 13.645020 627.407227 186.613770 0.0 0.0 0.0 0.0 0.0 0.0 0.0 0.888372
Person 0.0 0 0.0 507.202148 21.818848 557.797852 210.212402 0.0 0.0 0.0 0.0 0.0 0.0 0.0 0.901921
Person 0.0 0 0.0 828.544922 102.766113 907.705078 348.640137 0.0 0.0 0.0 0.0 0.0 0.0 0.0 0.909586
Person 0.0 0 0.0 610.048828 14.304199 659.326172 205.861816 0.0 0.0 0.0 0.0 0.0 0.0 0.0 0.912436
Person 0.0 0 0.0 952.031250 113.378906 1029.843750 389.970703 0.0 0.0 0.0 0.0 0.0 0.0 0.0 0.917598
Person 0.0 0 0.0 985.751953 172.968750 1101.123047 457.734375 0.0 0.0 0.0 0.0 0.0 0.0 0.0 0.924415
Person 0.0 0 0.0 1662.597656 481.464844 1886.777344 784.160156 0.0 0.0 0.0 0.0 0.0 0.0 0.0 0.924688
Person 0.0 0 0.0 727.177734 255.498047 836.572266 616.201172 0.0 0.0 0.0 0.0 0.0 0.0 0.0 0.932944
Person 0.0 0 0.0 151.875000 377.446289 363.281250 738.413086 0.0 0.0 0.0 0.0 0.0 0.0 0.0 0.937211
Person 0.0 0 0.0 1070.244141 73.432617 1138.505859 273.032227 0.0 0.0 0.0 0.0 0.0 0.0 0.0 0.952750
Person 0.0 0 0.0 902.666016 83.913574 972.333984 344.289551 0.0 0.0 0.0 0.0 0.0 0.0 0.0 0.953622
Person 0.0 0 0.0 1186.259766 68.488770 1275.615234 303.815918 0.0 0.0 0.0 0.0 0.0 0.0 0.0 0.964722
