Person 0.0 0 0.0 1776.972656 715.605469 1918.000000 1039.394531 0.0 0.0 0.0 0.0 0.0 0.0 0.0 0.419648
Person 0.0 0 0.0 1061.645508 9.953613 1098.354492 177.121582 0.0 0.0 0.0 0.0 0.0 0.0 0.0 0.499023
Person 0.0 0 0.0 19.218750 46.867676 127.382812 207.971191 0.0 0.0 0.0 0.0 0.0 0.0 0.0 0.547706
Person 0.0 0 0.0 506.455078 22.280273 561.357422 197.490234 0.0 0.0 0.0 0.0 0.0 0.0 0.0 0.586996
Person 0.0 0 0.0 1176.328125 19.775391 1208.671875 188.789062 0.0 0.0 0.0 0.0 0.0 0.0 0.0 0.590779
Person 0.0 0 0.0 918.574219 8.437500 956.425781 157.807617 0.0 0.0 0.0 0.0 0.0 0.0 0.0 0.771843
Person 0.0 0 0.0 1213.095703 165.520020 1303.154297 378.698730 0.0 0.0 0.0 0.0 0.0 0.0 0.0 0.803174
Person 0.0 0 0.0 149.545898 48.449707 188.422852 189.382324 0.0 0.0 0.0 0.0 0.0 0.0 0.0 0.806853
Person 0.0 0 0.0 87.363281 550.546875 305.449219 895.429688 0.0 0.0 0.0 0.0 0.0 0.0 0.0 0.886813
Person 0.0 0 0.0 608.261719 13.183594 656.425781 205.532227 0.0 0.0 0.0 0.0 0.0 0.0 0.0 0.907640
Person 0.0 0 0.0 587.768555 13.710938 629.106445 186.811523 0.0 0.0 0.0 0.0 0.0 0.0 0.0 0.915507
Person 0.0 0 0.0 551.660156 251.938477 684.902344 593.920898 0.0 0.0 0.0 0.0 0.0 0.0 0.0 0.920790
Person 0.0 0 0.0 860.390625 102.700195 978.984375 402.495117 0.0 0.0 0.0 0.0 0.0 0.0 0.0 0.921922
Person 0.0 0 0.0 1095.000000 50.756836 1181.250000 240.336914 0.0 0.0 0.0 0.0 0.0 0.0 0.0 0.925230
Person 0.0 0 0.0 788.027344 112.258301 874.160156 357.868652 0.0 0.0 0.0 0.0 0.0 0.0 0.0 0.929440
Person 0.0 0 0.0 152.753906 381.137695 376.933594 739.995117 0.0 0.0 0.0 0.0 0.0 0.0 0.0 0.936285
Person 0.0 0 0.0 493.652344 116.411133 562.910156 377.446289 0.0 0.0 0.0 0.0 0.0 0.0 0.0 0.938576
Person 0.0 0 0.0 967.529297 103.227539 1044.345703 386.147461 0.0 0.0 0.0 0.0 0.0 0.0 0.0 0.944995
Person 0.0 0 0.0 957.231445 8.041992 1011.518555 168.354492 0.0 0.0 0.0 0.0 0.0 0.0 0.0 0.947575
Person 0.0 0 0.0 1109.121094 118.388672 1189.628906 377.050781 0.0 0.0 0.0 0.0 0.0 0.0 0.0 0.948537
