Person 0.0 0 0.0 137.841797 53.195801 178.564453 197.292480 0.0 0.0 0.0 0.0 0.0 0.0 0.0 0.680879
Person 0.0 0 0.0 0.322266 360.043945 104.384766 701.499023 0.0 0.0 0.0 0.0 0.0 0.0 0.0 0.762778
Person 0.0 0 0.0 1236.943359 160.378418 1309.306641 366.965332 0.0 0.0 0.0 0.0 0.0 0.0 0.0 0.775265
Person 0.0 0 0.0 1542.656250 472.236328 1746.093750 829.248047 0.0 0.0 0.0 0.0 0.0 0.0 0.0 0.820469
Person 0.0 0 0.0 923.920898 4.746094 959.516602 160.312500 0.0 0.0 0.0 0.0 0.0 0.0 0.0 0.857768
Person 0.0 0 0.0 581.455078 15.490723 636.357422 193.073730 0.0 0.0 0.0 0.0 0.0 0.0 0.0 0.871037
Person 0.0 0 0.0 992.050781 346.464844 1128.574219 770.449219 0.0 0.0 0.0 0.0 0.0 0.0 0.0 0.872782
Person 0.0 0 0.0 857.578125 22.807617 942.421875 242.578125 0.0 0.0 0.0 0.0 0.0 0.0 0.0 0.880386
Person 0.0 0 0.0 817.250977 27.257080 874.936523 159.158936 0.0 0.0 0.0 0.0 0.0 0.0 0.0 0.884439
Person 0.0 0 0.0 506.982422 22.939453 558.955078 209.882812 0.0 0.0 0.0 0.0 0.0 0.0 0.0 0.892187
Person 0.0 0 0.0 92.460938 538.417969 310.195312 878.027344 0.0 0.0 0.0 0.0 0.0 0.0 0.0 0.892937
Person 0.0 0 0.0 571.464844 141.064453 661.347656 430.576172 0.0 0.0 0.0 0.0 0.0 0.0 0.0 0.903294
Person 0.0 0 0.0 782.812500 199.995117 871.875000 554.633789 0.0 0.0 0.0 0.0 0.0 0.0 0.0 0.905990
Person 0.0 0 0.0 519.199219 314.824219 652.675781 714.550781 0.0 0.0 0.0 0.0 0.0 0.0 0.0 0.909265
Person 0.0 0 0.0 1106.630859 113.642578 1192.119141 375.468750 0.0 0.0 0.0 0.0 0.0 0.0 0.0 0.915809
Person 0.0 0 0.0 821.601562 250.620117 975.585938 618.442383 0.0 0.0 0.0 0.0 0.0 0.0 0.0 0.919643
Person 0.0 0 0.0 916.406250 158.994141 1011.093750 431.103516 0.0 0.0 0.0 0.0 0.0 0.0 0.0 0.921358
Person 0.0 0 0.0 960.834961 6.130371 1007.915039 164.069824 0.0 0.0 0.0 0.0 0.0 0.0 0.0 0.939471
Person 0.0 0 0.0 682.353516 31.047363 758.583984 246.071777 0.0 0.0 0.0 0.0 0.0 0.0 0.0 0.941007
Person 0.0 0 0.0 187.265625 368.217773 405.703125 722.329102 0.0 0.0 0.0 0.0 0.0 0.0 0.0 0.944382
