Person 0.0 0 0.0 68.789062 61.831055 126.679688 206.718750 0.0 0.0 0.0 0.0 0.0 0.0 0.0 0.558327
Person 0.0 0 0.0 1175.815430 24.257812 1209.184570 190.634766 0.0 0.0 0.0 0.0 0.0 0.0 0.0 0.619701
Person 0.0 0 0.0 130.634766 53.591309 177.333984 197.687988 0.0 0.0 0.0 0.0 0.0 0.0 0.0 0.704160
Person 0.0 0 0.0 1225.664062 158.796387 1313.085938 365.646973 0.0 0.0 0.0 0.0 0.0 0.0 0.0 0.713831
Person 0.0 0 0.0 926.059570 4.680176 960.190430 157.346191 0.0 0.0 0.0 0.0 0.0 0.0 0.0 0.724870
Person 0.0 0 0.0 907.031250 158.334961 1005.468750 430.180664 0.0 0.0 0.0 0.0 0.0 0.0 0.0 0.745398
Person 0.0 0 0.0 1542.187500 480.014648 1748.437500 828.852539 0.0 0.0 0.0 0.0 0.0 0.0 0.0 0.758511
Person 0.0 0 0.0 963.925781 5.141602 1010.449219 162.553711 0.0 0.0 0.0 0.0 0.0 0.0 0.0 0.853913
Person 0.0 0 0.0 580.444336 16.018066 637.368164 194.655762 0.0 0.0 0.0 0.0 0.0 0.0 0.0 0.864310
Person 0.0 0 0.0 832.851562 26.103516 944.648438 238.491211 0.0 0.0 0.0 0.0 0.0 0.0 0.0 0.870157
Person 0.0 0 0.0 1095.146484 117.070312 1184.853516 399.990234 0.0 0.0 0.0 0.0 0.0 0.0 0.0 0.874507
Person 0.0 0 0.0 992.812500 339.345703 1178.437500 768.076172 0.0 0.0 0.0 0.0 0.0 0.0 0.0 0.878314
Person 0.0 0 0.0 506.308594 264.858398 637.441406 628.461914 0.0 0.0 0.0 0.0 0.0 0.0 0.0 0.886813
Person 0.0 0 0.0 45.175781 335.983887 207.714844 604.270020 0.0 0.0 0.0 0.0 0.0 0.0 0.0 0.887205
Person 0.0 0 0.0 78.632812 540.922852 309.492188 878.686523 0.0 0.0 0.0 0.0 0.0 0.0 0.0 0.897695
Person 0.0 0 0.0 559.130859 140.668945 663.369141 438.354492 0.0 0.0 0.0 0.0 0.0 0.0 0.0 0.906322
Person 0.0 0 0.0 202.382812 363.339844 412.617188 722.988281 0.0 0.0 0.0 0.0 0.0 0.0 0.0 0.913058
Person 0.0 0 0.0 731.367188 40.671387 804.257812 272.570801 0.0 0.0 0.0 0.0 0.0 0.0 0.0 0.914596
Person 0.0 0 0.0 510.981445 24.521484 565.268555 209.619141 0.0 0.0 0.0 0.0 0.0 0.0 0.0 0.918187
Person 0.0 0 0.0 824.355469 248.510742 975.644531 617.915039 0.0 0.0 0.0 0.0 0.0 0.0 0.0 0.926835
