Person 0.0 0 0.0 1113.881836 28.212891 1147.368164 157.939453 0.0 0.0 0.0 0.0 0.0 0.0 0.0 0.492188
Person 0.0 0 0.0 1166.982422 14.567871 1208.642578 191.755371 0.0 0.0 0.0 0.0 0.0 0.0 0.0 0.690976
Person 0.0 0 0.0 1210.839844 167.695312 1292.285156 378.632812 0.0 0.0 0.0 0.0 0.0 0.0 0.0 0.760651
Person 0.0 0 0.0 649.291992 75.871582 689.458008 285.095215 0.0 0.0 0.0 0.0 0.0 0.0 0.0 0.769080
Person 0.0 0 0.0 1.054688 655.883789 248.554688 1012.631836 0.0 0.0 0.0 0.0 0.0 0.0 0.0 0.853913
Person 0.0 0 0.0 1467.656250 435.585938 1635.468750 750.937500 0.0 0.0 0.0 0.0 0.0 0.0 0.0 0.862930
Person 0.0 0 0.0 931.318359 2.966309 988.681641 142.448730 0.0 0.0 0.0 0.0 0.0 0.0 0.0 0.865679
Person 0.0 0 0.0 1717.382812 505.063477 1918.000000 800.639648 0.0 0.0 0.0 0.0 0.0 0.0 0.0 0.875787
Person 0.0 0 0.0 142.470703 51.218262 185.419922 191.623535 0.0 0.0 0.0 0.0 0.0 0.0 0.0 0.889912
Person 0.0 0 0.0 81.210938 73.168945 143.203125 239.018555 0.0 0.0 0.0 0.0 0.0 0.0 0.0 0.891811
Person 0.0 0 0.0 1074.902344 123.068848 1161.972656 367.097168 0.0 0.0 0.0 0.0 0.0 0.0 0.0 0.922761
Person 0.0 0 0.0 570.219727 51.613770 627.905273 257.409668 0.0 0.0 0.0 0.0 0.0 0.0 0.0 0.923868
Person 0.0 0 0.0 920.683594 84.309082 1010.566406 345.739746 0.0 0.0 0.0 0.0 0.0 0.0 0.0 0.929696
Person 0.0 0 0.0 806.191406 91.494141 915.996094 389.179688 0.0 0.0 0.0 0.0 0.0 0.0 0.0 0.931711
Person 0.0 0 0.0 599.604492 17.929688 649.145508 212.915039 0.0 0.0 0.0 0.0 0.0 0.0 0.0 0.931960
Person 0.0 0 0.0 503.261719 13.908691 566.425781 198.742676 0.0 0.0 0.0 0.0 0.0 0.0 0.0 0.937211
Person 0.0 0 0.0 39.228516 181.999512 144.287109 436.047363 0.0 0.0 0.0 0.0 0.0 0.0 0.0 0.944791
Person 0.0 0 0.0 79.746094 443.100586 279.316406 835.180664 0.0 0.0 0.0 0.0 0.0 0.0 0.0 0.949856
Person 0.0 0 0.0 1181.718750 642.172852 1488.281250 1056.928711 0.0 0.0 0.0 0.0 0.0 0.0 0.0 0.952926
Person 0.0 0 0.0 661.025391 76.464844 725.537109 305.859375 0.0 0.0 0.0 0.0 0.0 0.0 0.0 0.953966
