Person 0.0 0 0.0 20.361328 46.999512 124.599609 208.762207 0.0 0.0 0.0 0.0 0.0 0.0 0.0 0.401688
Person 0.0 0 0.0 71.455078 60.249023 126.474609 206.718750 0.0 0.0 0.0 0.0 0.0 0.0 0.0 0.412057
Person 0.0 0 0.0 1765.957031 722.065430 1918.000000 1048.754883 0.0 0.0 0.0 0.0 0.0 0.0 0.0 0.460046
Person 0.0 0 0.0 0.585938 189.843750 64.863281 419.765625 0.0 0.0 0.0 0.0 0.0 0.0 0.0 0.603932
Person 0.0 0 0.0 1233.574219 158.664551 1297.675781 366.569824 0.0 0.0 0.0 0.0 0.0 0.0 0.0 0.678327
Person 0.0 0 0.0 1173.867188 27.355957 1209.257812 191.359863 0.0 0.0 0.0 0.0 0.0 0.0 0.0 0.710628
Person 0.0 0 0.0 865.297852 51.877441 920.639648 147.985840 0.0 0.0 0.0 0.0 0.0 0.0 0.0 0.791821
Person 0.0 0 0.0 823.901367 114.104004 882.348633 365.778809 0.0 0.0 0.0 0.0 0.0 0.0 0.0 0.851953
Person 0.0 0 0.0 1092.421875 47.856445 1170.703125 224.252930 0.0 0.0 0.0 0.0 0.0 0.0 0.0 0.897336
Person 0.0 0 0.0 147.524414 49.570312 187.631836 194.985352 0.0 0.0 0.0 0.0 0.0 0.0 0.0 0.904651
Person 0.0 0 0.0 1102.236328 125.112305 1179.638672 377.709961 0.0 0.0 0.0 0.0 0.0 0.0 0.0 0.912748
Person 0.0 0 0.0 497.944336 23.994141 551.118164 162.158203 0.0 0.0 0.0 0.0 0.0 0.0 0.0 0.914901
Person 0.0 0 0.0 612.539062 15.358887 666.210938 205.993652 0.0 0.0 0.0 0.0 0.0 0.0 0.0 0.922761
Person 0.0 0 0.0 952.324219 101.118164 1014.550781 379.819336 0.0 0.0 0.0 0.0 0.0 0.0 0.0 0.933431
Person 0.0 0 0.0 591.958008 15.754395 638.041992 187.668457 0.0 0.0 0.0 0.0 0.0 0.0 0.0 0.936518
Person 0.0 0 0.0 84.082031 559.248047 304.042969 924.697266 0.0 0.0 0.0 0.0 0.0 0.0 0.0 0.943138
Person 0.0 0 0.0 925.253906 17.929688 979.746094 204.213867 0.0 0.0 0.0 0.0 0.0 0.0 0.0 0.951142
Person 0.0 0 0.0 124.921875 384.169922 311.953125 755.947266 0.0 0.0 0.0 0.0 0.0 0.0 0.0 0.956472
Person 0.0 0 0.0 485.712891 111.665039 583.974609 374.018555 0.0 0.0 0.0 0.0 0.0 0.0 0.0 0.958226
Person 0.0 0 0.0 854.707031 103.095703 967.792969 399.462891 0.0 0.0 0.0 0.0 0.0 0.0 0.0 0.960657
