Person 0.0 0 0.0 148.154297 247.851562 237.861328 448.242188 0.0 0.0 0.0 0.0 0.0 0.0 0.0 0.420600
Person 0.0 0 0.0 1776.972656 731.821289 1918.000000 1041.108398 0.0 0.0 0.0 0.0 0.0 0.0 0.0 0.440710
Person 0.0 0 0.0 19.306641 47.131348 127.880859 208.103027 0.0 0.0 0.0 0.0 0.0 0.0 0.0 0.537041
Person 0.0 0 0.0 588.134766 15.490723 630.615234 188.327637 0.0 0.0 0.0 0.0 0.0 0.0 0.0 0.555435
Person 0.0 0 0.0 0.351562 203.027344 65.097656 417.128906 0.0 0.0 0.0 0.0 0.0 0.0 0.0 0.633410
Person 0.0 0 0.0 1168.549805 26.564941 1208.950195 191.359863 0.0 0.0 0.0 0.0 0.0 0.0 0.0 0.694303
Person 0.0 0 0.0 509.545898 21.060791 560.141602 153.489990 0.0 0.0 0.0 0.0 0.0 0.0 0.0 0.761361
Person 0.0 0 0.0 148.901367 46.999512 190.473633 189.118652 0.0 0.0 0.0 0.0 0.0 0.0 0.0 0.815233
Person 0.0 0 0.0 917.739258 8.701172 956.323242 144.887695 0.0 0.0 0.0 0.0 0.0 0.0 0.0 0.819316
Person 0.0 0 0.0 1229.736328 161.301270 1301.513672 365.778809 0.0 0.0 0.0 0.0 0.0 0.0 0.0 0.841305
Person 0.0 0 0.0 84.257812 548.964844 304.570312 894.902344 0.0 0.0 0.0 0.0 0.0 0.0 0.0 0.855369
Person 0.0 0 0.0 601.757812 15.622559 657.304688 205.334473 0.0 0.0 0.0 0.0 0.0 0.0 0.0 0.892563
Person 0.0 0 0.0 823.886719 109.028320 892.675781 367.954102 0.0 0.0 0.0 0.0 0.0 0.0 0.0 0.900530
Person 0.0 0 0.0 866.660156 103.886719 976.464844 402.363281 0.0 0.0 0.0 0.0 0.0 0.0 0.0 0.900879
Person 0.0 0 0.0 1093.769531 54.514160 1154.355469 239.216309 0.0 0.0 0.0 0.0 0.0 0.0 0.0 0.903975
Person 0.0 0 0.0 952.207031 99.272461 1031.542969 378.500977 0.0 0.0 0.0 0.0 0.0 0.0 0.0 0.921640
Person 0.0 0 0.0 959.868164 7.580566 1012.631836 167.233887 0.0 0.0 0.0 0.0 0.0 0.0 0.0 0.934634
Person 0.0 0 0.0 134.179688 385.092773 350.039062 739.204102 0.0 0.0 0.0 0.0 0.0 0.0 0.0 0.943348
Person 0.0 0 0.0 1090.869141 129.396973 1174.130859 382.917480 0.0 0.0 0.0 0.0 0.0 0.0 0.0 0.947381
Person 0.0 0 0.0 511.435547 114.367676 588.251953 375.007324 0.0 0.0 0.0 0.0 0.0 0.0 0.0 0.952397
