Person 0.0 0 0.0 1777.382812 727.075195 1918.000000 1040.581055 0.0 0.0 0.0 0.0 0.0 0.0 0.0 0.443600
Person 0.0 0 0.0 0.468750 189.382324 68.085938 416.008301 0.0 0.0 0.0 0.0 0.0 0.0 0.0 0.495117
Person 0.0 0 0.0 19.013672 46.867676 128.173828 207.971191 0.0 0.0 0.0 0.0 0.0 0.0 0.0 0.547706
Person 0.0 0 0.0 1176.254883 22.412109 1208.745117 177.846680 0.0 0.0 0.0 0.0 0.0 0.0 0.0 0.635222
Person 0.0 0 0.0 912.597656 6.987305 954.902344 115.158691 0.0 0.0 0.0 0.0 0.0 0.0 0.0 0.662796
Person 0.0 0 0.0 1230.029297 160.444336 1306.845703 363.208008 0.0 0.0 0.0 0.0 0.0 0.0 0.0 0.679179
Person 0.0 0 0.0 591.723633 16.083984 627.963867 187.734375 0.0 0.0 0.0 0.0 0.0 0.0 0.0 0.699254
Person 0.0 0 0.0 606.254883 15.820312 656.557617 205.532227 0.0 0.0 0.0 0.0 0.0 0.0 0.0 0.859192
Person 0.0 0 0.0 143.950195 46.999512 188.159180 188.723145 0.0 0.0 0.0 0.0 0.0 0.0 0.0 0.876211
Person 0.0 0 0.0 82.441406 547.910156 304.277344 894.902344 0.0 0.0 0.0 0.0 0.0 0.0 0.0 0.891811
Person 0.0 0 0.0 959.370117 7.580566 1011.254883 151.018066 0.0 0.0 0.0 0.0 0.0 0.0 0.0 0.896614
Person 0.0 0 0.0 869.707031 102.832031 982.792969 402.363281 0.0 0.0 0.0 0.0 0.0 0.0 0.0 0.899828
Person 0.0 0 0.0 822.128906 109.028320 884.121094 367.954102 0.0 0.0 0.0 0.0 0.0 0.0 0.0 0.915205
Person 0.0 0 0.0 1093.886719 52.932129 1154.238281 240.534668 0.0 0.0 0.0 0.0 0.0 0.0 0.0 0.916409
Person 0.0 0 0.0 185.507812 371.381836 347.460938 730.766602 0.0 0.0 0.0 0.0 0.0 0.0 0.0 0.930962
Person 0.0 0 0.0 952.675781 103.095703 1016.074219 380.478516 0.0 0.0 0.0 0.0 0.0 0.0 0.0 0.934155
Person 0.0 0 0.0 498.837891 23.269043 552.099609 210.476074 0.0 0.0 0.0 0.0 0.0 0.0 0.0 0.934634
Person 0.0 0 0.0 296.191406 273.955078 425.683594 581.396484 0.0 0.0 0.0 0.0 0.0 0.0 0.0 0.953794
Person 0.0 0 0.0 1099.599609 122.211914 1216.025391 378.764648 0.0 0.0 0.0 0.0 0.0 0.0 0.0 0.955152
Person 0.0 0 0.0 512.197266 118.520508 595.927734 374.545898 0.0 0.0 0.0 0.0 0.0 0.0 0.0 0.964187
