Person 0.0 0 0.0 1808.232422 375.468750 1887.392578 560.566406 0.0 0.0 0.0 0.0 0.0 0.0 0.0 0.401688
Person 0.0 0 0.0 1109.062500 28.278809 1146.562500 170.529785 0.0 0.0 0.0 0.0 0.0 0.0 0.0 0.583203
Person 0.0 0 0.0 19.687500 46.867676 125.859375 210.212402 0.0 0.0 0.0 0.0 0.0 0.0 0.0 0.684264
Person 0.0 0 0.0 1006.640625 947.636719 1187.109375 1075.253906 0.0 0.0 0.0 0.0 0.0 0.0 0.0 0.690142
Person 0.0 0 0.0 1505.097656 437.958984 1736.777344 791.806641 0.0 0.0 0.0 0.0 0.0 0.0 0.0 0.724870
Person 0.0 0 0.0 1175.566406 22.807617 1209.433594 191.689453 0.0 0.0 0.0 0.0 0.0 0.0 0.0 0.744656
Person 0.0 0 0.0 1217.666016 168.090820 1300.458984 371.118164 0.0 0.0 0.0 0.0 0.0 0.0 0.0 0.826151
Person 0.0 0 0.0 147.290039 49.899902 188.334961 192.546387 0.0 0.0 0.0 0.0 0.0 0.0 0.0 0.834407
Person 0.0 0 0.0 815.273438 97.822266 917.226562 386.015625 0.0 0.0 0.0 0.0 0.0 0.0 0.0 0.861072
Person 0.0 0 0.0 9.726562 297.817383 135.468750 589.702148 0.0 0.0 0.0 0.0 0.0 0.0 0.0 0.869271
Person 0.0 0 0.0 931.860352 3.955078 988.139648 155.566406 0.0 0.0 0.0 0.0 0.0 0.0 0.0 0.871037
Person 0.0 0 0.0 81.328125 582.714844 296.015625 940.253906 0.0 0.0 0.0 0.0 0.0 0.0 0.0 0.877477
Person 0.0 0 0.0 1273.417969 84.869385 1334.707031 215.980225 0.0 0.0 0.0 0.0 0.0 0.0 0.0 0.894421
Person 0.0 0 0.0 923.261719 104.611816 1004.238281 371.052246 0.0 0.0 0.0 0.0 0.0 0.0 0.0 0.904313
Person 0.0 0 0.0 505.810547 16.545410 562.939453 204.016113 0.0 0.0 0.0 0.0 0.0 0.0 0.0 0.909265
Person 0.0 0 0.0 598.374023 17.072754 653.188477 210.607910 0.0 0.0 0.0 0.0 0.0 0.0 0.0 0.916708
Person 0.0 0 0.0 669.785156 73.498535 737.402344 304.079590 0.0 0.0 0.0 0.0 0.0 0.0 0.0 0.923592
Person 0.0 0 0.0 1096.816406 117.399902 1181.308594 367.229004 0.0 0.0 0.0 0.0 0.0 0.0 0.0 0.934155
Person 0.0 0 0.0 107.695312 144.689941 205.429688 344.685059 0.0 0.0 0.0 0.0 0.0 0.0 0.0 0.954308
Person 0.0 0 0.0 123.632812 409.482422 332.460938 771.767578 0.0 0.0 0.0 0.0 0.0 0.0 0.0 0.959001
