Person 0.0 0 0.0 1268.613281 85.231934 1332.011719 202.697754 0.0 0.0 0.0 0.0 0.0 0.0 0.0 0.464902
Person 0.0 0 0.0 1810.107422 353.452148 1918.000000 606.840820 0.0 0.0 0.0 0.0 0.0 0.0 0.0 0.471710
Person 0.0 0 0.0 73.813477 62.424316 118.022461 186.350098 0.0 0.0 0.0 0.0 0.0 0.0 0.0 0.531209
Person 0.0 0 0.0 1109.633789 28.278809 1147.866211 169.079590 0.0 0.0 0.0 0.0 0.0 0.0 0.0 0.543832
Person 0.0 0 0.0 0.703125 355.297852 143.203125 681.459961 0.0 0.0 0.0 0.0 0.0 0.0 0.0 0.672332
Person 0.0 0 0.0 932.797852 3.295898 989.077148 160.839844 0.0 0.0 0.0 0.0 0.0 0.0 0.0 0.703346
Person 0.0 0 0.0 1170.087891 26.433105 1209.287109 191.491699 0.0 0.0 0.0 0.0 0.0 0.0 0.0 0.705785
Person 0.0 0 0.0 1216.406250 165.388184 1301.718750 375.666504 0.0 0.0 0.0 0.0 0.0 0.0 0.0 0.757794
Person 0.0 0 0.0 744.345703 69.147949 788.466797 269.934082 0.0 0.0 0.0 0.0 0.0 0.0 0.0 0.817575
Person 0.0 0 0.0 925.166016 100.590820 996.708984 371.645508 0.0 0.0 0.0 0.0 0.0 0.0 0.0 0.818737
Person 0.0 0 0.0 1516.171875 460.898438 1766.953125 783.632812 0.0 0.0 0.0 0.0 0.0 0.0 0.0 0.828384
Person 0.0 0 0.0 806.367188 100.063477 916.757812 392.739258 0.0 0.0 0.0 0.0 0.0 0.0 0.0 0.833325
Person 0.0 0 0.0 778.125000 73.564453 841.875000 295.839844 0.0 0.0 0.0 0.0 0.0 0.0 0.0 0.881207
Person 0.0 0 0.0 57.187500 599.062500 295.078125 940.781250 0.0 0.0 0.0 0.0 0.0 0.0 0.0 0.906983
Person 0.0 0 0.0 140.273438 54.382324 186.445312 191.359863 0.0 0.0 0.0 0.0 0.0 0.0 0.0 0.929184
Person 0.0 0 0.0 1087.031250 128.276367 1170.468750 379.555664 0.0 0.0 0.0 0.0 0.0 0.0 0.0 0.934634
Person 0.0 0 0.0 78.896484 161.103516 173.056641 359.384766 0.0 0.0 0.0 0.0 0.0 0.0 0.0 0.942718
Person 0.0 0 0.0 508.535156 20.566406 566.777344 206.323242 0.0 0.0 0.0 0.0 0.0 0.0 0.0 0.944177
Person 0.0 0 0.0 588.046875 17.731934 654.140625 209.948730 0.0 0.0 0.0 0.0 0.0 0.0 0.0 0.949482
Person 0.0 0 0.0 85.136719 416.865234 321.738281 771.767578 0.0 0.0 0.0 0.0 0.0 0.0 0.0 0.950041
