Person 0.0 0 0.0 1776.855469 725.097656 1918.000000 1040.449219 0.0 0.0 0.0 0.0 0.0 0.0 0.0 0.447460
Person 0.0 0 0.0 159.521484 264.067383 253.681641 451.538086 0.0 0.0 0.0 0.0 0.0 0.0 0.0 0.500977
Person 0.0 0 0.0 0.527344 189.382324 66.738281 414.953613 0.0 0.0 0.0 0.0 0.0 0.0 0.0 0.504883
Person 0.0 0 0.0 19.423828 47.197266 127.998047 208.037109 0.0 0.0 0.0 0.0 0.0 0.0 0.0 0.585101
Person 0.0 0 0.0 1175.493164 33.288574 1209.506836 189.250488 0.0 0.0 0.0 0.0 0.0 0.0 0.0 0.685107
Person 0.0 0 0.0 590.668945 15.424805 628.081055 188.657227 0.0 0.0 0.0 0.0 0.0 0.0 0.0 0.720172
Person 0.0 0 0.0 1227.011719 160.246582 1304.238281 373.952637 0.0 0.0 0.0 0.0 0.0 0.0 0.0 0.744656
Person 0.0 0 0.0 960.468750 7.382812 1012.031250 149.765625 0.0 0.0 0.0 0.0 0.0 0.0 0.0 0.820469
Person 0.0 0 0.0 150.146484 49.702148 188.525391 188.920898 0.0 0.0 0.0 0.0 0.0 0.0 0.0 0.841826
Person 0.0 0 0.0 84.082031 549.096680 304.042969 894.770508 0.0 0.0 0.0 0.0 0.0 0.0 0.0 0.863392
Person 0.0 0 0.0 607.148438 16.018066 656.601562 205.729980 0.0 0.0 0.0 0.0 0.0 0.0 0.0 0.887984
Person 0.0 0 0.0 912.202148 6.723633 951.547852 148.710938 0.0 0.0 0.0 0.0 0.0 0.0 0.0 0.893309
Person 0.0 0 0.0 869.150391 105.336914 984.287109 402.495117 0.0 0.0 0.0 0.0 0.0 0.0 0.0 0.906653
Person 0.0 0 0.0 505.048828 21.818848 555.263672 207.443848 0.0 0.0 0.0 0.0 0.0 0.0 0.0 0.931213
Person 0.0 0 0.0 1093.286133 54.052734 1152.963867 240.996094 0.0 0.0 0.0 0.0 0.0 0.0 0.0 0.933188
Person 0.0 0 0.0 824.355469 108.896484 885.644531 367.822266 0.0 0.0 0.0 0.0 0.0 0.0 0.0 0.934634
Person 0.0 0 0.0 952.939453 102.832031 1017.685547 380.478516 0.0 0.0 0.0 0.0 0.0 0.0 0.0 0.939025
Person 0.0 0 0.0 192.128906 375.996094 345.058594 739.863281 0.0 0.0 0.0 0.0 0.0 0.0 0.0 0.953449
Person 0.0 0 0.0 512.021484 118.125000 594.228516 374.941406 0.0 0.0 0.0 0.0 0.0 0.0 0.0 0.960510
Person 0.0 0 0.0 1100.712891 119.707031 1218.662109 378.369141 0.0 0.0 0.0 0.0 0.0 0.0 0.0 0.962953
