Person 0.0 0 0.0 1108.271484 27.619629 1145.478516 171.848145 0.0 0.0 0.0 0.0 0.0 0.0 0.0 0.481454
Person 0.0 0 0.0 1061.015625 11.865234 1097.109375 175.605469 0.0 0.0 0.0 0.0 0.0 0.0 0.0 0.498047
Person 0.0 0 0.0 1176.005859 30.849609 1208.994141 188.525391 0.0 0.0 0.0 0.0 0.0 0.0 0.0 0.580352
Person 0.0 0 0.0 918.208008 8.767090 955.854492 152.204590 0.0 0.0 0.0 0.0 0.0 0.0 0.0 0.637031
Person 0.0 0 0.0 70.708008 61.962891 126.870117 206.323242 0.0 0.0 0.0 0.0 0.0 0.0 0.0 0.672332
Person 0.0 0 0.0 1212.832031 167.299805 1307.167969 378.500977 0.0 0.0 0.0 0.0 0.0 0.0 0.0 0.798815
Person 0.0 0 0.0 84.843750 548.964844 305.156250 894.902344 0.0 0.0 0.0 0.0 0.0 0.0 0.0 0.848471
Person 0.0 0 0.0 506.308594 22.543945 556.816406 174.550781 0.0 0.0 0.0 0.0 0.0 0.0 0.0 0.855851
Person 0.0 0 0.0 794.296875 109.885254 872.578125 357.077637 0.0 0.0 0.0 0.0 0.0 0.0 0.0 0.900179
Person 0.0 0 0.0 203.437500 371.118164 371.250000 741.577148 0.0 0.0 0.0 0.0 0.0 0.0 0.0 0.908618
Person 0.0 0 0.0 147.919922 50.427246 191.455078 191.491699 0.0 0.0 0.0 0.0 0.0 0.0 0.0 0.910545
Person 0.0 0 0.0 864.257812 102.436523 1003.242188 401.967773 0.0 0.0 0.0 0.0 0.0 0.0 0.0 0.915507
Person 0.0 0 0.0 1102.031250 51.020508 1187.343750 237.963867 0.0 0.0 0.0 0.0 0.0 0.0 0.0 0.916708
Person 0.0 0 0.0 587.314453 13.513184 631.435547 187.009277 0.0 0.0 0.0 0.0 0.0 0.0 0.0 0.937440
Person 0.0 0 0.0 607.470703 12.919922 656.279297 205.400391 0.0 0.0 0.0 0.0 0.0 0.0 0.0 0.938350
Person 0.0 0 0.0 629.003906 263.540039 765.996094 599.194336 0.0 0.0 0.0 0.0 0.0 0.0 0.0 0.941439
Person 0.0 0 0.0 959.326172 7.646484 1011.298828 169.013672 0.0 0.0 0.0 0.0 0.0 0.0 0.0 0.951863
Person 0.0 0 0.0 1107.890625 121.091309 1188.984375 375.930176 0.0 0.0 0.0 0.0 0.0 0.0 0.0 0.959611
Person 0.0 0 0.0 967.587891 107.182617 1049.912109 385.883789 0.0 0.0 0.0 0.0 0.0 0.0 0.0 0.960063
Person 0.0 0 0.0 508.593750 117.993164 603.281250 377.709961 0.0 0.0 0.0 0.0 0.0 0.0 0.0 0.962953
