Person 0.0 0 0.0 1844.091797 461.953125 1918.000000 660.234375 0.0 0.0 0.0 0.0 0.0 0.0 0.0 0.328529
Person 0.0 0 0.0 1777.207031 730.634766 1918.000000 1040.185547 0.0 0.0 0.0 0.0 0.0 0.0 0.0 0.461017
Person 0.0 0 0.0 18.515625 46.801758 128.085938 208.037109 0.0 0.0 0.0 0.0 0.0 0.0 0.0 0.487307
Person 0.0 0 0.0 0.468750 191.228027 68.613281 416.799316 0.0 0.0 0.0 0.0 0.0 0.0 0.0 0.504883
Person 0.0 0 0.0 1228.300781 163.081055 1306.699219 370.327148 0.0 0.0 0.0 0.0 0.0 0.0 0.0 0.618780
Person 0.0 0 0.0 591.313477 15.227051 628.374023 188.854980 0.0 0.0 0.0 0.0 0.0 0.0 0.0 0.754915
Person 0.0 0 0.0 960.483398 6.262207 1010.141602 151.149902 0.0 0.0 0.0 0.0 0.0 0.0 0.0 0.847463
Person 0.0 0 0.0 605.712891 15.886230 657.099609 205.466309 0.0 0.0 0.0 0.0 0.0 0.0 0.0 0.847968
Person 0.0 0 0.0 142.558594 46.867676 189.550781 189.250488 0.0 0.0 0.0 0.0 0.0 0.0 0.0 0.857768
Person 0.0 0 0.0 910.488281 4.284668 949.511719 144.558105 0.0 0.0 0.0 0.0 0.0 0.0 0.0 0.867485
Person 0.0 0 0.0 82.792969 548.833008 304.628906 895.034180 0.0 0.0 0.0 0.0 0.0 0.0 0.0 0.899121
Person 0.0 0 0.0 824.033203 112.456055 893.466797 368.481445 0.0 0.0 0.0 0.0 0.0 0.0 0.0 0.899828
Person 0.0 0 0.0 530.595703 262.617188 635.654297 589.570312 0.0 0.0 0.0 0.0 0.0 0.0 0.0 0.916409
Person 0.0 0 0.0 1093.740234 52.866211 1152.509766 240.600586 0.0 0.0 0.0 0.0 0.0 0.0 0.0 0.919353
Person 0.0 0 0.0 870.117188 107.709961 972.070312 403.286133 0.0 0.0 0.0 0.0 0.0 0.0 0.0 0.927626
Person 0.0 0 0.0 953.144531 103.623047 1015.605469 380.214844 0.0 0.0 0.0 0.0 0.0 0.0 0.0 0.931463
Person 0.0 0 0.0 500.346680 22.675781 553.403320 206.982422 0.0 0.0 0.0 0.0 0.0 0.0 0.0 0.937669
Person 0.0 0 0.0 511.494141 118.190918 595.693359 359.846191 0.0 0.0 0.0 0.0 0.0 0.0 0.0 0.939025
Person 0.0 0 0.0 1098.222656 121.684570 1223.027344 379.028320 0.0 0.0 0.0 0.0 0.0 0.0 0.0 0.954478
Person 0.0 0 0.0 166.582031 376.127930 357.949219 732.348633 0.0 0.0 0.0 0.0 0.0 0.0 0.0 0.961534
