Person 0.0 0 0.0 1115.317383 27.619629 1147.807617 154.841309 0.0 0.0 0.0 0.0 0.0 0.0 0.0 0.563138
Person 0.0 0 0.0 1744.160156 710.134277 1918.000000 954.162598 0.0 0.0 0.0 0.0 0.0 0.0 0.0 0.580352
Person 0.0 0 0.0 85.722656 580.869141 294.902344 941.044922 0.0 0.0 0.0 0.0 0.0 0.0 0.0 0.683419
Person 0.0 0 0.0 932.856445 3.295898 989.018555 144.492188 0.0 0.0 0.0 0.0 0.0 0.0 0.0 0.702530
Person 0.0 0 0.0 1173.017578 23.400879 1208.232422 184.768066 0.0 0.0 0.0 0.0 0.0 0.0 0.0 0.733356
Person 0.0 0 0.0 484.160156 18.259277 539.589844 200.061035 0.0 0.0 0.0 0.0 0.0 0.0 0.0 0.875787
Person 0.0 0 0.0 920.683594 92.087402 992.753906 360.373535 0.0 0.0 0.0 0.0 0.0 0.0 0.0 0.881615
Person 0.0 0 0.0 599.003906 16.479492 654.433594 208.037109 0.0 0.0 0.0 0.0 0.0 0.0 0.0 0.890675
Person 0.0 0 0.0 801.796875 91.889648 917.578125 385.883789 0.0 0.0 0.0 0.0 0.0 0.0 0.0 0.900879
Person 0.0 0 0.0 30.615234 205.795898 123.017578 448.110352 0.0 0.0 0.0 0.0 0.0 0.0 0.0 0.919353
Person 0.0 0 0.0 142.617188 140.405273 241.992188 345.278320 0.0 0.0 0.0 0.0 0.0 0.0 0.0 0.923868
Person 0.0 0 0.0 172.177734 48.713379 236.806641 217.067871 0.0 0.0 0.0 0.0 0.0 0.0 0.0 0.928149
Person 0.0 0 0.0 1086.152344 518.642578 1259.472656 896.748047 0.0 0.0 0.0 0.0 0.0 0.0 0.0 0.929440
Person 0.0 0 0.0 1213.007812 160.180664 1303.242188 370.327148 0.0 0.0 0.0 0.0 0.0 0.0 0.0 0.934634
Person 0.0 0 0.0 513.427734 43.901367 577.822266 245.874023 0.0 0.0 0.0 0.0 0.0 0.0 0.0 0.950595
Person 0.0 0 0.0 1176.767578 78.112793 1271.982422 288.918457 0.0 0.0 0.0 0.0 0.0 0.0 0.0 0.953101
Person 0.0 0 0.0 641.118164 72.971191 693.881836 284.831543 0.0 0.0 0.0 0.0 0.0 0.0 0.0 0.953275
Person 0.0 0 0.0 112.734375 426.357422 294.843750 786.533203 0.0 0.0 0.0 0.0 0.0 0.0 0.0 0.954478
Person 0.0 0 0.0 1082.197266 110.214844 1171.552734 362.021484 0.0 0.0 0.0 0.0 0.0 0.0 0.0 0.955651
Person 0.0 0 0.0 670.693359 75.607910 739.306641 306.188965 0.0 0.0 0.0 0.0 0.0 0.0 0.0 0.969091
