Person 0.0 0 0.0 919.248047 9.162598 959.501953 159.455566 0.0 0.0 0.0 0.0 0.0 0.0 0.0 0.451327
Person 0.0 0 0.0 1777.089844 722.724609 1918.000000 1039.658203 0.0 0.0 0.0 0.0 0.0 0.0 0.0 0.469763
Person 0.0 0 0.0 1060.810547 8.898926 1099.189453 172.639160 0.0 0.0 0.0 0.0 0.0 0.0 0.0 0.542863
Person 0.0 0 0.0 18.632812 46.735840 127.382812 207.707520 0.0 0.0 0.0 0.0 0.0 0.0 0.0 0.602062
Person 0.0 0 0.0 1175.947266 21.159668 1209.052734 186.613770 0.0 0.0 0.0 0.0 0.0 0.0 0.0 0.604866
Person 0.0 0 0.0 1228.066406 163.476562 1306.933594 367.558594 0.0 0.0 0.0 0.0 0.0 0.0 0.0 0.776623
Person 0.0 0 0.0 148.110352 46.406250 188.217773 188.920898 0.0 0.0 0.0 0.0 0.0 0.0 0.0 0.803174
Person 0.0 0 0.0 588.310547 15.490723 628.564453 188.327637 0.0 0.0 0.0 0.0 0.0 0.0 0.0 0.826151
Person 0.0 0 0.0 608.642578 17.600098 657.919922 205.334473 0.0 0.0 0.0 0.0 0.0 0.0 0.0 0.862468
Person 0.0 0 0.0 823.754883 108.962402 881.557617 368.020020 0.0 0.0 0.0 0.0 0.0 0.0 0.0 0.874077
Person 0.0 0 0.0 83.847656 549.096680 304.980469 894.770508 0.0 0.0 0.0 0.0 0.0 0.0 0.0 0.874507
Person 0.0 0 0.0 875.419922 111.269531 972.392578 402.626953 0.0 0.0 0.0 0.0 0.0 0.0 0.0 0.900879
Person 0.0 0 0.0 34.746094 254.838867 141.738281 531.958008 0.0 0.0 0.0 0.0 0.0 0.0 0.0 0.910863
Person 0.0 0 0.0 150.820312 380.742188 370.429688 737.226562 0.0 0.0 0.0 0.0 0.0 0.0 0.0 0.913368
Person 0.0 0 0.0 953.613281 109.555664 1062.011719 377.973633 0.0 0.0 0.0 0.0 0.0 0.0 0.0 0.915809
Person 0.0 0 0.0 1093.828125 55.700684 1154.296875 241.193848 0.0 0.0 0.0 0.0 0.0 0.0 0.0 0.922482
Person 0.0 0 0.0 957.436523 7.316895 1011.313477 168.815918 0.0 0.0 0.0 0.0 0.0 0.0 0.0 0.934155
Person 0.0 0 0.0 1109.150391 117.268066 1191.474609 376.325684 0.0 0.0 0.0 0.0 0.0 0.0 0.0 0.939913
Person 0.0 0 0.0 506.586914 22.280273 557.475586 166.904297 0.0 0.0 0.0 0.0 0.0 0.0 0.0 0.941439
Person 0.0 0 0.0 518.027344 117.597656 591.035156 382.324219 0.0 0.0 0.0 0.0 0.0 0.0 0.0 0.954308
