Person 0.0 0 0.0 708.398438 40.935059 760.664062 145.217285 0.0 0.0 0.0 0.0 0.0 0.0 0.0 0.653127
Person 0.0 0 0.0 962.534180 4.383545 1009.965820 120.003662 0.0 0.0 0.0 0.0 0.0 0.0 0.0 0.660172
Person 0.0 0 0.0 138.764648 53.525391 178.110352 196.567383 0.0 0.0 0.0 0.0 0.0 0.0 0.0 0.673192
Person 0.0 0 0.0 783.984375 205.400391 858.515625 558.720703 0.0 0.0 0.0 0.0 0.0 0.0 0.0 0.695131
Person 0.0 0 0.0 1236.416016 164.267578 1309.833984 365.185547 0.0 0.0 0.0 0.0 0.0 0.0 0.0 0.849472
Person 0.0 0 0.0 1778.027344 438.354492 1918.000000 738.676758 0.0 0.0 0.0 0.0 0.0 0.0 0.0 0.861072
Person 0.0 0 0.0 87.597656 541.845703 308.730469 878.818359 0.0 0.0 0.0 0.0 0.0 0.0 0.0 0.871475
Person 0.0 0 0.0 577.851562 198.215332 691.523438 452.526855 0.0 0.0 0.0 0.0 0.0 0.0 0.0 0.875787
Person 0.0 0 0.0 526.464844 313.901367 656.660156 719.165039 0.0 0.0 0.0 0.0 0.0 0.0 0.0 0.882428
Person 0.0 0 0.0 796.582031 258.134766 926.542969 622.001953 0.0 0.0 0.0 0.0 0.0 0.0 0.0 0.889912
Person 0.0 0 0.0 847.207031 38.430176 935.917969 281.931152 0.0 0.0 0.0 0.0 0.0 0.0 0.0 0.895888
Person 0.0 0 0.0 1530.937500 468.808594 1757.812500 810.527344 0.0 0.0 0.0 0.0 0.0 0.0 0.0 0.897695
Person 0.0 0 0.0 686.250000 103.491211 772.500000 386.411133 0.0 0.0 0.0 0.0 0.0 0.0 0.0 0.900179
Person 0.0 0 0.0 588.500977 13.645020 628.374023 186.877441 0.0 0.0 0.0 0.0 0.0 0.0 0.0 0.915809
Person 0.0 0 0.0 992.607422 139.086914 1081.142578 483.706055 0.0 0.0 0.0 0.0 0.0 0.0 0.0 0.919353
Person 0.0 0 0.0 612.377930 15.358887 656.997070 202.170410 0.0 0.0 0.0 0.0 0.0 0.0 0.0 0.933188
Person 0.0 0 0.0 506.821289 21.621094 557.241211 210.014648 0.0 0.0 0.0 0.0 0.0 0.0 0.0 0.940353
Person 0.0 0 0.0 1103.349609 121.486816 1202.900391 375.007324 0.0 0.0 0.0 0.0 0.0 0.0 0.0 0.944587
Person 0.0 0 0.0 168.984375 376.523438 391.640625 726.679688 0.0 0.0 0.0 0.0 0.0 0.0 0.0 0.949482
Person 0.0 0 0.0 929.443359 66.643066 994.306641 334.929199 0.0 0.0 0.0 0.0 0.0 0.0 0.0 0.956309
