Person 0.0 0 0.0 201.086426 49.273682 226.179199 176.033936 0.0 0.0 0.0 0.0 0.0 0.0 0.0 0.552540
Person 0.0 0 0.0 20.126953 46.669922 127.294922 209.882812 0.0 0.0 0.0 0.0 0.0 0.0 0.0 0.573678
Person 0.0 0 0.0 1167.963867 24.916992 1209.536133 191.030273 0.0 0.0 0.0 0.0 0.0 0.0 0.0 0.680029
Person 0.0 0 0.0 821.748047 95.844727 917.314453 386.938477 0.0 0.0 0.0 0.0 0.0 0.0 0.0 0.689306
Person 0.0 0 0.0 931.860352 3.295898 988.139648 162.685547 0.0 0.0 0.0 0.0 0.0 0.0 0.0 0.711431
Person 0.0 0 0.0 597.421875 16.281738 644.765625 196.633301 0.0 0.0 0.0 0.0 0.0 0.0 0.0 0.795658
Person 0.0 0 0.0 650.083008 78.969727 694.291992 284.106445 0.0 0.0 0.0 0.0 0.0 0.0 0.0 0.804406
Person 0.0 0 0.0 1273.461914 85.528564 1330.913086 209.256592 0.0 0.0 0.0 0.0 0.0 0.0 0.0 0.836020
Person 0.0 0 0.0 922.236328 100.327148 997.763672 370.854492 0.0 0.0 0.0 0.0 0.0 0.0 0.0 0.857768
Person 0.0 0 0.0 85.371094 586.669922 295.253906 940.517578 0.0 0.0 0.0 0.0 0.0 0.0 0.0 0.860604
Person 0.0 0 0.0 141.137695 49.965820 186.284180 193.271484 0.0 0.0 0.0 0.0 0.0 0.0 0.0 0.865224
Person 0.0 0 0.0 1639.277344 532.617188 1876.347656 863.789062 0.0 0.0 0.0 0.0 0.0 0.0 0.0 0.888759
Person 0.0 0 0.0 25.195312 243.566895 132.773438 467.819824 0.0 0.0 0.0 0.0 0.0 0.0 0.0 0.895157
Person 0.0 0 0.0 1214.501953 163.740234 1301.748047 370.722656 0.0 0.0 0.0 0.0 0.0 0.0 0.0 0.902266
Person 0.0 0 0.0 486.269531 17.468262 556.230469 198.083496 0.0 0.0 0.0 0.0 0.0 0.0 0.0 0.915507
Person 0.0 0 0.0 120.791016 146.733398 205.458984 346.333008 0.0 0.0 0.0 0.0 0.0 0.0 0.0 0.928668
Person 0.0 0 0.0 1070.273438 116.542969 1170.351562 363.339844 0.0 0.0 0.0 0.0 0.0 0.0 0.0 0.931463
Person 0.0 0 0.0 77.460938 419.238281 302.460938 774.667969 0.0 0.0 0.0 0.0 0.0 0.0 0.0 0.946399
Person 0.0 0 0.0 1051.406250 692.138672 1241.718750 1072.353516 0.0 0.0 0.0 0.0 0.0 0.0 0.0 0.951863
Person 0.0 0 0.0 664.189453 74.882812 738.310547 306.386719 0.0 0.0 0.0 0.0 0.0 0.0 0.0 0.965250
