Person 0.0 0 0.0 919.453125 8.503418 955.546875 96.240234 0.0 0.0 0.0 0.0 0.0 0.0 0.0 0.607663
Person 0.0 0 0.0 1110.102539 27.883301 1147.397461 166.442871 0.0 0.0 0.0 0.0 0.0 0.0 0.0 0.625209
Person 0.0 0 0.0 1176.005859 30.322266 1208.994141 178.901367 0.0 0.0 0.0 0.0 0.0 0.0 0.0 0.681727
Person 0.0 0 0.0 1012.031250 66.511230 1093.593750 328.732910 0.0 0.0 0.0 0.0 0.0 0.0 0.0 0.699254
Person 0.0 0 0.0 825.703125 232.954102 903.984375 546.987305 0.0 0.0 0.0 0.0 0.0 0.0 0.0 0.756358
Person 0.0 0 0.0 138.706055 52.404785 179.340820 196.765137 0.0 0.0 0.0 0.0 0.0 0.0 0.0 0.844922
Person 0.0 0 0.0 71.777344 567.553711 303.457031 904.790039 0.0 0.0 0.0 0.0 0.0 0.0 0.0 0.852935
Person 0.0 0 0.0 616.787109 13.249512 657.275391 205.729980 0.0 0.0 0.0 0.0 0.0 0.0 0.0 0.871912
Person 0.0 0 0.0 1232.871094 164.729004 1304.003906 366.306152 0.0 0.0 0.0 0.0 0.0 0.0 0.0 0.874507
Person 0.0 0 0.0 1479.082031 464.853516 1715.917969 859.833984 0.0 0.0 0.0 0.0 0.0 0.0 0.0 0.878314
Person 0.0 0 0.0 586.933594 13.579102 632.753906 186.679688 0.0 0.0 0.0 0.0 0.0 0.0 0.0 0.883236
Person 0.0 0 0.0 963.588867 7.580566 1012.661133 150.227051 0.0 0.0 0.0 0.0 0.0 0.0 0.0 0.904987
Person 0.0 0 0.0 971.220703 113.774414 1065.029297 394.057617 0.0 0.0 0.0 0.0 0.0 0.0 0.0 0.905322
Person 0.0 0 0.0 510.673828 22.741699 560.888672 209.685059 0.0 0.0 0.0 0.0 0.0 0.0 0.0 0.910545
Person 0.0 0 0.0 203.671875 363.603516 364.453125 741.708984 0.0 0.0 0.0 0.0 0.0 0.0 0.0 0.917303
Person 0.0 0 0.0 763.769531 258.793945 868.417969 615.014648 0.0 0.0 0.0 0.0 0.0 0.0 0.0 0.929696
Person 0.0 0 0.0 716.074219 57.282715 772.675781 276.789551 0.0 0.0 0.0 0.0 0.0 0.0 0.0 0.936285
Person 0.0 0 0.0 1105.781250 121.420898 1191.093750 376.127930 0.0 0.0 0.0 0.0 0.0 0.0 0.0 0.937440
Person 0.0 0 0.0 861.826172 101.315918 959.736328 355.363770 0.0 0.0 0.0 0.0 0.0 0.0 0.0 0.946990
Person 0.0 0 0.0 1179.990234 49.833984 1266.884766 227.548828 0.0 0.0 0.0 0.0 0.0 0.0 0.0 0.952926
