Person 0.0 0 0.0 1056.313477 6.789551 1098.061523 177.385254 0.0 0.0 0.0 0.0 0.0 0.0 0.0 0.409221
Person 0.0 0 0.0 1773.808594 703.476562 1918.000000 1021.992188 0.0 0.0 0.0 0.0 0.0 0.0 0.0 0.458106
Person 0.0 0 0.0 957.890625 5.899658 1008.984375 110.511475 0.0 0.0 0.0 0.0 0.0 0.0 0.0 0.546738
Person 0.0 0 0.0 0.000000 190.437012 65.976562 414.426270 0.0 0.0 0.0 0.0 0.0 0.0 0.0 0.575588
Person 0.0 0 0.0 19.218750 46.999512 127.968750 207.839355 0.0 0.0 0.0 0.0 0.0 0.0 0.0 0.602062
Person 0.0 0 0.0 1174.423828 18.918457 1208.701172 191.755371 0.0 0.0 0.0 0.0 0.0 0.0 0.0 0.675765
Person 0.0 0 0.0 1212.744141 173.034668 1301.630859 368.020020 0.0 0.0 0.0 0.0 0.0 0.0 0.0 0.790530
Person 0.0 0 0.0 590.507812 15.161133 629.179688 187.207031 0.0 0.0 0.0 0.0 0.0 0.0 0.0 0.824462
Person 0.0 0 0.0 954.257812 99.404297 1018.242188 380.214844 0.0 0.0 0.0 0.0 0.0 0.0 0.0 0.831691
Person 0.0 0 0.0 500.859375 22.807617 553.828125 206.850586 0.0 0.0 0.0 0.0 0.0 0.0 0.0 0.854885
Person 0.0 0 0.0 150.571289 48.251953 189.975586 188.657227 0.0 0.0 0.0 0.0 0.0 0.0 0.0 0.869271
Person 0.0 0 0.0 606.855469 16.083984 656.894531 205.664062 0.0 0.0 0.0 0.0 0.0 0.0 0.0 0.884439
Person 0.0 0 0.0 1092.041016 48.317871 1174.833984 224.055176 0.0 0.0 0.0 0.0 0.0 0.0 0.0 0.890675
Person 0.0 0 0.0 882.978516 105.205078 1000.458984 398.144531 0.0 0.0 0.0 0.0 0.0 0.0 0.0 0.900530
Person 0.0 0 0.0 118.593750 545.009766 304.921875 896.748047 0.0 0.0 0.0 0.0 0.0 0.0 0.0 0.902266
Person 0.0 0 0.0 902.900391 12.854004 949.599609 161.696777 0.0 0.0 0.0 0.0 0.0 0.0 0.0 0.908942
Person 0.0 0 0.0 1100.947266 123.332520 1182.802734 378.962402 0.0 0.0 0.0 0.0 0.0 0.0 0.0 0.943138
Person 0.0 0 0.0 140.976562 366.503906 309.726562 709.277344 0.0 0.0 0.0 0.0 0.0 0.0 0.0 0.954984
Person 0.0 0 0.0 682.089844 104.545898 763.535156 366.108398 0.0 0.0 0.0 0.0 0.0 0.0 0.0 0.957118
Person 0.0 0 0.0 509.677734 118.256836 590.947266 374.282227 0.0 0.0 0.0 0.0 0.0 0.0 0.0 0.961965
