Person 0.0 0 0.0 1061.425781 8.833008 1098.574219 170.727539 0.0 0.0 0.0 0.0 0.0 0.0 0.0 0.539954
Person 0.0 0 0.0 919.526367 9.294434 962.973633 161.433105 0.0 0.0 0.0 0.0 0.0 0.0 0.0 0.572723
Person 0.0 0 0.0 1174.746094 23.203125 1208.378906 189.711914 0.0 0.0 0.0 0.0 0.0 0.0 0.0 0.635222
Person 0.0 0 0.0 0.175781 192.414551 64.277344 419.304199 0.0 0.0 0.0 0.0 0.0 0.0 0.0 0.674908
Person 0.0 0 0.0 51.357422 253.190918 124.775391 509.348145 0.0 0.0 0.0 0.0 0.0 0.0 0.0 0.677474
Person 0.0 0 0.0 1225.634766 161.960449 1301.865234 370.920410 0.0 0.0 0.0 0.0 0.0 0.0 0.0 0.798815
Person 0.0 0 0.0 589.672852 14.963379 629.077148 189.909668 0.0 0.0 0.0 0.0 0.0 0.0 0.0 0.799442
Person 0.0 0 0.0 145.122070 46.538086 188.159180 189.184570 0.0 0.0 0.0 0.0 0.0 0.0 0.0 0.821617
Person 0.0 0 0.0 84.199219 315.219727 188.847656 606.049805 0.0 0.0 0.0 0.0 0.0 0.0 0.0 0.841826
Person 0.0 0 0.0 823.696289 109.423828 878.803711 368.349609 0.0 0.0 0.0 0.0 0.0 0.0 0.0 0.861072
Person 0.0 0 0.0 84.257812 547.382812 304.570312 894.375000 0.0 0.0 0.0 0.0 0.0 0.0 0.0 0.868827
Person 0.0 0 0.0 606.181641 16.677246 657.568359 205.070801 0.0 0.0 0.0 0.0 0.0 0.0 0.0 0.879561
Person 0.0 0 0.0 873.779297 109.028320 974.033203 402.495117 0.0 0.0 0.0 0.0 0.0 0.0 0.0 0.895157
Person 0.0 0 0.0 952.646484 109.226074 1059.228516 378.830566 0.0 0.0 0.0 0.0 0.0 0.0 0.0 0.902952
Person 0.0 0 0.0 506.821289 23.400879 557.241211 209.025879 0.0 0.0 0.0 0.0 0.0 0.0 0.0 0.925769
Person 0.0 0 0.0 960.307617 7.053223 1012.192383 168.420410 0.0 0.0 0.0 0.0 0.0 0.0 0.0 0.926037
Person 0.0 0 0.0 1092.949219 55.305176 1153.300781 241.062012 0.0 0.0 0.0 0.0 0.0 0.0 0.0 0.930458
Person 0.0 0 0.0 1098.134766 121.223145 1189.365234 378.435059 0.0 0.0 0.0 0.0 0.0 0.0 0.0 0.938576
Person 0.0 0 0.0 509.912109 117.268066 596.337891 374.743652 0.0 0.0 0.0 0.0 0.0 0.0 0.0 0.946990
Person 0.0 0 0.0 156.796875 380.346680 377.109375 735.512695 0.0 0.0 0.0 0.0 0.0 0.0 0.0 0.955651
