Person 0.0 0 0.0 1728.574219 658.652344 1918.000000 950.800781 0.0 0.0 0.0 0.0 0.0 0.0 0.0 0.535098
Person 0.0 0 0.0 932.900391 3.032227 988.974609 139.218750 0.0 0.0 0.0 0.0 0.0 0.0 0.0 0.675765
Person 0.0 0 0.0 193.652344 46.735840 237.363281 214.694824 0.0 0.0 0.0 0.0 0.0 0.0 0.0 0.679179
Person 0.0 0 0.0 1167.377930 25.246582 1208.247070 191.096191 0.0 0.0 0.0 0.0 0.0 0.0 0.0 0.710628
Person 0.0 0 0.0 143.774414 47.592773 189.506836 193.139648 0.0 0.0 0.0 0.0 0.0 0.0 0.0 0.785309
Person 0.0 0 0.0 599.047852 16.149902 653.452148 209.157715 0.0 0.0 0.0 0.0 0.0 0.0 0.0 0.863852
Person 0.0 0 0.0 917.871094 91.823730 989.941406 360.373535 0.0 0.0 0.0 0.0 0.0 0.0 0.0 0.867485
Person 0.0 0 0.0 87.480469 575.595703 295.253906 941.044922 0.0 0.0 0.0 0.0 0.0 0.0 0.0 0.874935
Person 0.0 0 0.0 807.041016 92.416992 917.021484 386.411133 0.0 0.0 0.0 0.0 0.0 0.0 0.0 0.891811
Person 0.0 0 0.0 542.080078 46.867676 609.169922 250.290527 0.0 0.0 0.0 0.0 0.0 0.0 0.0 0.900179
Person 0.0 0 0.0 483.955078 18.522949 551.044922 199.401855 0.0 0.0 0.0 0.0 0.0 0.0 0.0 0.919353
Person 0.0 0 0.0 1212.070312 81.870117 1302.304688 281.733398 0.0 0.0 0.0 0.0 0.0 0.0 0.0 0.922203
Person 0.0 0 0.0 1214.033203 161.169434 1304.091797 369.074707 0.0 0.0 0.0 0.0 0.0 0.0 0.0 0.931463
Person 0.0 0 0.0 1079.443359 110.478516 1164.931641 361.757812 0.0 0.0 0.0 0.0 0.0 0.0 0.0 0.932207
Person 0.0 0 0.0 122.724609 143.173828 231.884766 346.728516 0.0 0.0 0.0 0.0 0.0 0.0 0.0 0.933431
Person 0.0 0 0.0 38.466797 210.607910 127.705078 478.630371 0.0 0.0 0.0 0.0 0.0 0.0 0.0 0.941868
Person 0.0 0 0.0 641.513672 73.498535 693.486328 284.567871 0.0 0.0 0.0 0.0 0.0 0.0 0.0 0.943764
Person 0.0 0 0.0 1084.628906 573.222656 1245.996094 1011.972656 0.0 0.0 0.0 0.0 0.0 0.0 0.0 0.950960
Person 0.0 0 0.0 121.875000 417.656250 292.968750 786.796875 0.0 0.0 0.0 0.0 0.0 0.0 0.0 0.958538
Person 0.0 0 0.0 671.308594 75.476074 738.691406 306.057129 0.0 0.0 0.0 0.0 0.0 0.0 0.0 0.965381
