Person 0.0 0 0.0 1106.982422 25.246582 1146.767578 171.452637 0.0 0.0 0.0 0.0 0.0 0.0 0.0 0.514644
Person 0.0 0 0.0 1175.009766 17.468262 1208.115234 184.108887 0.0 0.0 0.0 0.0 0.0 0.0 0.0 0.600188
Person 0.0 0 0.0 790.195312 224.912109 912.304688 558.193359 0.0 0.0 0.0 0.0 0.0 0.0 0.0 0.629775
Person 0.0 0 0.0 919.042969 8.635254 955.957031 120.695801 0.0 0.0 0.0 0.0 0.0 0.0 0.0 0.639736
Person 0.0 0 0.0 0.556641 191.953125 76.787109 417.656250 0.0 0.0 0.0 0.0 0.0 0.0 0.0 0.640636
Person 0.0 0 0.0 139.643555 54.052734 180.747070 197.226562 0.0 0.0 0.0 0.0 0.0 0.0 0.0 0.767690
Person 0.0 0 0.0 588.105469 13.710938 630.644531 186.547852 0.0 0.0 0.0 0.0 0.0 0.0 0.0 0.777300
Person 0.0 0 0.0 1232.255859 165.454102 1304.619141 364.790039 0.0 0.0 0.0 0.0 0.0 0.0 0.0 0.811078
Person 0.0 0 0.0 62.226562 561.752930 308.554688 904.262695 0.0 0.0 0.0 0.0 0.0 0.0 0.0 0.869271
Person 0.0 0 0.0 769.277344 108.171387 850.722656 367.492676 0.0 0.0 0.0 0.0 0.0 0.0 0.0 0.872347
Person 0.0 0 0.0 147.714844 379.291992 364.628906 731.293945 0.0 0.0 0.0 0.0 0.0 0.0 0.0 0.879561
Person 0.0 0 0.0 1349.707031 432.949219 1560.292969 802.089844 0.0 0.0 0.0 0.0 0.0 0.0 0.0 0.885632
Person 0.0 0 0.0 508.608398 22.346191 559.204102 209.685059 0.0 0.0 0.0 0.0 0.0 0.0 0.0 0.886027
Person 0.0 0 0.0 808.886719 262.485352 923.613281 621.342773 0.0 0.0 0.0 0.0 0.0 0.0 0.0 0.920218
Person 0.0 0 0.0 697.807617 48.845215 753.442383 255.959473 0.0 0.0 0.0 0.0 0.0 0.0 0.0 0.922203
Person 0.0 0 0.0 1239.726562 73.168945 1300.898438 254.311523 0.0 0.0 0.0 0.0 0.0 0.0 0.0 0.926570
Person 0.0 0 0.0 960.849609 7.646484 1013.525391 156.225586 0.0 0.0 0.0 0.0 0.0 0.0 0.0 0.932207
Person 0.0 0 0.0 1104.228516 120.432129 1200.146484 376.062012 0.0 0.0 0.0 0.0 0.0 0.0 0.0 0.933915
Person 0.0 0 0.0 971.132812 93.471680 1059.492188 393.530273 0.0 0.0 0.0 0.0 0.0 0.0 0.0 0.938124
Person 0.0 0 0.0 917.109375 129.067383 995.390625 426.752930 0.0 0.0 0.0 0.0 0.0 0.0 0.0 0.939248
