Person 0.0 0 0.0 0.322266 392.607422 109.072266 682.119141 0.0 0.0 0.0 0.0 0.0 0.0 0.0 0.637934
Person 0.0 0 0.0 1802.343750 369.733887 1906.406250 623.254395 0.0 0.0 0.0 0.0 0.0 0.0 0.0 0.789234
Person 0.0 0 0.0 778.154297 201.840820 856.845703 557.006836 0.0 0.0 0.0 0.0 0.0 0.0 0.0 0.792464
Person 0.0 0 0.0 609.667969 15.358887 657.832031 203.620605 0.0 0.0 0.0 0.0 0.0 0.0 0.0 0.799442
Person 0.0 0 0.0 480.703125 207.377930 602.109375 511.391602 0.0 0.0 0.0 0.0 0.0 0.0 0.0 0.834946
Person 0.0 0 0.0 82.617188 552.260742 309.492188 902.153320 0.0 0.0 0.0 0.0 0.0 0.0 0.0 0.862468
Person 0.0 0 0.0 133.256836 54.184570 179.165039 197.094727 0.0 0.0 0.0 0.0 0.0 0.0 0.0 0.878731
Person 0.0 0 0.0 960.527344 6.921387 1008.222656 171.716309 0.0 0.0 0.0 0.0 0.0 0.0 0.0 0.884439
Person 0.0 0 0.0 1529.824219 468.544922 1758.925781 810.791016 0.0 0.0 0.0 0.0 0.0 0.0 0.0 0.892187
Person 0.0 0 0.0 201.796875 370.327148 398.203125 730.766602 0.0 0.0 0.0 0.0 0.0 0.0 0.0 0.895523
Person 0.0 0 0.0 993.017578 142.119141 1088.232422 480.673828 0.0 0.0 0.0 0.0 0.0 0.0 0.0 0.901227
Person 0.0 0 0.0 588.149414 13.645020 628.725586 186.877441 0.0 0.0 0.0 0.0 0.0 0.0 0.0 0.907967
Person 0.0 0 0.0 508.842773 21.818848 558.969727 209.816895 0.0 0.0 0.0 0.0 0.0 0.0 0.0 0.911495
Person 0.0 0 0.0 797.636719 256.948242 927.363281 622.661133 0.0 0.0 0.0 0.0 0.0 0.0 0.0 0.913677
Person 0.0 0 0.0 726.621094 104.414062 823.066406 383.115234 0.0 0.0 0.0 0.0 0.0 0.0 0.0 0.927888
Person 0.0 0 0.0 686.704102 45.087891 742.045898 252.333984 0.0 0.0 0.0 0.0 0.0 0.0 0.0 0.936749
Person 0.0 0 0.0 535.781250 443.496094 720.468750 874.863281 0.0 0.0 0.0 0.0 0.0 0.0 0.0 0.940572
Person 0.0 0 0.0 847.968750 38.825684 919.218750 275.207520 0.0 0.0 0.0 0.0 0.0 0.0 0.0 0.942295
Person 0.0 0 0.0 895.986328 73.630371 966.826172 341.652832 0.0 0.0 0.0 0.0 0.0 0.0 0.0 0.948917
Person 0.0 0 0.0 1098.310547 123.332520 1206.064453 377.380371 0.0 0.0 0.0 0.0 0.0 0.0 0.0 0.953794
