Person 0.0 0 0.0 1777.207031 728.789062 1918.000000 1044.140625 0.0 0.0 0.0 0.0 0.0 0.0 0.0 0.426322
Person 0.0 0 0.0 18.603516 46.735840 127.763672 208.103027 0.0 0.0 0.0 0.0 0.0 0.0 0.0 0.478529
Person 0.0 0 0.0 0.410156 193.469238 69.316406 417.722168 0.0 0.0 0.0 0.0 0.0 0.0 0.0 0.524395
Person 0.0 0 0.0 1223.232422 172.177734 1302.392578 367.031250 0.0 0.0 0.0 0.0 0.0 0.0 0.0 0.572723
Person 0.0 0 0.0 1175.815430 26.103516 1209.184570 191.030273 0.0 0.0 0.0 0.0 0.0 0.0 0.0 0.679179
Person 0.0 0 0.0 911.499023 6.459961 948.500977 114.104004 0.0 0.0 0.0 0.0 0.0 0.0 0.0 0.775265
Person 0.0 0 0.0 590.507812 14.765625 629.179688 187.602539 0.0 0.0 0.0 0.0 0.0 0.0 0.0 0.787278
Person 0.0 0 0.0 606.049805 16.743164 656.762695 205.400391 0.0 0.0 0.0 0.0 0.0 0.0 0.0 0.856332
Person 0.0 0 0.0 824.750977 106.984863 884.311523 367.624512 0.0 0.0 0.0 0.0 0.0 0.0 0.0 0.867934
Person 0.0 0 0.0 868.681641 104.677734 983.818359 402.363281 0.0 0.0 0.0 0.0 0.0 0.0 0.0 0.891811
Person 0.0 0 0.0 90.644531 551.865234 304.277344 895.166016 0.0 0.0 0.0 0.0 0.0 0.0 0.0 0.897695
Person 0.0 0 0.0 953.481445 5.866699 1009.643555 165.520020 0.0 0.0 0.0 0.0 0.0 0.0 0.0 0.901921
Person 0.0 0 0.0 138.208008 48.120117 189.682617 189.316406 0.0 0.0 0.0 0.0 0.0 0.0 0.0 0.903294
Person 0.0 0 0.0 951.914062 100.590820 1014.960938 380.083008 0.0 0.0 0.0 0.0 0.0 0.0 0.0 0.909907
Person 0.0 0 0.0 1095.000000 46.801758 1158.750000 241.127930 0.0 0.0 0.0 0.0 0.0 0.0 0.0 0.911810
Person 0.0 0 0.0 1100.947266 119.311523 1184.677734 377.973633 0.0 0.0 0.0 0.0 0.0 0.0 0.0 0.925769
Person 0.0 0 0.0 501.606445 22.478027 553.081055 205.993652 0.0 0.0 0.0 0.0 0.0 0.0 0.0 0.936749
Person 0.0 0 0.0 124.980469 395.771484 350.332031 717.978516 0.0 0.0 0.0 0.0 0.0 0.0 0.0 0.944382
Person 0.0 0 0.0 510.615234 117.597656 595.634766 374.941406 0.0 0.0 0.0 0.0 0.0 0.0 0.0 0.948917
Person 0.0 0 0.0 664.277344 146.469727 760.722656 424.643555 0.0 0.0 0.0 0.0 0.0 0.0 0.0 0.958847
