Person 0.0 0 0.0 1108.549805 27.949219 1147.075195 170.463867 0.0 0.0 0.0 0.0 0.0 0.0 0.0 0.545770
Person 0.0 0 0.0 1175.170898 17.534180 1209.829102 186.284180 0.0 0.0 0.0 0.0 0.0 0.0 0.0 0.627951
Person 0.0 0 0.0 783.515625 209.091797 859.921875 558.193359 0.0 0.0 0.0 0.0 0.0 0.0 0.0 0.698432
Person 0.0 0 0.0 962.988281 4.284668 1009.511719 116.938477 0.0 0.0 0.0 0.0 0.0 0.0 0.0 0.766992
Person 0.0 0 0.0 1236.738281 163.937988 1305.761719 366.569824 0.0 0.0 0.0 0.0 0.0 0.0 0.0 0.849971
Person 0.0 0 0.0 137.680664 53.393555 178.256836 197.490234 0.0 0.0 0.0 0.0 0.0 0.0 0.0 0.850469
Person 0.0 0 0.0 649.746094 176.264648 777.128906 463.930664 0.0 0.0 0.0 0.0 0.0 0.0 0.0 0.875361
Person 0.0 0 0.0 79.804688 538.022461 309.023438 878.422852 0.0 0.0 0.0 0.0 0.0 0.0 0.0 0.876211
Person 0.0 0 0.0 707.797852 40.803223 762.202148 238.161621 0.0 0.0 0.0 0.0 0.0 0.0 0.0 0.884439
Person 0.0 0 0.0 804.433594 256.289062 928.066406 621.738281 0.0 0.0 0.0 0.0 0.0 0.0 0.0 0.891434
Person 0.0 0 0.0 614.750977 15.688477 656.499023 204.082031 0.0 0.0 0.0 0.0 0.0 0.0 0.0 0.896976
Person 0.0 0 0.0 1530.000000 455.229492 1738.125000 809.340820 0.0 0.0 0.0 0.0 0.0 0.0 0.0 0.901575
Person 0.0 0 0.0 588.237305 13.776855 628.637695 187.800293 0.0 0.0 0.0 0.0 0.0 0.0 0.0 0.904313
Person 0.0 0 0.0 220.839844 352.661133 370.253906 727.338867 0.0 0.0 0.0 0.0 0.0 0.0 0.0 0.907967
Person 0.0 0 0.0 992.255859 138.955078 1077.744141 483.310547 0.0 0.0 0.0 0.0 0.0 0.0 0.0 0.909586
Person 0.0 0 0.0 469.453125 236.909180 585.234375 588.383789 0.0 0.0 0.0 0.0 0.0 0.0 0.0 0.914596
Person 0.0 0 0.0 1095.234375 120.629883 1184.765625 376.391602 0.0 0.0 0.0 0.0 0.0 0.0 0.0 0.915507
Person 0.0 0 0.0 503.056641 21.225586 557.255859 210.410156 0.0 0.0 0.0 0.0 0.0 0.0 0.0 0.944587
Person 0.0 0 0.0 943.388672 73.366699 1010.361328 339.279785 0.0 0.0 0.0 0.0 0.0 0.0 0.0 0.951323
Person 0.0 0 0.0 863.466797 41.660156 942.158203 279.755859 0.0 0.0 0.0 0.0 0.0 0.0 0.0 0.951504
