Person 0.0 0 0.0 785.009766 207.246094 861.240234 558.457031 0.0 0.0 0.0 0.0 0.0 0.0 0.0 0.555435
Person 0.0 0 0.0 707.695312 40.638428 761.367188 147.491455 0.0 0.0 0.0 0.0 0.0 0.0 0.0 0.577495
Person 0.0 0 0.0 917.446289 9.228516 955.678711 162.817383 0.0 0.0 0.0 0.0 0.0 0.0 0.0 0.764188
Person 0.0 0 0.0 962.402344 4.713135 1010.097656 123.629150 0.0 0.0 0.0 0.0 0.0 0.0 0.0 0.766294
Person 0.0 0 0.0 137.915039 53.854980 178.491211 197.424316 0.0 0.0 0.0 0.0 0.0 0.0 0.0 0.809878
Person 0.0 0 0.0 613.432617 15.161133 657.817383 183.251953 0.0 0.0 0.0 0.0 0.0 0.0 0.0 0.812272
Person 0.0 0 0.0 76.289062 538.286133 309.726562 878.159180 0.0 0.0 0.0 0.0 0.0 0.0 0.0 0.865224
Person 0.0 0 0.0 1760.800781 473.422852 1918.000000 761.616211 0.0 0.0 0.0 0.0 0.0 0.0 0.0 0.874935
Person 0.0 0 0.0 592.236328 179.296875 702.451172 485.683594 0.0 0.0 0.0 0.0 0.0 0.0 0.0 0.879561
Person 0.0 0 0.0 800.742188 259.716797 922.382812 622.001953 0.0 0.0 0.0 0.0 0.0 0.0 0.0 0.881615
Person 0.0 0 0.0 992.519531 139.350586 1081.230469 483.442383 0.0 0.0 0.0 0.0 0.0 0.0 0.0 0.882428
Person 0.0 0 0.0 688.330078 108.369141 778.857422 387.070312 0.0 0.0 0.0 0.0 0.0 0.0 0.0 0.883638
Person 0.0 0 0.0 588.193359 13.842773 628.681641 185.361328 0.0 0.0 0.0 0.0 0.0 0.0 0.0 0.887205
Person 0.0 0 0.0 1530.410156 469.467773 1760.214844 809.868164 0.0 0.0 0.0 0.0 0.0 0.0 0.0 0.906983
Person 0.0 0 0.0 517.441406 275.932617 641.308594 640.590820 0.0 0.0 0.0 0.0 0.0 0.0 0.0 0.907312
Person 0.0 0 0.0 505.664062 21.687012 559.335938 210.344238 0.0 0.0 0.0 0.0 0.0 0.0 0.0 0.921074
Person 0.0 0 0.0 1102.617188 121.684570 1198.007812 375.600586 0.0 0.0 0.0 0.0 0.0 0.0 0.0 0.928409
Person 0.0 0 0.0 842.050781 41.989746 926.074219 281.799316 0.0 0.0 0.0 0.0 0.0 0.0 0.0 0.932207
Person 0.0 0 0.0 925.957031 68.554688 995.917969 334.599609 0.0 0.0 0.0 0.0 0.0 0.0 0.0 0.944382
Person 0.0 0 0.0 178.652344 373.227539 351.035156 726.811523 0.0 0.0 0.0 0.0 0.0 0.0 0.0 0.946794
