Person 0.0 0 0.0 1107.202148 27.355957 1146.547852 172.111816 0.0 0.0 0.0 0.0 0.0 0.0 0.0 0.576542
Person 0.0 0 0.0 1174.746094 16.809082 1208.378906 190.568848 0.0 0.0 0.0 0.0 0.0 0.0 0.0 0.618780
Person 0.0 0 0.0 1236.416016 162.290039 1306.083984 366.635742 0.0 0.0 0.0 0.0 0.0 0.0 0.0 0.704973
Person 0.0 0 0.0 138.266602 53.657227 179.311523 197.226562 0.0 0.0 0.0 0.0 0.0 0.0 0.0 0.727975
Person 0.0 0 0.0 810.937500 25.642090 869.062500 162.092285 0.0 0.0 0.0 0.0 0.0 0.0 0.0 0.829492
Person 0.0 0 0.0 80.917969 536.044922 309.785156 878.291016 0.0 0.0 0.0 0.0 0.0 0.0 0.0 0.846451
Person 0.0 0 0.0 1514.824219 481.069336 1721.425781 837.290039 0.0 0.0 0.0 0.0 0.0 0.0 0.0 0.882022
Person 0.0 0 0.0 582.949219 14.765625 636.738281 189.316406 0.0 0.0 0.0 0.0 0.0 0.0 0.0 0.884439
Person 0.0 0 0.0 568.886719 140.800781 655.488281 416.074219 0.0 0.0 0.0 0.0 0.0 0.0 0.0 0.892563
Person 0.0 0 0.0 988.125000 357.407227 1126.875000 771.108398 0.0 0.0 0.0 0.0 0.0 0.0 0.0 0.895157
Person 0.0 0 0.0 763.681641 203.291016 858.193359 552.392578 0.0 0.0 0.0 0.0 0.0 0.0 0.0 0.910863
Person 0.0 0 0.0 609.785156 367.426758 742.089844 755.815430 0.0 0.0 0.0 0.0 0.0 0.0 0.0 0.913368
Person 0.0 0 0.0 506.059570 20.632324 558.940430 209.421387 0.0 0.0 0.0 0.0 0.0 0.0 0.0 0.919353
Person 0.0 0 0.0 1104.873047 115.554199 1184.501953 370.656738 0.0 0.0 0.0 0.0 0.0 0.0 0.0 0.920504
Person 0.0 0 0.0 960.791016 5.932617 1007.958984 161.235352 0.0 0.0 0.0 0.0 0.0 0.0 0.0 0.921358
Person 0.0 0 0.0 921.093750 160.048828 1015.781250 431.103516 0.0 0.0 0.0 0.0 0.0 0.0 0.0 0.928926
Person 0.0 0 0.0 821.308594 251.411133 975.878906 618.178711 0.0 0.0 0.0 0.0 0.0 0.0 0.0 0.936981
Person 0.0 0 0.0 864.023438 26.499023 951.914062 245.874023 0.0 0.0 0.0 0.0 0.0 0.0 0.0 0.941007
Person 0.0 0 0.0 216.914062 360.571289 408.867188 723.647461 0.0 0.0 0.0 0.0 0.0 0.0 0.0 0.944382
Person 0.0 0 0.0 668.232422 17.731934 772.705078 233.547363 0.0 0.0 0.0 0.0 0.0 0.0 0.0 0.955486
