Person 0.0 0 0.0 1253.818359 173.430176 1352.431641 416.140137 0.0 0.0 0.0 0.0 0.0 0.0 0.0 0.442636
Person 0.0 0 0.0 1826.660156 426.027832 1918.000000 663.464355 0.0 0.0 0.0 0.0 0.0 0.0 0.0 0.465873
Person 0.0 0 0.0 18.808594 46.669922 127.558594 207.773438 0.0 0.0 0.0 0.0 0.0 0.0 0.0 0.512693
Person 0.0 0 0.0 1062.099609 22.939453 1097.900391 164.531250 0.0 0.0 0.0 0.0 0.0 0.0 0.0 0.538983
Person 0.0 0 0.0 0.410156 210.607910 76.347656 424.313965 0.0 0.0 0.0 0.0 0.0 0.0 0.0 0.562177
Person 0.0 0 0.0 593.247070 16.677246 629.252930 188.591309 0.0 0.0 0.0 0.0 0.0 0.0 0.0 0.625209
Person 0.0 0 0.0 1174.628906 36.057129 1208.496094 190.437012 0.0 0.0 0.0 0.0 0.0 0.0 0.0 0.709019
Person 0.0 0 0.0 150.952148 49.372559 188.891602 192.546387 0.0 0.0 0.0 0.0 0.0 0.0 0.0 0.800068
Person 0.0 0 0.0 950.390625 100.986328 1016.484375 380.478516 0.0 0.0 0.0 0.0 0.0 0.0 0.0 0.856812
Person 0.0 0 0.0 1218.925781 171.452637 1302.949219 384.367676 0.0 0.0 0.0 0.0 0.0 0.0 0.0 0.862004
Person 0.0 0 0.0 607.148438 15.886230 656.601562 205.070801 0.0 0.0 0.0 0.0 0.0 0.0 0.0 0.885235
Person 0.0 0 0.0 76.699219 550.546875 303.222656 926.015625 0.0 0.0 0.0 0.0 0.0 0.0 0.0 0.908293
Person 0.0 0 0.0 857.050781 100.327148 968.261719 399.331055 0.0 0.0 0.0 0.0 0.0 0.0 0.0 0.911495
Person 0.0 0 0.0 721.420898 28.872070 771.079102 201.577148 0.0 0.0 0.0 0.0 0.0 0.0 0.0 0.918480
Person 0.0 0 0.0 509.267578 19.907227 559.482422 204.609375 0.0 0.0 0.0 0.0 0.0 0.0 0.0 0.921922
Person 0.0 0 0.0 1087.998047 44.494629 1147.001953 223.132324 0.0 0.0 0.0 0.0 0.0 0.0 0.0 0.923592
Person 0.0 0 0.0 527.314453 107.709961 601.435547 366.372070 0.0 0.0 0.0 0.0 0.0 0.0 0.0 0.928149
Person 0.0 0 0.0 1096.406250 118.059082 1181.718750 378.435059 0.0 0.0 0.0 0.0 0.0 0.0 0.0 0.939913
Person 0.0 0 0.0 1189.628906 87.341309 1266.621094 293.928223 0.0 0.0 0.0 0.0 0.0 0.0 0.0 0.944791
Person 0.0 0 0.0 99.843750 401.044922 311.953125 754.892578 0.0 0.0 0.0 0.0 0.0 0.0 0.0 0.950778
