Person 0.0 0 0.0 660.205078 78.706055 699.169922 283.842773 0.0 0.0 0.0 0.0 0.0 0.0 0.0 0.513668
Person 0.0 0 0.0 19.687500 46.801758 125.859375 209.750977 0.0 0.0 0.0 0.0 0.0 0.0 0.0 0.569853
Person 0.0 0 0.0 752.548828 59.589844 843.076172 260.507812 0.0 0.0 0.0 0.0 0.0 0.0 0.0 0.650467
Person 0.0 0 0.0 1513.007812 453.515625 1770.117188 793.125000 0.0 0.0 0.0 0.0 0.0 0.0 0.0 0.717804
Person 0.0 0 0.0 1175.683594 26.367188 1209.316406 190.371094 0.0 0.0 0.0 0.0 0.0 0.0 0.0 0.719384
Person 0.0 0 0.0 803.847656 95.712891 937.089844 386.806641 0.0 0.0 0.0 0.0 0.0 0.0 0.0 0.805020
Person 0.0 0 0.0 931.918945 3.955078 988.081055 146.865234 0.0 0.0 0.0 0.0 0.0 0.0 0.0 0.813461
Person 0.0 0 0.0 1216.494141 168.288574 1299.755859 371.184082 0.0 0.0 0.0 0.0 0.0 0.0 0.0 0.854399
Person 0.0 0 0.0 922.412109 103.557129 1003.212891 371.052246 0.0 0.0 0.0 0.0 0.0 0.0 0.0 0.854885
Person 0.0 0 0.0 142.075195 47.724609 189.331055 192.612305 0.0 0.0 0.0 0.0 0.0 0.0 0.0 0.855851
Person 0.0 0 0.0 1014.785156 891.870117 1193.964844 1074.067383 0.0 0.0 0.0 0.0 0.0 0.0 0.0 0.865224
Person 0.0 0 0.0 83.378906 583.505859 295.839844 940.517578 0.0 0.0 0.0 0.0 0.0 0.0 0.0 0.877896
Person 0.0 0 0.0 1273.359375 84.968262 1334.765625 214.035645 0.0 0.0 0.0 0.0 0.0 0.0 0.0 0.896251
Person 0.0 0 0.0 598.110352 16.479492 653.452148 210.805664 0.0 0.0 0.0 0.0 0.0 0.0 0.0 0.917893
Person 0.0 0 0.0 29.589844 281.601562 141.621094 588.515625 0.0 0.0 0.0 0.0 0.0 0.0 0.0 0.931213
Person 0.0 0 0.0 673.066406 75.476074 736.933594 305.529785 0.0 0.0 0.0 0.0 0.0 0.0 0.0 0.936285
Person 0.0 0 0.0 1096.816406 116.015625 1181.308594 367.294922 0.0 0.0 0.0 0.0 0.0 0.0 0.0 0.942507
Person 0.0 0 0.0 502.148438 16.281738 563.789062 198.610840 0.0 0.0 0.0 0.0 0.0 0.0 0.0 0.947381
Person 0.0 0 0.0 108.076172 145.217285 205.048828 344.948730 0.0 0.0 0.0 0.0 0.0 0.0 0.0 0.948728
Person 0.0 0 0.0 121.171875 413.173828 332.578125 770.185547 0.0 0.0 0.0 0.0 0.0 0.0 0.0 0.959154
