Person 0.0 0 0.0 1115.566406 27.817383 1147.558594 153.061523 0.0 0.0 0.0 0.0 0.0 0.0 0.0 0.522446
Person 0.0 0 0.0 1739.589844 707.497559 1918.000000 954.689941 0.0 0.0 0.0 0.0 0.0 0.0 0.0 0.564098
Person 0.0 0 0.0 138.925781 47.922363 195.527344 189.909668 0.0 0.0 0.0 0.0 0.0 0.0 0.0 0.667148
Person 0.0 0 0.0 932.856445 3.229980 989.018555 142.976074 0.0 0.0 0.0 0.0 0.0 0.0 0.0 0.671471
Person 0.0 0 0.0 1173.896484 27.092285 1209.228516 186.218262 0.0 0.0 0.0 0.0 0.0 0.0 0.0 0.724870
Person 0.0 0 0.0 920.742188 91.098633 992.695312 360.307617 0.0 0.0 0.0 0.0 0.0 0.0 0.0 0.857291
Person 0.0 0 0.0 86.250000 578.496094 295.078125 940.253906 0.0 0.0 0.0 0.0 0.0 0.0 0.0 0.869715
Person 0.0 0 0.0 484.804688 18.457031 542.695312 199.467773 0.0 0.0 0.0 0.0 0.0 0.0 0.0 0.891055
Person 0.0 0 0.0 801.621094 91.625977 921.503906 385.883789 0.0 0.0 0.0 0.0 0.0 0.0 0.0 0.901227
Person 0.0 0 0.0 518.496094 43.044434 576.503906 246.730957 0.0 0.0 0.0 0.0 0.0 0.0 0.0 0.912748
Person 0.0 0 0.0 30.966797 205.400391 124.072266 448.505859 0.0 0.0 0.0 0.0 0.0 0.0 0.0 0.920218
Person 0.0 0 0.0 172.294922 48.581543 236.689453 216.936035 0.0 0.0 0.0 0.0 0.0 0.0 0.0 0.929184
Person 0.0 0 0.0 1079.472656 523.520508 1258.652344 897.143555 0.0 0.0 0.0 0.0 0.0 0.0 0.0 0.929696
Person 0.0 0 0.0 141.708984 140.009766 242.197266 345.146484 0.0 0.0 0.0 0.0 0.0 0.0 0.0 0.933673
Person 0.0 0 0.0 1213.007812 159.653320 1303.242188 369.799805 0.0 0.0 0.0 0.0 0.0 0.0 0.0 0.938576
Person 0.0 0 0.0 1175.712891 79.628906 1273.037109 283.974609 0.0 0.0 0.0 0.0 0.0 0.0 0.0 0.950778
Person 0.0 0 0.0 641.264648 73.103027 693.735352 284.699707 0.0 0.0 0.0 0.0 0.0 0.0 0.0 0.951323
Person 0.0 0 0.0 1081.494141 110.214844 1170.380859 362.021484 0.0 0.0 0.0 0.0 0.0 0.0 0.0 0.957912
Person 0.0 0 0.0 116.367188 425.566406 294.023438 786.269531 0.0 0.0 0.0 0.0 0.0 0.0 0.0 0.959154
Person 0.0 0 0.0 670.429688 75.607910 739.570312 306.188965 0.0 0.0 0.0 0.0 0.0 0.0 0.0 0.965512
