Person 0.0 0 0.0 927.041016 4.943848 960.146484 160.378418 0.0 0.0 0.0 0.0 0.0 0.0 0.0 0.572723
Person 0.0 0 0.0 771.591797 217.661133 867.158203 558.061523 0.0 0.0 0.0 0.0 0.0 0.0 0.0 0.690976
Person 0.0 0 0.0 138.120117 52.734375 178.286133 197.358398 0.0 0.0 0.0 0.0 0.0 0.0 0.0 0.724870
Person 0.0 0 0.0 1238.320312 160.312500 1304.179688 365.185547 0.0 0.0 0.0 0.0 0.0 0.0 0.0 0.854885
Person 0.0 0 0.0 70.634766 60.842285 127.763672 209.025879 0.0 0.0 0.0 0.0 0.0 0.0 0.0 0.855369
Person 0.0 0 0.0 1539.843750 480.937500 1754.531250 828.984375 0.0 0.0 0.0 0.0 0.0 0.0 0.0 0.873647
Person 0.0 0 0.0 440.185547 150.029297 559.189453 444.287109 0.0 0.0 0.0 0.0 0.0 0.0 0.0 0.882428
Person 0.0 0 0.0 76.875000 536.967773 309.140625 878.422852 0.0 0.0 0.0 0.0 0.0 0.0 0.0 0.883236
Person 0.0 0 0.0 993.339844 256.816406 1153.535156 640.722656 0.0 0.0 0.0 0.0 0.0 0.0 0.0 0.886813
Person 0.0 0 0.0 862.734375 28.872070 941.015625 274.350586 0.0 0.0 0.0 0.0 0.0 0.0 0.0 0.891055
Person 0.0 0 0.0 601.230469 130.122070 700.019531 425.698242 0.0 0.0 0.0 0.0 0.0 0.0 0.0 0.901575
Person 0.0 0 0.0 793.359375 250.751953 927.890625 612.509766 0.0 0.0 0.0 0.0 0.0 0.0 0.0 0.917006
Person 0.0 0 0.0 1120.634766 114.631348 1193.115234 355.495605 0.0 0.0 0.0 0.0 0.0 0.0 0.0 0.928668
Person 0.0 0 0.0 961.318359 6.459961 1009.306641 161.630859 0.0 0.0 0.0 0.0 0.0 0.0 0.0 0.934395
Person 0.0 0 0.0 939.257812 156.225586 1036.992188 429.125977 0.0 0.0 0.0 0.0 0.0 0.0 0.0 0.935582
Person 0.0 0 0.0 664.775391 44.230957 743.349609 236.579590 0.0 0.0 0.0 0.0 0.0 0.0 0.0 0.946399
Person 0.0 0 0.0 179.531250 362.944336 400.312500 722.329102 0.0 0.0 0.0 0.0 0.0 0.0 0.0 0.949295
Person 0.0 0 0.0 507.758789 24.060059 558.178711 209.685059 0.0 0.0 0.0 0.0 0.0 0.0 0.0 0.950778
Person 0.0 0 0.0 575.126953 15.556641 634.248047 185.361328 0.0 0.0 0.0 0.0 0.0 0.0 0.0 0.955651
Person 0.0 0 0.0 740.771484 38.562012 807.978516 260.969238 0.0 0.0 0.0 0.0 0.0 0.0 0.0 0.960805
