Person 0.0 0 0.0 1061.997070 15.754395 1098.002930 174.089355 0.0 0.0 0.0 0.0 0.0 0.0 0.0 0.425367
Person 0.0 0 0.0 1770.175781 703.476562 1918.000000 1004.062500 0.0 0.0 0.0 0.0 0.0 0.0 0.0 0.498047
Person 0.0 0 0.0 22.412109 46.999512 127.236328 207.839355 0.0 0.0 0.0 0.0 0.0 0.0 0.0 0.521471
Person 0.0 0 0.0 1108.447266 27.685547 1147.177734 170.727539 0.0 0.0 0.0 0.0 0.0 0.0 0.0 0.543832
Person 0.0 0 0.0 918.325195 8.338623 953.862305 110.050049 0.0 0.0 0.0 0.0 0.0 0.0 0.0 0.796292
Person 0.0 0 0.0 1215.615234 163.212891 1302.509766 377.841797 0.0 0.0 0.0 0.0 0.0 0.0 0.0 0.834407
Person 0.0 0 0.0 138.676758 53.591309 182.885742 197.292480 0.0 0.0 0.0 0.0 0.0 0.0 0.0 0.853913
Person 0.0 0 0.0 88.652344 550.151367 304.863281 894.770508 0.0 0.0 0.0 0.0 0.0 0.0 0.0 0.867036
Person 0.0 0 0.0 588.779297 13.842773 629.970703 186.679688 0.0 0.0 0.0 0.0 0.0 0.0 0.0 0.880797
Person 0.0 0 0.0 822.451172 131.242676 887.548828 393.991699 0.0 0.0 0.0 0.0 0.0 0.0 0.0 0.887984
Person 0.0 0 0.0 1170.937500 45.944824 1232.812500 228.010254 0.0 0.0 0.0 0.0 0.0 0.0 0.0 0.895523
Person 0.0 0 0.0 606.767578 14.897461 656.982422 206.059570 0.0 0.0 0.0 0.0 0.0 0.0 0.0 0.902266
Person 0.0 0 0.0 962.270508 7.778320 1012.104492 168.618164 0.0 0.0 0.0 0.0 0.0 0.0 0.0 0.906653
Person 0.0 0 0.0 884.941406 70.268555 975.996094 341.586914 0.0 0.0 0.0 0.0 0.0 0.0 0.0 0.912436
Person 0.0 0 0.0 772.324219 65.917969 838.300781 255.498047 0.0 0.0 0.0 0.0 0.0 0.0 0.0 0.913368
Person 0.0 0 0.0 507.260742 22.148438 556.801758 209.882812 0.0 0.0 0.0 0.0 0.0 0.0 0.0 0.914291
Person 0.0 0 0.0 733.037109 256.025391 834.462891 616.201172 0.0 0.0 0.0 0.0 0.0 0.0 0.0 0.928409
Person 0.0 0 0.0 176.484375 373.623047 374.296875 740.126953 0.0 0.0 0.0 0.0 0.0 0.0 0.0 0.931960
Person 0.0 0 0.0 966.826172 117.268066 1054.423828 386.872559 0.0 0.0 0.0 0.0 0.0 0.0 0.0 0.936052
Person 0.0 0 0.0 1102.031250 116.477051 1187.343750 377.116699 0.0 0.0 0.0 0.0 0.0 0.0 0.0 0.947186
