Person 0.0 0 0.0 1305.703125 88.395996 1353.046875 234.074707 0.0 0.0 0.0 0.0 0.0 0.0 0.0 0.421552
Person 0.0 0 0.0 1079.941406 89.714355 1175.683594 308.693848 0.0 0.0 0.0 0.0 0.0 0.0 0.0 0.431105
Person 0.0 0 0.0 70.444336 63.479004 126.079102 205.466309 0.0 0.0 0.0 0.0 0.0 0.0 0.0 0.432063
Person 0.0 0 0.0 1107.392578 28.081055 1146.357422 170.727539 0.0 0.0 0.0 0.0 0.0 0.0 0.0 0.510741
Person 0.0 0 0.0 1180.913086 46.933594 1234.086914 221.352539 0.0 0.0 0.0 0.0 0.0 0.0 0.0 0.695958
Person 0.0 0 0.0 1230.644531 161.828613 1304.355469 363.405762 0.0 0.0 0.0 0.0 0.0 0.0 0.0 0.736401
Person 0.0 0 0.0 918.603516 8.767090 955.458984 118.652344 0.0 0.0 0.0 0.0 0.0 0.0 0.0 0.771843
Person 0.0 0 0.0 138.017578 52.404785 184.716797 196.765137 0.0 0.0 0.0 0.0 0.0 0.0 0.0 0.777300
Person 0.0 0 0.0 0.439453 205.070801 74.970703 420.358887 0.0 0.0 0.0 0.0 0.0 0.0 0.0 0.817575
Person 0.0 0 0.0 88.125000 550.678711 304.687500 895.297852 0.0 0.0 0.0 0.0 0.0 0.0 0.0 0.878314
Person 0.0 0 0.0 588.383789 13.974609 630.366211 185.888672 0.0 0.0 0.0 0.0 0.0 0.0 0.0 0.890294
Person 0.0 0 0.0 953.115234 120.366211 1017.509766 390.102539 0.0 0.0 0.0 0.0 0.0 0.0 0.0 0.895157
Person 0.0 0 0.0 509.311523 22.016602 559.438477 210.014648 0.0 0.0 0.0 0.0 0.0 0.0 0.0 0.911495
Person 0.0 0 0.0 604.716797 15.358887 658.095703 205.202637 0.0 0.0 0.0 0.0 0.0 0.0 0.0 0.913677
Person 0.0 0 0.0 830.244141 113.049316 906.943359 371.315918 0.0 0.0 0.0 0.0 0.0 0.0 0.0 0.918772
Person 0.0 0 0.0 956.191406 5.240479 1010.683594 121.256104 0.0 0.0 0.0 0.0 0.0 0.0 0.0 0.923592
Person 0.0 0 0.0 904.951172 87.473145 992.548828 344.948730 0.0 0.0 0.0 0.0 0.0 0.0 0.0 0.938801
Person 0.0 0 0.0 723.427734 260.112305 830.009766 616.333008 0.0 0.0 0.0 0.0 0.0 0.0 0.0 0.939025
Person 0.0 0 0.0 167.519531 375.336914 350.917969 740.522461 0.0 0.0 0.0 0.0 0.0 0.0 0.0 0.953966
Person 0.0 0 0.0 1102.910156 128.803711 1193.964844 376.391602 0.0 0.0 0.0 0.0 0.0 0.0 0.0 0.965900
