Person 0.0 0 0.0 1060.532227 15.886230 1097.592773 169.870605 0.0 0.0 0.0 0.0 0.0 0.0 0.0 0.309024
Person 0.0 0 0.0 0.087891 779.545898 107.490234 1031.352539 0.0 0.0 0.0 0.0 0.0 0.0 0.0 0.325950
Person 0.0 0 0.0 19.218750 47.065430 127.382812 207.377930 0.0 0.0 0.0 0.0 0.0 0.0 0.0 0.474631
Person 0.0 0 0.0 1811.748047 397.551270 1918.000000 618.112793 0.0 0.0 0.0 0.0 0.0 0.0 0.0 0.574633
Person 0.0 0 0.0 816.416016 108.369141 887.958984 369.404297 0.0 0.0 0.0 0.0 0.0 0.0 0.0 0.615088
Person 0.0 0 0.0 1168.623047 23.466797 1208.876953 191.425781 0.0 0.0 0.0 0.0 0.0 0.0 0.0 0.690142
Person 0.0 0 0.0 0.351562 213.310547 65.332031 426.357422 0.0 0.0 0.0 0.0 0.0 0.0 0.0 0.734120
Person 0.0 0 0.0 1229.296875 173.759766 1305.703125 370.458984 0.0 0.0 0.0 0.0 0.0 0.0 0.0 0.773216
Person 0.0 0 0.0 941.132812 102.700195 1016.367188 380.610352 0.0 0.0 0.0 0.0 0.0 0.0 0.0 0.798815
Person 0.0 0 0.0 796.933594 74.882812 860.566406 289.775391 0.0 0.0 0.0 0.0 0.0 0.0 0.0 0.801936
Person 0.0 0 0.0 150.219727 48.911133 189.624023 191.425781 0.0 0.0 0.0 0.0 0.0 0.0 0.0 0.870597
Person 0.0 0 0.0 597.817383 17.534180 647.182617 210.937500 0.0 0.0 0.0 0.0 0.0 0.0 0.0 0.871912
Person 0.0 0 0.0 852.041016 101.909180 967.646484 399.594727 0.0 0.0 0.0 0.0 0.0 0.0 0.0 0.901921
Person 0.0 0 0.0 509.150391 19.643555 560.537109 206.455078 0.0 0.0 0.0 0.0 0.0 0.0 0.0 0.908942
Person 0.0 0 0.0 65.742188 574.804688 288.398438 926.015625 0.0 0.0 0.0 0.0 0.0 0.0 0.0 0.912436
Person 0.0 0 0.0 1091.455078 41.000977 1162.294922 222.539062 0.0 0.0 0.0 0.0 0.0 0.0 0.0 0.927100
Person 0.0 0 0.0 746.088867 73.037109 797.973633 271.845703 0.0 0.0 0.0 0.0 0.0 0.0 0.0 0.929184
Person 0.0 0 0.0 1080.029297 128.671875 1168.095703 377.314453 0.0 0.0 0.0 0.0 0.0 0.0 0.0 0.935110
Person 0.0 0 0.0 106.230469 410.537109 310.722656 755.947266 0.0 0.0 0.0 0.0 0.0 0.0 0.0 0.953101
