Person 0.0 0 0.0 782.373047 31.442871 896.689453 193.073730 0.0 0.0 0.0 0.0 0.0 0.0 0.0 0.611382
Person 0.0 0 0.0 298.769531 244.951172 403.417969 532.880859 0.0 0.0 0.0 0.0 0.0 0.0 0.0 0.800068
Person 0.0 0 0.0 1111.904297 110.346680 1222.470703 369.272461 0.0 0.0 0.0 0.0 0.0 0.0 0.0 0.806243
Person 0.0 0 0.0 240.644531 271.450195 368.730469 560.170898 0.0 0.0 0.0 0.0 0.0 0.0 0.0 0.846958
Person 0.0 0 0.0 1521.386719 477.377930 1757.988281 813.559570 0.0 0.0 0.0 0.0 0.0 0.0 0.0 0.866585
Person 0.0 0 0.0 621.635742 10.283203 659.926758 146.865234 0.0 0.0 0.0 0.0 0.0 0.0 0.0 0.868381
Person 0.0 0 0.0 833.818359 225.439453 936.181641 567.685547 0.0 0.0 0.0 0.0 0.0 0.0 0.0 0.884838
Person 0.0 0 0.0 76.230469 534.726562 309.082031 878.554688 0.0 0.0 0.0 0.0 0.0 0.0 0.0 0.885235
Person 0.0 0 0.0 954.726562 199.335938 1090.898438 514.160156 0.0 0.0 0.0 0.0 0.0 0.0 0.0 0.895523
Person 0.0 0 0.0 67.192383 66.181641 127.104492 209.091797 0.0 0.0 0.0 0.0 0.0 0.0 0.0 0.901921
Person 0.0 0 0.0 512.036133 22.675781 560.463867 210.146484 0.0 0.0 0.0 0.0 0.0 0.0 0.0 0.903294
Person 0.0 0 0.0 958.037109 4.152832 1008.837891 171.584473 0.0 0.0 0.0 0.0 0.0 0.0 0.0 0.915809
Person 0.0 0 0.0 707.812500 204.873047 841.875000 534.462891 0.0 0.0 0.0 0.0 0.0 0.0 0.0 0.926304
Person 0.0 0 0.0 491.484375 259.189453 693.515625 654.169922 0.0 0.0 0.0 0.0 0.0 0.0 0.0 0.926570
Person 0.0 0 0.0 144.111328 114.565430 213.779297 308.891602 0.0 0.0 0.0 0.0 0.0 0.0 0.0 0.943764
Person 0.0 0 0.0 609.960938 105.468750 710.039062 378.105469 0.0 0.0 0.0 0.0 0.0 0.0 0.0 0.943971
Person 0.0 0 0.0 885.644531 27.817383 949.042969 265.913086 0.0 0.0 0.0 0.0 0.0 0.0 0.0 0.947769
Person 0.0 0 0.0 225.996094 366.240234 377.753906 720.087891 0.0 0.0 0.0 0.0 0.0 0.0 0.0 0.952574
Person 0.0 0 0.0 689.223633 14.699707 747.026367 227.746582 0.0 0.0 0.0 0.0 0.0 0.0 0.0 0.953794
Person 0.0 0 0.0 581.147461 13.776855 632.915039 184.372559 0.0 0.0 0.0 0.0 0.0 0.0 0.0 0.960361
