Person 0.0 0 0.0 73.461914 61.962891 127.045898 205.136719 0.0 0.0 0.0 0.0 0.0 0.0 0.0 0.319121
Person 0.0 0 0.0 1058.422852 14.897461 1097.827148 173.891602 0.0 0.0 0.0 0.0 0.0 0.0 0.0 0.365683
Person 0.0 0 0.0 1800.820312 827.204590 1918.000000 968.928223 0.0 0.0 0.0 0.0 0.0 0.0 0.0 0.400749
Person 0.0 0 0.0 19.101562 46.801758 127.500000 207.114258 0.0 0.0 0.0 0.0 0.0 0.0 0.0 0.531209
Person 0.0 0 0.0 1808.349609 400.451660 1918.000000 618.376465 0.0 0.0 0.0 0.0 0.0 0.0 0.0 0.610453
Person 0.0 0 0.0 1168.623047 21.423340 1208.876953 191.491699 0.0 0.0 0.0 0.0 0.0 0.0 0.0 0.688468
Person 0.0 0 0.0 816.298828 109.687500 887.138672 369.140625 0.0 0.0 0.0 0.0 0.0 0.0 0.0 0.713032
Person 0.0 0 0.0 0.380859 208.630371 62.841797 426.291504 0.0 0.0 0.0 0.0 0.0 0.0 0.0 0.719384
Person 0.0 0 0.0 1230.175781 173.759766 1306.699219 370.458984 0.0 0.0 0.0 0.0 0.0 0.0 0.0 0.779322
Person 0.0 0 0.0 797.109375 76.003418 860.390625 291.027832 0.0 0.0 0.0 0.0 0.0 0.0 0.0 0.814643
Person 0.0 0 0.0 950.830078 102.172852 1017.919922 380.610352 0.0 0.0 0.0 0.0 0.0 0.0 0.0 0.851459
Person 0.0 0 0.0 596.953125 16.413574 648.046875 210.871582 0.0 0.0 0.0 0.0 0.0 0.0 0.0 0.881615
Person 0.0 0 0.0 149.985352 48.581543 189.858398 190.041504 0.0 0.0 0.0 0.0 0.0 0.0 0.0 0.885632
Person 0.0 0 0.0 850.400391 101.909180 968.349609 399.594727 0.0 0.0 0.0 0.0 0.0 0.0 0.0 0.913984
Person 0.0 0 0.0 63.867188 574.804688 288.398438 926.015625 0.0 0.0 0.0 0.0 0.0 0.0 0.0 0.915205
Person 0.0 0 0.0 509.150391 19.577637 560.537109 206.520996 0.0 0.0 0.0 0.0 0.0 0.0 0.0 0.926037
Person 0.0 0 0.0 745.854492 72.707520 798.208008 271.120605 0.0 0.0 0.0 0.0 0.0 0.0 0.0 0.938576
Person 0.0 0 0.0 1085.654297 41.462402 1162.470703 219.177246 0.0 0.0 0.0 0.0 0.0 0.0 0.0 0.942295
Person 0.0 0 0.0 101.835938 410.932617 309.960938 770.317383 0.0 0.0 0.0 0.0 0.0 0.0 0.0 0.956796
