Person 0.0 0 0.0 796.992188 80.749512 860.507812 348.771973 0.0 0.0 0.0 0.0 0.0 0.0 0.0 0.417746
Person 0.0 0 0.0 1119.243164 30.997925 1147.631836 80.337524 0.0 0.0 0.0 0.0 0.0 0.0 0.0 0.437824
Person 0.0 0 0.0 756.342773 75.937500 805.532227 271.054688 0.0 0.0 0.0 0.0 0.0 0.0 0.0 0.491212
Person 0.0 0 0.0 1174.189453 29.333496 1208.935547 191.228027 0.0 0.0 0.0 0.0 0.0 0.0 0.0 0.675765
Person 0.0 0 0.0 0.703125 358.066406 138.867188 700.839844 0.0 0.0 0.0 0.0 0.0 0.0 0.0 0.726426
Person 0.0 0 0.0 932.739258 3.691406 989.135742 156.093750 0.0 0.0 0.0 0.0 0.0 0.0 0.0 0.788583
Person 0.0 0 0.0 132.963867 47.922363 186.958008 191.887207 0.0 0.0 0.0 0.0 0.0 0.0 0.0 0.842863
Person 0.0 0 0.0 1270.429688 83.781738 1333.945312 213.640137 0.0 0.0 0.0 0.0 0.0 0.0 0.0 0.844922
Person 0.0 0 0.0 1221.621094 166.706543 1302.128906 369.074707 0.0 0.0 0.0 0.0 0.0 0.0 0.0 0.845942
Person 0.0 0 0.0 1088.598633 74.685059 1148.276367 264.133301 0.0 0.0 0.0 0.0 0.0 0.0 0.0 0.867036
Person 0.0 0 0.0 824.208984 92.812500 915.791016 385.224609 0.0 0.0 0.0 0.0 0.0 0.0 0.0 0.868381
Person 0.0 0 0.0 1506.328125 411.328125 1684.921875 767.812500 0.0 0.0 0.0 0.0 0.0 0.0 0.0 0.871912
Person 0.0 0 0.0 74.472656 589.042969 295.605469 940.253906 0.0 0.0 0.0 0.0 0.0 0.0 0.0 0.896614
Person 0.0 0 0.0 506.689453 21.159668 559.248047 206.916504 0.0 0.0 0.0 0.0 0.0 0.0 0.0 0.902266
Person 0.0 0 0.0 922.500000 103.161621 1008.750000 370.656738 0.0 0.0 0.0 0.0 0.0 0.0 0.0 0.910863
Person 0.0 0 0.0 697.001953 76.267090 776.748047 303.156738 0.0 0.0 0.0 0.0 0.0 0.0 0.0 0.925769
Person 0.0 0 0.0 596.132812 16.347656 658.242188 210.146484 0.0 0.0 0.0 0.0 0.0 0.0 0.0 0.929696
Person 0.0 0 0.0 108.281250 415.151367 336.328125 770.317383 0.0 0.0 0.0 0.0 0.0 0.0 0.0 0.941007
Person 0.0 0 0.0 106.845703 147.985840 192.451172 358.264160 0.0 0.0 0.0 0.0 0.0 0.0 0.0 0.942295
Person 0.0 0 0.0 1084.746094 119.904785 1174.628906 366.306152 0.0 0.0 0.0 0.0 0.0 0.0 0.0 0.953275
