Person 0.0 0 0.0 1297.939453 78.673096 1362.685547 209.520264 0.0 0.0 0.0 0.0 0.0 0.0 0.0 0.669745
Person 0.0 0 0.0 919.277344 8.569336 955.722656 112.258301 0.0 0.0 0.0 0.0 0.0 0.0 0.0 0.726426
Person 0.0 0 0.0 138.061523 52.668457 180.688477 196.896973 0.0 0.0 0.0 0.0 0.0 0.0 0.0 0.749087
Person 0.0 0 0.0 1178.203125 45.153809 1229.296875 211.398926 0.0 0.0 0.0 0.0 0.0 0.0 0.0 0.752740
Person 0.0 0 0.0 86.660156 546.196289 304.746094 895.561523 0.0 0.0 0.0 0.0 0.0 0.0 0.0 0.846958
Person 0.0 0 0.0 1231.640625 162.421875 1299.609375 362.812500 0.0 0.0 0.0 0.0 0.0 0.0 0.0 0.847968
Person 0.0 0 0.0 963.398438 6.558838 1012.851562 117.828369 0.0 0.0 0.0 0.0 0.0 0.0 0.0 0.892563
Person 0.0 0 0.0 952.822266 112.983398 1025.302734 390.366211 0.0 0.0 0.0 0.0 0.0 0.0 0.0 0.894052
Person 0.0 0 0.0 507.290039 21.818848 557.709961 210.212402 0.0 0.0 0.0 0.0 0.0 0.0 0.0 0.902610
Person 0.0 0 0.0 587.900391 13.579102 627.099609 186.284180 0.0 0.0 0.0 0.0 0.0 0.0 0.0 0.905657
Person 0.0 0 0.0 610.151367 14.304199 659.223633 205.861816 0.0 0.0 0.0 0.0 0.0 0.0 0.0 0.908942
Person 0.0 0 0.0 828.281250 103.886719 904.218750 348.837891 0.0 0.0 0.0 0.0 0.0 0.0 0.0 0.914291
Person 0.0 0 0.0 1662.070312 475.927734 1877.929688 784.423828 0.0 0.0 0.0 0.0 0.0 0.0 0.0 0.917598
Person 0.0 0 0.0 900.937500 81.540527 973.125000 344.289551 0.0 0.0 0.0 0.0 0.0 0.0 0.0 0.920790
Person 0.0 0 0.0 985.400391 172.968750 1093.974609 457.734375 0.0 0.0 0.0 0.0 0.0 0.0 0.0 0.921640
Person 0.0 0 0.0 1105.136719 120.366211 1186.113281 376.127930 0.0 0.0 0.0 0.0 0.0 0.0 0.0 0.926835
Person 0.0 0 0.0 725.361328 256.552734 835.576172 616.201172 0.0 0.0 0.0 0.0 0.0 0.0 0.0 0.930458
Person 0.0 0 0.0 150.058594 377.841797 369.316406 738.017578 0.0 0.0 0.0 0.0 0.0 0.0 0.0 0.934872
Person 0.0 0 0.0 1061.455078 76.728516 1132.294922 313.242188 0.0 0.0 0.0 0.0 0.0 0.0 0.0 0.951684
Person 0.0 0 0.0 1185.527344 67.170410 1266.972656 303.288574 0.0 0.0 0.0 0.0 0.0 0.0 0.0 0.970909
