Person 0.0 0 0.0 1826.835938 420.754395 1918.000000 663.464355 0.0 0.0 0.0 0.0 0.0 0.0 0.0 0.445530
Person 0.0 0 0.0 1179.565430 38.232422 1209.184570 132.495117 0.0 0.0 0.0 0.0 0.0 0.0 0.0 0.448426
Person 0.0 0 0.0 1061.718750 18.522949 1098.281250 167.233887 0.0 0.0 0.0 0.0 0.0 0.0 0.0 0.493164
Person 0.0 0 0.0 18.486328 46.933594 127.880859 208.828125 0.0 0.0 0.0 0.0 0.0 0.0 0.0 0.560253
Person 0.0 0 0.0 0.322266 190.173340 62.197266 421.018066 0.0 0.0 0.0 0.0 0.0 0.0 0.0 0.637934
Person 0.0 0 0.0 593.466797 15.754395 629.970703 187.272949 0.0 0.0 0.0 0.0 0.0 0.0 0.0 0.674908
Person 0.0 0 0.0 1194.521484 172.705078 1306.728516 377.841797 0.0 0.0 0.0 0.0 0.0 0.0 0.0 0.766294
Person 0.0 0 0.0 824.208984 104.809570 889.541016 367.954102 0.0 0.0 0.0 0.0 0.0 0.0 0.0 0.787931
Person 0.0 0 0.0 922.177734 37.968750 986.572266 227.153320 0.0 0.0 0.0 0.0 0.0 0.0 0.0 0.794385
Person 0.0 0 0.0 151.831055 48.647461 192.231445 192.875977 0.0 0.0 0.0 0.0 0.0 0.0 0.0 0.827271
Person 0.0 0 0.0 803.071289 30.520020 850.678711 165.124512 0.0 0.0 0.0 0.0 0.0 0.0 0.0 0.843380
Person 0.0 0 0.0 509.311523 21.060791 559.438477 150.325928 0.0 0.0 0.0 0.0 0.0 0.0 0.0 0.855851
Person 0.0 0 0.0 606.811523 16.149902 656.938477 205.598145 0.0 0.0 0.0 0.0 0.0 0.0 0.0 0.869715
Person 0.0 0 0.0 82.968750 554.501953 304.453125 923.115234 0.0 0.0 0.0 0.0 0.0 0.0 0.0 0.896251
Person 0.0 0 0.0 952.998047 101.381836 1017.626953 380.083008 0.0 0.0 0.0 0.0 0.0 0.0 0.0 0.923868
Person 0.0 0 0.0 1096.816406 128.276367 1179.433594 381.401367 0.0 0.0 0.0 0.0 0.0 0.0 0.0 0.924688
Person 0.0 0 0.0 1087.939453 44.296875 1147.060547 223.330078 0.0 0.0 0.0 0.0 0.0 0.0 0.0 0.932699
Person 0.0 0 0.0 854.501953 104.018555 967.998047 399.594727 0.0 0.0 0.0 0.0 0.0 0.0 0.0 0.935110
Person 0.0 0 0.0 507.568359 115.356445 585.556641 373.491211 0.0 0.0 0.0 0.0 0.0 0.0 0.0 0.935582
Person 0.0 0 0.0 150.585938 369.140625 312.773438 708.222656 0.0 0.0 0.0 0.0 0.0 0.0 0.0 0.939913
