Person 0.0 0 0.0 1196.250000 126.430664 1258.125000 341.850586 0.0 0.0 0.0 0.0 0.0 0.0 0.0 0.596433
Person 0.0 0 0.0 138.500977 53.327637 180.249023 197.556152 0.0 0.0 0.0 0.0 0.0 0.0 0.0 0.778649
Person 0.0 0 0.0 298.945312 284.370117 433.242188 591.020508 0.0 0.0 0.0 0.0 0.0 0.0 0.0 0.797557
Person 0.0 0 0.0 1109.824219 120.432129 1213.300781 371.579590 0.0 0.0 0.0 0.0 0.0 0.0 0.0 0.810479
Person 0.0 0 0.0 804.726562 30.388184 879.023438 167.365723 0.0 0.0 0.0 0.0 0.0 0.0 0.0 0.811078
Person 0.0 0 0.0 64.863281 64.995117 126.972656 207.377930 0.0 0.0 0.0 0.0 0.0 0.0 0.0 0.832237
Person 0.0 0 0.0 78.105469 538.813477 309.316406 878.686523 0.0 0.0 0.0 0.0 0.0 0.0 0.0 0.839734
Person 0.0 0 0.0 810.878906 239.545898 906.621094 599.458008 0.0 0.0 0.0 0.0 0.0 0.0 0.0 0.853913
Person 0.0 0 0.0 961.918945 8.239746 1008.706055 166.838379 0.0 0.0 0.0 0.0 0.0 0.0 0.0 0.857291
Person 0.0 0 0.0 916.816406 166.904297 1040.683594 450.615234 0.0 0.0 0.0 0.0 0.0 0.0 0.0 0.881207
Person 0.0 0 0.0 461.015625 316.406250 636.796875 731.425781 0.0 0.0 0.0 0.0 0.0 0.0 0.0 0.888372
Person 0.0 0 0.0 550.166016 129.594727 641.396484 422.006836 0.0 0.0 0.0 0.0 0.0 0.0 0.0 0.899828
Person 0.0 0 0.0 1522.382812 471.445312 1725.117188 843.750000 0.0 0.0 0.0 0.0 0.0 0.0 0.0 0.901227
Person 0.0 0 0.0 218.906250 363.076172 403.593750 724.306641 0.0 0.0 0.0 0.0 0.0 0.0 0.0 0.909907
Person 0.0 0 0.0 699.785156 216.342773 806.777344 550.942383 0.0 0.0 0.0 0.0 0.0 0.0 0.0 0.924959
Person 0.0 0 0.0 512.783203 21.752930 562.529297 208.696289 0.0 0.0 0.0 0.0 0.0 0.0 0.0 0.929440
Person 0.0 0 0.0 619.584961 10.019531 666.665039 200.654297 0.0 0.0 0.0 0.0 0.0 0.0 0.0 0.937440
Person 0.0 0 0.0 883.417969 23.664551 947.519531 255.300293 0.0 0.0 0.0 0.0 0.0 0.0 0.0 0.940790
Person 0.0 0 0.0 691.962891 15.095215 750.849609 229.460449 0.0 0.0 0.0 0.0 0.0 0.0 0.0 0.942929
Person 0.0 0 0.0 581.821289 14.238281 632.241211 179.033203 0.0 0.0 0.0 0.0 0.0 0.0 0.0 0.948537
