Person 0.0 0 0.0 1223.437500 160.444336 1294.687500 364.790039 0.0 0.0 0.0 0.0 0.0 0.0 0.0 0.747616
Person 0.0 0 0.0 585.732422 13.645020 625.517578 173.166504 0.0 0.0 0.0 0.0 0.0 0.0 0.0 0.777300
Person 0.0 0 0.0 1012.910156 526.816406 1222.089844 931.816406 0.0 0.0 0.0 0.0 0.0 0.0 0.0 0.814643
Person 0.0 0 0.0 134.062500 53.723145 179.531250 197.556152 0.0 0.0 0.0 0.0 0.0 0.0 0.0 0.820469
Person 0.0 0 0.0 811.230469 27.224121 872.519531 163.278809 0.0 0.0 0.0 0.0 0.0 0.0 0.0 0.837088
Person 0.0 0 0.0 66.035156 65.061035 126.855469 208.894043 0.0 0.0 0.0 0.0 0.0 0.0 0.0 0.891055
Person 0.0 0 0.0 78.925781 538.945312 309.199219 878.554688 0.0 0.0 0.0 0.0 0.0 0.0 0.0 0.891434
Person 0.0 0 0.0 608.056641 14.238281 664.130859 202.104492 0.0 0.0 0.0 0.0 0.0 0.0 0.0 0.903635
Person 0.0 0 0.0 961.420898 7.382812 1007.329102 167.431641 0.0 0.0 0.0 0.0 0.0 0.0 0.0 0.913984
Person 0.0 0 0.0 307.675781 298.872070 433.886719 594.975586 0.0 0.0 0.0 0.0 0.0 0.0 0.0 0.914596
Person 0.0 0 0.0 964.921875 155.830078 1058.203125 419.501953 0.0 0.0 0.0 0.0 0.0 0.0 0.0 0.920504
Person 0.0 0 0.0 876.621094 360.834961 1018.066406 784.555664 0.0 0.0 0.0 0.0 0.0 0.0 0.0 0.938801
Person 0.0 0 0.0 505.356445 21.027832 556.831055 209.421387 0.0 0.0 0.0 0.0 0.0 0.0 0.0 0.939913
Person 0.0 0 0.0 546.123047 128.276367 641.689453 420.688477 0.0 0.0 0.0 0.0 0.0 0.0 0.0 0.943556
Person 0.0 0 0.0 1372.500000 680.537109 1635.000000 1071.298828 0.0 0.0 0.0 0.0 0.0 0.0 0.0 0.945399
Person 0.0 0 0.0 820.429688 249.829102 962.695312 608.159180 0.0 0.0 0.0 0.0 0.0 0.0 0.0 0.946200
Person 0.0 0 0.0 183.281250 367.690430 407.812500 722.856445 0.0 0.0 0.0 0.0 0.0 0.0 0.0 0.950960
Person 0.0 0 0.0 750.058594 215.156250 873.691406 550.546875 0.0 0.0 0.0 0.0 0.0 0.0 0.0 0.958693
Person 0.0 0 0.0 692.343750 14.633789 750.468750 229.394531 0.0 0.0 0.0 0.0 0.0 0.0 0.0 0.961389
Person 0.0 0 0.0 883.535156 22.148438 946.464844 258.134766 0.0 0.0 0.0 0.0 0.0 0.0 0.0 0.963369
