Person 0.0 0 0.0 707.900391 41.264648 759.287109 145.546875 0.0 0.0 0.0 0.0 0.0 0.0 0.0 0.586049
Person 0.0 0 0.0 962.534180 4.482422 1009.965820 118.322754 0.0 0.0 0.0 0.0 0.0 0.0 0.0 0.616936
Person 0.0 0 0.0 0.351562 381.137695 105.410156 681.987305 0.0 0.0 0.0 0.0 0.0 0.0 0.0 0.651355
Person 0.0 0 0.0 783.808594 205.004883 855.878906 559.116211 0.0 0.0 0.0 0.0 0.0 0.0 0.0 0.671471
Person 0.0 0 0.0 138.032227 53.129883 178.374023 196.435547 0.0 0.0 0.0 0.0 0.0 0.0 0.0 0.726426
Person 0.0 0 0.0 569.912109 200.390625 686.337891 455.625000 0.0 0.0 0.0 0.0 0.0 0.0 0.0 0.831143
Person 0.0 0 0.0 1236.210938 164.069824 1310.039062 364.855957 0.0 0.0 0.0 0.0 0.0 0.0 0.0 0.842345
Person 0.0 0 0.0 1778.027344 437.167969 1918.000000 711.386719 0.0 0.0 0.0 0.0 0.0 0.0 0.0 0.844409
Person 0.0 0 0.0 86.660156 541.186523 308.964844 878.422852 0.0 0.0 0.0 0.0 0.0 0.0 0.0 0.859664
Person 0.0 0 0.0 796.464844 257.871094 926.660156 621.738281 0.0 0.0 0.0 0.0 0.0 0.0 0.0 0.868827
Person 0.0 0 0.0 527.636719 322.470703 659.238281 723.779297 0.0 0.0 0.0 0.0 0.0 0.0 0.0 0.896614
Person 0.0 0 0.0 852.275391 39.023438 936.474609 281.601562 0.0 0.0 0.0 0.0 0.0 0.0 0.0 0.900879
Person 0.0 0 0.0 992.841797 139.350586 1080.908203 483.442383 0.0 0.0 0.0 0.0 0.0 0.0 0.0 0.906322
Person 0.0 0 0.0 1530.000000 468.413086 1756.875000 809.868164 0.0 0.0 0.0 0.0 0.0 0.0 0.0 0.910227
Person 0.0 0 0.0 613.300781 15.358887 657.011719 202.565918 0.0 0.0 0.0 0.0 0.0 0.0 0.0 0.911180
Person 0.0 0 0.0 507.290039 21.621094 557.709961 210.014648 0.0 0.0 0.0 0.0 0.0 0.0 0.0 0.917303
Person 0.0 0 0.0 588.383789 13.579102 628.491211 186.284180 0.0 0.0 0.0 0.0 0.0 0.0 0.0 0.921640
Person 0.0 0 0.0 1104.228516 120.300293 1200.146484 375.402832 0.0 0.0 0.0 0.0 0.0 0.0 0.0 0.943348
Person 0.0 0 0.0 172.265625 374.941406 390.703125 726.152344 0.0 0.0 0.0 0.0 0.0 0.0 0.0 0.943971
Person 0.0 0 0.0 927.626953 65.786133 994.248047 334.995117 0.0 0.0 0.0 0.0 0.0 0.0 0.0 0.951142
