Person 0.0 0 0.0 137.651367 53.327637 179.223633 197.556152 0.0 0.0 0.0 0.0 0.0 0.0 0.0 0.763484
Person 0.0 0 0.0 1175.214844 155.830078 1296.035156 368.876953 0.0 0.0 0.0 0.0 0.0 0.0 0.0 0.796292
Person 0.0 0 0.0 1080.878906 120.102539 1165.371094 376.918945 0.0 0.0 0.0 0.0 0.0 0.0 0.0 0.854885
Person 0.0 0 0.0 312.070312 297.685547 434.179688 592.470703 0.0 0.0 0.0 0.0 0.0 0.0 0.0 0.863392
Person 0.0 0 0.0 1293.164062 510.732422 1564.335938 893.056641 0.0 0.0 0.0 0.0 0.0 0.0 0.0 0.865224
Person 0.0 0 0.0 614.941406 398.671875 792.246094 839.531250 0.0 0.0 0.0 0.0 0.0 0.0 0.0 0.868827
Person 0.0 0 0.0 807.773438 225.966797 898.476562 604.072266 0.0 0.0 0.0 0.0 0.0 0.0 0.0 0.875787
Person 0.0 0 0.0 77.226562 538.286133 309.492188 878.159180 0.0 0.0 0.0 0.0 0.0 0.0 0.0 0.884439
Person 0.0 0 0.0 961.245117 7.646484 1007.504883 177.451172 0.0 0.0 0.0 0.0 0.0 0.0 0.0 0.886027
Person 0.0 0 0.0 67.426758 65.324707 127.221680 208.630371 0.0 0.0 0.0 0.0 0.0 0.0 0.0 0.891434
Person 0.0 0 0.0 811.113281 25.839844 872.636719 189.052734 0.0 0.0 0.0 0.0 0.0 0.0 0.0 0.891811
Person 0.0 0 0.0 964.394531 155.830078 1058.730469 444.814453 0.0 0.0 0.0 0.0 0.0 0.0 0.0 0.905322
Person 0.0 0 0.0 715.136719 210.146484 826.113281 518.115234 0.0 0.0 0.0 0.0 0.0 0.0 0.0 0.910227
Person 0.0 0 0.0 612.597656 10.612793 667.089844 201.247559 0.0 0.0 0.0 0.0 0.0 0.0 0.0 0.913368
Person 0.0 0 0.0 506.689453 21.555176 556.435547 209.289551 0.0 0.0 0.0 0.0 0.0 0.0 0.0 0.917893
Person 0.0 0 0.0 545.156250 128.803711 639.843750 421.215820 0.0 0.0 0.0 0.0 0.0 0.0 0.0 0.922761
Person 0.0 0 0.0 213.339844 363.999023 402.597656 723.383789 0.0 0.0 0.0 0.0 0.0 0.0 0.0 0.934155
Person 0.0 0 0.0 583.930664 13.645020 634.819336 177.253418 0.0 0.0 0.0 0.0 0.0 0.0 0.0 0.954308
Person 0.0 0 0.0 885.820312 22.082520 951.679688 261.628418 0.0 0.0 0.0 0.0 0.0 0.0 0.0 0.955651
Person 0.0 0 0.0 692.065430 14.765625 750.747070 229.790039 0.0 0.0 0.0 0.0 0.0 0.0 0.0 0.956957
