Person 0.0 0 0.0 1844.003906 449.296875 1918.000000 660.234375 0.0 0.0 0.0 0.0 0.0 0.0 0.0 0.341583
Person 0.0 0 0.0 1777.089844 726.547852 1918.000000 1040.053711 0.0 0.0 0.0 0.0 0.0 0.0 0.0 0.464902
Person 0.0 0 0.0 19.013672 46.801758 128.173828 207.641602 0.0 0.0 0.0 0.0 0.0 0.0 0.0 0.520496
Person 0.0 0 0.0 0.556641 189.843750 68.525391 415.019531 0.0 0.0 0.0 0.0 0.0 0.0 0.0 0.562177
Person 0.0 0 0.0 1227.275391 162.685547 1305.849609 371.777344 0.0 0.0 0.0 0.0 0.0 0.0 0.0 0.639736
Person 0.0 0 0.0 1176.137695 34.277344 1208.862305 189.448242 0.0 0.0 0.0 0.0 0.0 0.0 0.0 0.643329
Person 0.0 0 0.0 591.767578 15.292969 627.919922 188.525391 0.0 0.0 0.0 0.0 0.0 0.0 0.0 0.719384
Person 0.0 0 0.0 960.292969 6.723633 1010.332031 161.630859 0.0 0.0 0.0 0.0 0.0 0.0 0.0 0.846958
Person 0.0 0 0.0 911.982422 4.581299 951.767578 118.223877 0.0 0.0 0.0 0.0 0.0 0.0 0.0 0.851953
Person 0.0 0 0.0 145.429688 47.131348 189.726562 189.382324 0.0 0.0 0.0 0.0 0.0 0.0 0.0 0.878314
Person 0.0 0 0.0 603.413086 15.754395 656.586914 205.598145 0.0 0.0 0.0 0.0 0.0 0.0 0.0 0.882428
Person 0.0 0 0.0 83.320312 549.492188 304.804688 894.375000 0.0 0.0 0.0 0.0 0.0 0.0 0.0 0.901575
Person 0.0 0 0.0 1094.165039 52.932129 1153.959961 240.534668 0.0 0.0 0.0 0.0 0.0 0.0 0.0 0.904987
Person 0.0 0 0.0 871.582031 105.073242 977.167969 403.022461 0.0 0.0 0.0 0.0 0.0 0.0 0.0 0.910863
Person 0.0 0 0.0 823.916016 111.862793 893.583984 369.074707 0.0 0.0 0.0 0.0 0.0 0.0 0.0 0.930458
Person 0.0 0 0.0 952.734375 103.754883 1016.015625 380.083008 0.0 0.0 0.0 0.0 0.0 0.0 0.0 0.935110
Person 0.0 0 0.0 473.671875 268.681641 608.203125 590.888672 0.0 0.0 0.0 0.0 0.0 0.0 0.0 0.940790
Person 0.0 0 0.0 500.434570 22.939453 553.315430 208.696289 0.0 0.0 0.0 0.0 0.0 0.0 0.0 0.946200
Person 0.0 0 0.0 151.816406 371.513672 354.902344 730.634766 0.0 0.0 0.0 0.0 0.0 0.0 0.0 0.949669
Person 0.0 0 0.0 1099.101562 117.795410 1222.148438 379.226074 0.0 0.0 0.0 0.0 0.0 0.0 0.0 0.954308
