Person 0.0 0 0.0 1806.738281 331.765137 1903.886719 561.027832 0.0 0.0 0.0 0.0 0.0 0.0 0.0 0.521471
Person 0.0 0 0.0 1166.982422 14.370117 1208.642578 191.557617 0.0 0.0 0.0 0.0 0.0 0.0 0.0 0.668880
Person 0.0 0 0.0 1209.316406 170.397949 1288.183594 380.148926 0.0 0.0 0.0 0.0 0.0 0.0 0.0 0.704973
Person 0.0 0 0.0 1770.585938 502.690430 1918.000000 792.465820 0.0 0.0 0.0 0.0 0.0 0.0 0.0 0.757077
Person 0.0 0 0.0 1466.250000 433.806152 1635.000000 669.396973 0.0 0.0 0.0 0.0 0.0 0.0 0.0 0.769773
Person 0.0 0 0.0 931.069336 2.900391 987.993164 143.041992 0.0 0.0 0.0 0.0 0.0 0.0 0.0 0.777975
Person 0.0 0 0.0 649.086914 75.739746 689.663086 285.227051 0.0 0.0 0.0 0.0 0.0 0.0 0.0 0.796925
Person 0.0 0 0.0 0.820312 679.218750 237.656250 1025.156250 0.0 0.0 0.0 0.0 0.0 0.0 0.0 0.870157
Person 0.0 0 0.0 604.658203 17.468262 650.654297 212.189941 0.0 0.0 0.0 0.0 0.0 0.0 0.0 0.894052
Person 0.0 0 0.0 142.866211 51.218262 185.727539 191.623535 0.0 0.0 0.0 0.0 0.0 0.0 0.0 0.896976
Person 0.0 0 0.0 920.771484 83.649902 1010.478516 345.871582 0.0 0.0 0.0 0.0 0.0 0.0 0.0 0.909907
Person 0.0 0 0.0 802.910156 90.834961 915.527344 388.784180 0.0 0.0 0.0 0.0 0.0 0.0 0.0 0.923039
Person 0.0 0 0.0 1072.001953 122.211914 1159.248047 367.163086 0.0 0.0 0.0 0.0 0.0 0.0 0.0 0.923868
Person 0.0 0 0.0 1184.296875 641.909180 1547.578125 1056.137695 0.0 0.0 0.0 0.0 0.0 0.0 0.0 0.935346
Person 0.0 0 0.0 84.506836 76.926270 142.836914 239.479980 0.0 0.0 0.0 0.0 0.0 0.0 0.0 0.936981
Person 0.0 0 0.0 502.558594 14.304199 565.253906 199.401855 0.0 0.0 0.0 0.0 0.0 0.0 0.0 0.938350
Person 0.0 0 0.0 39.638672 182.263184 143.876953 435.783691 0.0 0.0 0.0 0.0 0.0 0.0 0.0 0.945601
Person 0.0 0 0.0 578.510742 47.329102 635.551758 257.475586 0.0 0.0 0.0 0.0 0.0 0.0 0.0 0.946200
Person 0.0 0 0.0 104.238281 441.782227 277.792969 810.131836 0.0 0.0 0.0 0.0 0.0 0.0 0.0 0.952397
Person 0.0 0 0.0 659.648438 76.794434 725.976562 306.057129 0.0 0.0 0.0 0.0 0.0 0.0 0.0 0.957437
