Person 0.0 0 0.0 1253.525391 171.188965 1352.724609 409.943848 0.0 0.0 0.0 0.0 0.0 0.0 0.0 0.409221
Person 0.0 0 0.0 19.218750 46.801758 127.617188 208.432617 0.0 0.0 0.0 0.0 0.0 0.0 0.0 0.452294
Person 0.0 0 0.0 822.758789 117.004395 877.866211 368.151855 0.0 0.0 0.0 0.0 0.0 0.0 0.0 0.560253
Person 0.0 0 0.0 1174.365234 15.424805 1208.759766 191.953125 0.0 0.0 0.0 0.0 0.0 0.0 0.0 0.679179
Person 0.0 0 0.0 150.732422 47.065430 189.111328 189.052734 0.0 0.0 0.0 0.0 0.0 0.0 0.0 0.761361
Person 0.0 0 0.0 0.498047 202.434082 66.240234 417.722168 0.0 0.0 0.0 0.0 0.0 0.0 0.0 0.781331
Person 0.0 0 0.0 1213.388672 171.188965 1300.986328 373.029785 0.0 0.0 0.0 0.0 0.0 0.0 0.0 0.825590
Person 0.0 0 0.0 1092.539062 47.922363 1172.460938 224.187012 0.0 0.0 0.0 0.0 0.0 0.0 0.0 0.874935
Person 0.0 0 0.0 590.888672 15.095215 632.548828 186.481934 0.0 0.0 0.0 0.0 0.0 0.0 0.0 0.879974
Person 0.0 0 0.0 504.023438 23.334961 565.664062 200.786133 0.0 0.0 0.0 0.0 0.0 0.0 0.0 0.884838
Person 0.0 0 0.0 874.013672 23.071289 920.361328 148.974609 0.0 0.0 0.0 0.0 0.0 0.0 0.0 0.894789
Person 0.0 0 0.0 945.087891 1.713867 1010.537109 167.299805 0.0 0.0 0.0 0.0 0.0 0.0 0.0 0.897336
Person 0.0 0 0.0 941.044922 102.172852 1016.455078 379.555664 0.0 0.0 0.0 0.0 0.0 0.0 0.0 0.907312
Person 0.0 0 0.0 608.056641 15.161133 659.443359 205.004883 0.0 0.0 0.0 0.0 0.0 0.0 0.0 0.914596
Person 0.0 0 0.0 94.804688 551.601562 302.929688 922.851562 0.0 0.0 0.0 0.0 0.0 0.0 0.0 0.919643
Person 0.0 0 0.0 777.333984 63.347168 831.416016 299.992676 0.0 0.0 0.0 0.0 0.0 0.0 0.0 0.922761
Person 0.0 0 0.0 1098.046875 124.123535 1181.953125 378.435059 0.0 0.0 0.0 0.0 0.0 0.0 0.0 0.930205
Person 0.0 0 0.0 119.882812 386.279297 310.195312 710.595703 0.0 0.0 0.0 0.0 0.0 0.0 0.0 0.932699
Person 0.0 0 0.0 854.941406 103.886719 967.558594 399.726562 0.0 0.0 0.0 0.0 0.0 0.0 0.0 0.937211
Person 0.0 0 0.0 481.582031 119.245605 578.730469 374.348145 0.0 0.0 0.0 0.0 0.0 0.0 0.0 0.954816
