Person 0.0 0 0.0 600.439453 14.238281 657.685547 203.686523 0.0 0.0 0.0 0.0 0.0 0.0 0.0 0.538012
Person 0.0 0 0.0 1175.947266 17.731934 1209.052734 183.186035 0.0 0.0 0.0 0.0 0.0 0.0 0.0 0.594551
Person 0.0 0 0.0 789.843750 224.912109 912.656250 558.193359 0.0 0.0 0.0 0.0 0.0 0.0 0.0 0.601125
Person 0.0 0 0.0 0.615234 190.634766 76.845703 417.919922 0.0 0.0 0.0 0.0 0.0 0.0 0.0 0.607663
Person 0.0 0 0.0 918.676758 8.931885 955.385742 120.399170 0.0 0.0 0.0 0.0 0.0 0.0 0.0 0.646906
Person 0.0 0 0.0 140.112305 54.052734 181.450195 197.226562 0.0 0.0 0.0 0.0 0.0 0.0 0.0 0.756358
Person 0.0 0 0.0 588.442383 13.645020 631.245117 186.613770 0.0 0.0 0.0 0.0 0.0 0.0 0.0 0.759225
Person 0.0 0 0.0 1232.666016 165.585938 1304.208984 364.658203 0.0 0.0 0.0 0.0 0.0 0.0 0.0 0.781331
Person 0.0 0 0.0 775.488281 107.314453 853.886719 365.976562 0.0 0.0 0.0 0.0 0.0 0.0 0.0 0.825590
Person 0.0 0 0.0 1350.468750 432.949219 1563.281250 802.089844 0.0 0.0 0.0 0.0 0.0 0.0 0.0 0.858244
Person 0.0 0 0.0 58.007812 563.730469 308.085938 904.394531 0.0 0.0 0.0 0.0 0.0 0.0 0.0 0.868827
Person 0.0 0 0.0 508.461914 22.609863 559.350586 209.421387 0.0 0.0 0.0 0.0 0.0 0.0 0.0 0.871037
Person 0.0 0 0.0 145.605469 379.291992 362.988281 731.293945 0.0 0.0 0.0 0.0 0.0 0.0 0.0 0.904987
Person 0.0 0 0.0 808.007812 262.880859 921.679688 620.947266 0.0 0.0 0.0 0.0 0.0 0.0 0.0 0.911495
Person 0.0 0 0.0 698.642578 48.845215 754.482422 255.959473 0.0 0.0 0.0 0.0 0.0 0.0 0.0 0.917598
Person 0.0 0 0.0 1239.433594 71.784668 1301.191406 252.795410 0.0 0.0 0.0 0.0 0.0 0.0 0.0 0.921922
Person 0.0 0 0.0 920.419922 131.044922 995.830078 426.884766 0.0 0.0 0.0 0.0 0.0 0.0 0.0 0.923868
Person 0.0 0 0.0 1104.580078 120.761719 1199.794922 376.259766 0.0 0.0 0.0 0.0 0.0 0.0 0.0 0.924688
Person 0.0 0 0.0 961.743164 7.778320 1014.506836 154.248047 0.0 0.0 0.0 0.0 0.0 0.0 0.0 0.925500
Person 0.0 0 0.0 972.802734 92.416992 1059.697266 393.266602 0.0 0.0 0.0 0.0 0.0 0.0 0.0 0.934155
