Person 0.0 0 0.0 0.468750 189.514160 76.582031 410.603027 0.0 0.0 0.0 0.0 0.0 0.0 0.0 0.434941
Person 0.0 0 0.0 1117.968750 51.218262 1188.281250 226.164551 0.0 0.0 0.0 0.0 0.0 0.0 0.0 0.437824
Person 0.0 0 0.0 1775.800781 709.541016 1918.000000 1039.130859 0.0 0.0 0.0 0.0 0.0 0.0 0.0 0.444565
Person 0.0 0 0.0 1062.055664 12.458496 1097.944336 176.066895 0.0 0.0 0.0 0.0 0.0 0.0 0.0 0.459076
Person 0.0 0 0.0 917.724609 9.096680 959.150391 152.929688 0.0 0.0 0.0 0.0 0.0 0.0 0.0 0.473657
Person 0.0 0 0.0 1177.983398 31.574707 1208.891602 184.768066 0.0 0.0 0.0 0.0 0.0 0.0 0.0 0.542863
Person 0.0 0 0.0 69.975586 61.962891 126.899414 206.850586 0.0 0.0 0.0 0.0 0.0 0.0 0.0 0.696784
Person 0.0 0 0.0 1211.894531 166.904297 1306.230469 377.841797 0.0 0.0 0.0 0.0 0.0 0.0 0.0 0.791821
Person 0.0 0 0.0 869.648438 98.085938 985.664062 394.716797 0.0 0.0 0.0 0.0 0.0 0.0 0.0 0.832237
Person 0.0 0 0.0 805.634766 102.568359 879.052734 357.011719 0.0 0.0 0.0 0.0 0.0 0.0 0.0 0.834407
Person 0.0 0 0.0 663.867188 260.507812 803.320312 599.589844 0.0 0.0 0.0 0.0 0.0 0.0 0.0 0.850965
Person 0.0 0 0.0 85.546875 551.733398 305.156250 895.297852 0.0 0.0 0.0 0.0 0.0 0.0 0.0 0.860604
Person 0.0 0 0.0 587.358398 14.040527 631.391602 183.054199 0.0 0.0 0.0 0.0 0.0 0.0 0.0 0.885632
Person 0.0 0 0.0 140.156250 53.393555 207.656250 192.744141 0.0 0.0 0.0 0.0 0.0 0.0 0.0 0.906983
Person 0.0 0 0.0 967.500000 108.369141 1051.875000 386.279297 0.0 0.0 0.0 0.0 0.0 0.0 0.0 0.923868
Person 0.0 0 0.0 505.576172 22.478027 557.548828 209.948730 0.0 0.0 0.0 0.0 0.0 0.0 0.0 0.929440
Person 0.0 0 0.0 607.514648 13.776855 656.235352 205.598145 0.0 0.0 0.0 0.0 0.0 0.0 0.0 0.930205
Person 0.0 0 0.0 959.428711 7.316895 1011.196289 169.343262 0.0 0.0 0.0 0.0 0.0 0.0 0.0 0.935110
Person 0.0 0 0.0 538.740234 109.028320 620.009766 377.973633 0.0 0.0 0.0 0.0 0.0 0.0 0.0 0.935346
Person 0.0 0 0.0 1108.417969 121.157227 1188.457031 375.864258 0.0 0.0 0.0 0.0 0.0 0.0 0.0 0.953622
