Person 0.0 0 0.0 147.978516 248.642578 237.333984 448.505859 0.0 0.0 0.0 0.0 0.0 0.0 0.0 0.421552
Person 0.0 0 0.0 1776.972656 732.084961 1918.000000 1040.844727 0.0 0.0 0.0 0.0 0.0 0.0 0.0 0.448426
Person 0.0 0 0.0 19.511719 46.999512 127.910156 207.839355 0.0 0.0 0.0 0.0 0.0 0.0 0.0 0.521471
Person 0.0 0 0.0 588.061523 15.622559 630.688477 188.195801 0.0 0.0 0.0 0.0 0.0 0.0 0.0 0.568895
Person 0.0 0 0.0 0.234375 205.070801 65.214844 416.667480 0.0 0.0 0.0 0.0 0.0 0.0 0.0 0.653127
Person 0.0 0 0.0 1168.930664 26.169434 1208.569336 190.964355 0.0 0.0 0.0 0.0 0.0 0.0 0.0 0.689306
Person 0.0 0 0.0 1230.117188 160.576172 1301.132812 364.130859 0.0 0.0 0.0 0.0 0.0 0.0 0.0 0.775945
Person 0.0 0 0.0 149.047852 47.065430 190.327148 189.052734 0.0 0.0 0.0 0.0 0.0 0.0 0.0 0.814053
Person 0.0 0 0.0 917.622070 8.767090 956.440430 147.854004 0.0 0.0 0.0 0.0 0.0 0.0 0.0 0.848471
Person 0.0 0 0.0 510.292969 20.994873 561.269531 155.401611 0.0 0.0 0.0 0.0 0.0 0.0 0.0 0.853913
Person 0.0 0 0.0 84.257812 548.964844 304.570312 894.902344 0.0 0.0 0.0 0.0 0.0 0.0 0.0 0.867485
Person 0.0 0 0.0 603.779297 15.556641 657.158203 205.400391 0.0 0.0 0.0 0.0 0.0 0.0 0.0 0.890294
Person 0.0 0 0.0 824.033203 109.160156 892.529297 367.822266 0.0 0.0 0.0 0.0 0.0 0.0 0.0 0.906653
Person 0.0 0 0.0 1093.769531 54.843750 1154.355469 239.150391 0.0 0.0 0.0 0.0 0.0 0.0 0.0 0.911180
Person 0.0 0 0.0 868.300781 103.886719 976.699219 402.363281 0.0 0.0 0.0 0.0 0.0 0.0 0.0 0.915809
Person 0.0 0 0.0 959.970703 7.580566 1012.529297 163.806152 0.0 0.0 0.0 0.0 0.0 0.0 0.0 0.936981
Person 0.0 0 0.0 952.675781 99.667969 1031.074219 378.369141 0.0 0.0 0.0 0.0 0.0 0.0 0.0 0.937897
Person 0.0 0 0.0 1091.191406 129.331055 1173.808594 382.719727 0.0 0.0 0.0 0.0 0.0 0.0 0.0 0.949669
Person 0.0 0 0.0 134.062500 383.642578 345.468750 738.544922 0.0 0.0 0.0 0.0 0.0 0.0 0.0 0.952397
Person 0.0 0 0.0 511.494141 115.092773 588.193359 375.073242 0.0 0.0 0.0 0.0 0.0 0.0 0.0 0.956472
