Person 0.0 0 0.0 0.205078 753.837891 109.189453 1037.021484 0.0 0.0 0.0 0.0 0.0 0.0 0.0 0.362066
Person 0.0 0 0.0 1847.548828 435.322266 1918.000000 632.021484 0.0 0.0 0.0 0.0 0.0 0.0 0.0 0.393268
Person 0.0 0 0.0 1058.862305 19.379883 1097.387695 173.891602 0.0 0.0 0.0 0.0 0.0 0.0 0.0 0.404507
Person 0.0 0 0.0 19.130859 46.867676 127.705078 207.048340 0.0 0.0 0.0 0.0 0.0 0.0 0.0 0.486332
Person 0.0 0 0.0 596.381836 16.083984 629.868164 187.338867 0.0 0.0 0.0 0.0 0.0 0.0 0.0 0.512693
Person 0.0 0 0.0 507.583008 18.786621 563.979492 195.710449 0.0 0.0 0.0 0.0 0.0 0.0 0.0 0.633410
Person 0.0 0 0.0 1174.555664 28.872070 1208.569336 190.898438 0.0 0.0 0.0 0.0 0.0 0.0 0.0 0.704973
Person 0.0 0 0.0 819.492188 104.809570 889.570312 367.426758 0.0 0.0 0.0 0.0 0.0 0.0 0.0 0.718594
Person 0.0 0 0.0 794.414062 76.398926 854.648438 290.632324 0.0 0.0 0.0 0.0 0.0 0.0 0.0 0.771843
Person 0.0 0 0.0 1210.400391 154.973145 1287.099609 370.261230 0.0 0.0 0.0 0.0 0.0 0.0 0.0 0.810479
Person 0.0 0 0.0 952.998047 100.986328 1017.626953 380.478516 0.0 0.0 0.0 0.0 0.0 0.0 0.0 0.858719
Person 0.0 0 0.0 604.218750 17.138672 655.781250 209.750977 0.0 0.0 0.0 0.0 0.0 0.0 0.0 0.860604
Person 0.0 0 0.0 153.354492 48.779297 205.708008 193.139648 0.0 0.0 0.0 0.0 0.0 0.0 0.0 0.886420
Person 0.0 0 0.0 1.406250 203.356934 84.492188 424.709473 0.0 0.0 0.0 0.0 0.0 0.0 0.0 0.887595
Person 0.0 0 0.0 857.373047 102.436523 967.939453 399.858398 0.0 0.0 0.0 0.0 0.0 0.0 0.0 0.903635
Person 0.0 0 0.0 1089.082031 43.835449 1149.667969 222.341309 0.0 0.0 0.0 0.0 0.0 0.0 0.0 0.906322
Person 0.0 0 0.0 745.136719 67.763672 795.175781 271.845703 0.0 0.0 0.0 0.0 0.0 0.0 0.0 0.922482
Person 0.0 0 0.0 1099.775391 113.774414 1182.099609 376.391602 0.0 0.0 0.0 0.0 0.0 0.0 0.0 0.924142
Person 0.0 0 0.0 494.121094 50.427246 557.753906 260.705566 0.0 0.0 0.0 0.0 0.0 0.0 0.0 0.933431
Person 0.0 0 0.0 121.933594 403.286133 348.457031 753.706055 0.0 0.0 0.0 0.0 0.0 0.0 0.0 0.951142
