Person 0.0 0 0.0 72.700195 62.226562 118.081055 208.828125 0.0 0.0 0.0 0.0 0.0 0.0 0.0 0.684264
Person 0.0 0 0.0 446.425781 165.981445 540.761719 481.069336 0.0 0.0 0.0 0.0 0.0 0.0 0.0 0.791821
Person 0.0 0 0.0 557.871094 127.023926 644.003906 332.819824 0.0 0.0 0.0 0.0 0.0 0.0 0.0 0.795022
Person 0.0 0 0.0 135.307617 54.250488 178.754883 197.556152 0.0 0.0 0.0 0.0 0.0 0.0 0.0 0.833325
Person 0.0 0 0.0 1523.203125 472.500000 1750.546875 813.164062 0.0 0.0 0.0 0.0 0.0 0.0 0.0 0.843380
Person 0.0 0 0.0 1186.259766 100.656738 1279.365234 335.983887 0.0 0.0 0.0 0.0 0.0 0.0 0.0 0.849971
Person 0.0 0 0.0 1070.097656 303.750000 1196.777344 641.250000 0.0 0.0 0.0 0.0 0.0 0.0 0.0 0.877477
Person 0.0 0 0.0 784.365234 30.124512 870.322266 188.591309 0.0 0.0 0.0 0.0 0.0 0.0 0.0 0.886420
Person 0.0 0 0.0 78.574219 536.967773 308.847656 878.422852 0.0 0.0 0.0 0.0 0.0 0.0 0.0 0.893309
Person 0.0 0 0.0 610.620117 10.876465 666.254883 200.588379 0.0 0.0 0.0 0.0 0.0 0.0 0.0 0.893681
Person 0.0 0 0.0 755.859375 277.646484 874.453125 637.294922 0.0 0.0 0.0 0.0 0.0 0.0 0.0 0.901575
Person 0.0 0 0.0 1171.098633 94.921875 1228.901367 280.546875 0.0 0.0 0.0 0.0 0.0 0.0 0.0 0.906653
Person 0.0 0 0.0 527.167969 255.234375 688.769531 647.050781 0.0 0.0 0.0 0.0 0.0 0.0 0.0 0.911810
Person 0.0 0 0.0 201.972656 366.767578 395.683594 727.998047 0.0 0.0 0.0 0.0 0.0 0.0 0.0 0.924688
Person 0.0 0 0.0 511.259766 22.807617 558.427734 208.432617 0.0 0.0 0.0 0.0 0.0 0.0 0.0 0.928409
Person 0.0 0 0.0 289.746094 251.015625 414.785156 562.675781 0.0 0.0 0.0 0.0 0.0 0.0 0.0 0.928668
Person 0.0 0 0.0 690.908203 23.466797 760.341797 230.053711 0.0 0.0 0.0 0.0 0.0 0.0 0.0 0.933915
Person 0.0 0 0.0 958.300781 1.713867 1027.324219 172.836914 0.0 0.0 0.0 0.0 0.0 0.0 0.0 0.953449
Person 0.0 0 0.0 579.785156 13.315430 634.277344 187.998047 0.0 0.0 0.0 0.0 0.0 0.0 0.0 0.953622
Person 0.0 0 0.0 870.205078 23.796387 945.732422 265.715332 0.0 0.0 0.0 0.0 0.0 0.0 0.0 0.954647
