Person 0.0 0 0.0 560.683594 126.364746 650.566406 318.449707 0.0 0.0 0.0 0.0 0.0 0.0 0.0 0.638835
Person 0.0 0 0.0 1169.150391 14.633789 1208.349609 191.689453 0.0 0.0 0.0 0.0 0.0 0.0 0.0 0.686790
Person 0.0 0 0.0 138.427734 53.393555 179.619141 197.094727 0.0 0.0 0.0 0.0 0.0 0.0 0.0 0.727975
Person 0.0 0 0.0 374.472656 231.240234 510.996094 567.158203 0.0 0.0 0.0 0.0 0.0 0.0 0.0 0.762070
Person 0.0 0 0.0 783.046875 30.520020 872.578125 197.951660 0.0 0.0 0.0 0.0 0.0 0.0 0.0 0.832237
Person 0.0 0 0.0 1141.611328 102.238770 1245.263672 345.476074 0.0 0.0 0.0 0.0 0.0 0.0 0.0 0.833866
Person 0.0 0 0.0 1522.441406 471.972656 1751.308594 813.691406 0.0 0.0 0.0 0.0 0.0 0.0 0.0 0.865224
Person 0.0 0 0.0 992.343750 233.613281 1139.531250 565.839844 0.0 0.0 0.0 0.0 0.0 0.0 0.0 0.879147
Person 0.0 0 0.0 798.105469 247.851562 899.707031 600.117188 0.0 0.0 0.0 0.0 0.0 0.0 0.0 0.883638
Person 0.0 0 0.0 510.351562 22.478027 559.335938 209.157715 0.0 0.0 0.0 0.0 0.0 0.0 0.0 0.886420
Person 0.0 0 0.0 259.599609 243.632812 368.994141 547.382812 0.0 0.0 0.0 0.0 0.0 0.0 0.0 0.887205
Person 0.0 0 0.0 79.042969 535.517578 309.082031 878.818359 0.0 0.0 0.0 0.0 0.0 0.0 0.0 0.893309
Person 0.0 0 0.0 527.285156 250.488281 675.527344 648.105469 0.0 0.0 0.0 0.0 0.0 0.0 0.0 0.907640
Person 0.0 0 0.0 956.118164 1.384277 1008.881836 172.243652 0.0 0.0 0.0 0.0 0.0 0.0 0.0 0.919063
Person 0.0 0 0.0 681.796875 207.509766 817.265625 534.462891 0.0 0.0 0.0 0.0 0.0 0.0 0.0 0.926304
Person 0.0 0 0.0 872.988281 23.796387 942.949219 265.715332 0.0 0.0 0.0 0.0 0.0 0.0 0.0 0.929696
Person 0.0 0 0.0 618.339844 10.744629 666.035156 199.665527 0.0 0.0 0.0 0.0 0.0 0.0 0.0 0.939692
Person 0.0 0 0.0 175.605469 371.777344 376.582031 722.988281 0.0 0.0 0.0 0.0 0.0 0.0 0.0 0.940353
Person 0.0 0 0.0 684.873047 26.169434 749.501953 230.383301 0.0 0.0 0.0 0.0 0.0 0.0 0.0 0.947769
Person 0.0 0 0.0 581.176758 13.776855 630.073242 178.703613 0.0 0.0 0.0 0.0 0.0 0.0 0.0 0.951323
