Person 0.0 0 0.0 803.554688 100.722656 869.882812 353.847656 0.0 0.0 0.0 0.0 0.0 0.0 0.0 0.473657
Person 0.0 0 0.0 1108.916016 27.883301 1146.708984 168.420410 0.0 0.0 0.0 0.0 0.0 0.0 0.0 0.569853
Person 0.0 0 0.0 1798.652344 342.971191 1915.722656 584.626465 0.0 0.0 0.0 0.0 0.0 0.0 0.0 0.613237
Person 0.0 0 0.0 0.556641 433.015137 101.396484 693.391113 0.0 0.0 0.0 0.0 0.0 0.0 0.0 0.623377
Person 0.0 0 0.0 1262.871094 83.979492 1335.878906 210.278320 0.0 0.0 0.0 0.0 0.0 0.0 0.0 0.647798
Person 0.0 0 0.0 932.636719 3.757324 989.238281 164.597168 0.0 0.0 0.0 0.0 0.0 0.0 0.0 0.650467
Person 0.0 0 0.0 1167.377930 25.180664 1208.247070 191.557617 0.0 0.0 0.0 0.0 0.0 0.0 0.0 0.737158
Person 0.0 0 0.0 746.176758 74.816895 791.323242 269.538574 0.0 0.0 0.0 0.0 0.0 0.0 0.0 0.796292
Person 0.0 0 0.0 924.843750 104.875488 1000.781250 370.788574 0.0 0.0 0.0 0.0 0.0 0.0 0.0 0.808672
Person 0.0 0 0.0 1505.332031 447.319336 1744.042969 782.446289 0.0 0.0 0.0 0.0 0.0 0.0 0.0 0.828384
Person 0.0 0 0.0 1220.859375 164.399414 1302.890625 373.227539 0.0 0.0 0.0 0.0 0.0 0.0 0.0 0.857768
Person 0.0 0 0.0 812.812500 103.095703 916.875000 392.607422 0.0 0.0 0.0 0.0 0.0 0.0 0.0 0.873647
Person 0.0 0 0.0 508.784180 20.830078 562.778320 205.664062 0.0 0.0 0.0 0.0 0.0 0.0 0.0 0.892937
Person 0.0 0 0.0 596.455078 18.325195 651.357422 210.146484 0.0 0.0 0.0 0.0 0.0 0.0 0.0 0.897336
Person 0.0 0 0.0 70.898438 591.020508 295.898438 940.385742 0.0 0.0 0.0 0.0 0.0 0.0 0.0 0.908942
Person 0.0 0 0.0 773.613281 73.564453 842.636719 295.576172 0.0 0.0 0.0 0.0 0.0 0.0 0.0 0.913058
Person 0.0 0 0.0 139.951172 52.207031 186.298828 191.425781 0.0 0.0 0.0 0.0 0.0 0.0 0.0 0.913984
Person 0.0 0 0.0 80.068359 161.103516 174.228516 359.384766 0.0 0.0 0.0 0.0 0.0 0.0 0.0 0.929696
Person 0.0 0 0.0 118.183594 412.119141 335.566406 772.294922 0.0 0.0 0.0 0.0 0.0 0.0 0.0 0.937440
Person 0.0 0 0.0 1087.207031 125.046387 1170.292969 381.994629 0.0 0.0 0.0 0.0 0.0 0.0 0.0 0.950778
