Person 0.0 0 0.0 558.017578 126.166992 648.544922 314.165039 0.0 0.0 0.0 0.0 0.0 0.0 0.0 0.539954
Person 0.0 0 0.0 0.703125 190.107422 71.308594 418.974609 0.0 0.0 0.0 0.0 0.0 0.0 0.0 0.573678
Person 0.0 0 0.0 68.452148 64.863281 118.110352 209.091797 0.0 0.0 0.0 0.0 0.0 0.0 0.0 0.691810
Person 0.0 0 0.0 1168.066406 14.831543 1207.558594 193.732910 0.0 0.0 0.0 0.0 0.0 0.0 0.0 0.695958
Person 0.0 0 0.0 138.823242 53.261719 179.926758 197.226562 0.0 0.0 0.0 0.0 0.0 0.0 0.0 0.709019
Person 0.0 0 0.0 377.871094 230.581055 510.878906 566.762695 0.0 0.0 0.0 0.0 0.0 0.0 0.0 0.724091
Person 0.0 0 0.0 784.482422 30.322266 873.017578 198.544922 0.0 0.0 0.0 0.0 0.0 0.0 0.0 0.814643
Person 0.0 0 0.0 260.214844 244.819336 377.285156 543.559570 0.0 0.0 0.0 0.0 0.0 0.0 0.0 0.841826
Person 0.0 0 0.0 1522.265625 471.181641 1751.484375 813.427734 0.0 0.0 0.0 0.0 0.0 0.0 0.0 0.846451
Person 0.0 0 0.0 1146.005859 102.041016 1246.494141 345.146484 0.0 0.0 0.0 0.0 0.0 0.0 0.0 0.856332
Person 0.0 0 0.0 991.230469 234.404297 1136.894531 565.576172 0.0 0.0 0.0 0.0 0.0 0.0 0.0 0.858719
Person 0.0 0 0.0 511.054688 22.478027 560.507812 209.157715 0.0 0.0 0.0 0.0 0.0 0.0 0.0 0.879147
Person 0.0 0 0.0 684.755859 25.246582 749.619141 230.515137 0.0 0.0 0.0 0.0 0.0 0.0 0.0 0.889144
Person 0.0 0 0.0 78.808594 535.781250 309.316406 878.554688 0.0 0.0 0.0 0.0 0.0 0.0 0.0 0.892563
Person 0.0 0 0.0 956.367188 1.384277 1008.632812 172.243652 0.0 0.0 0.0 0.0 0.0 0.0 0.0 0.913058
Person 0.0 0 0.0 527.343750 250.620117 681.093750 647.973633 0.0 0.0 0.0 0.0 0.0 0.0 0.0 0.917893
Person 0.0 0 0.0 680.039062 207.641602 816.210938 534.331055 0.0 0.0 0.0 0.0 0.0 0.0 0.0 0.924415
Person 0.0 0 0.0 872.460938 23.862305 942.539062 265.649414 0.0 0.0 0.0 0.0 0.0 0.0 0.0 0.927100
Person 0.0 0 0.0 617.636719 10.942383 665.800781 199.731445 0.0 0.0 0.0 0.0 0.0 0.0 0.0 0.934395
Person 0.0 0 0.0 580.986328 13.776855 630.263672 179.758301 0.0 0.0 0.0 0.0 0.0 0.0 0.0 0.944995
