Person 0.0 0 0.0 72.744141 62.094727 127.763672 201.840820 0.0 0.0 0.0 0.0 0.0 0.0 0.0 0.538012
Person 0.0 0 0.0 1108.959961 28.212891 1146.665039 167.827148 0.0 0.0 0.0 0.0 0.0 0.0 0.0 0.569853
Person 0.0 0 0.0 1175.434570 16.018066 1209.565430 189.250488 0.0 0.0 0.0 0.0 0.0 0.0 0.0 0.674051
Person 0.0 0 0.0 645.424805 78.574219 686.762695 284.765625 0.0 0.0 0.0 0.0 0.0 0.0 0.0 0.752740
Person 0.0 0 0.0 933.222656 2.438965 988.652344 117.465820 0.0 0.0 0.0 0.0 0.0 0.0 0.0 0.795022
Person 0.0 0 0.0 1459.453125 456.284180 1639.921875 750.278320 0.0 0.0 0.0 0.0 0.0 0.0 0.0 0.867485
Person 0.0 0 0.0 919.775391 82.924805 996.474609 345.278320 0.0 0.0 0.0 0.0 0.0 0.0 0.0 0.868827
Person 0.0 0 0.0 1234.892578 164.860840 1300.107422 366.437988 0.0 0.0 0.0 0.0 0.0 0.0 0.0 0.869271
Person 0.0 0 0.0 26.777344 661.684570 249.082031 1006.831055 0.0 0.0 0.0 0.0 0.0 0.0 0.0 0.885235
Person 0.0 0 0.0 146.235352 51.679688 186.342773 191.557617 0.0 0.0 0.0 0.0 0.0 0.0 0.0 0.892187
Person 0.0 0 0.0 599.970703 18.852539 649.716797 212.387695 0.0 0.0 0.0 0.0 0.0 0.0 0.0 0.897336
Person 0.0 0 0.0 1648.183594 481.992188 1859.941406 832.148438 0.0 0.0 0.0 0.0 0.0 0.0 0.0 0.904987
Person 0.0 0 0.0 964.921875 502.822266 1223.203125 943.154297 0.0 0.0 0.0 0.0 0.0 0.0 0.0 0.919643
Person 0.0 0 0.0 810.761719 88.461914 944.238281 389.311523 0.0 0.0 0.0 0.0 0.0 0.0 0.0 0.924142
Person 0.0 0 0.0 55.400391 173.957520 145.107422 431.433105 0.0 0.0 0.0 0.0 0.0 0.0 0.0 0.925500
Person 0.0 0 0.0 502.675781 14.633789 568.886719 202.104492 0.0 0.0 0.0 0.0 0.0 0.0 0.0 0.927888
Person 0.0 0 0.0 1095.146484 114.960938 1184.853516 365.712891 0.0 0.0 0.0 0.0 0.0 0.0 0.0 0.950227
Person 0.0 0 0.0 660.908203 76.267090 725.654297 305.529785 0.0 0.0 0.0 0.0 0.0 0.0 0.0 0.952220
Person 0.0 0 0.0 58.417969 459.448242 268.300781 825.161133 0.0 0.0 0.0 0.0 0.0 0.0 0.0 0.956634
Person 0.0 0 0.0 561.445312 47.395020 625.429688 257.937012 0.0 0.0 0.0 0.0 0.0 0.0 0.0 0.963643
