Person 0.0 0 0.0 1770.468750 661.816406 1918.000000 1000.371094 0.0 0.0 0.0 0.0 0.0 0.0 0.0 0.412057
Person 0.0 0 0.0 1107.802734 27.817383 1145.947266 170.991211 0.0 0.0 0.0 0.0 0.0 0.0 0.0 0.506836
Person 0.0 0 0.0 1132.280273 59.490967 1190.844727 165.816650 0.0 0.0 0.0 0.0 0.0 0.0 0.0 0.561215
Person 0.0 0 0.0 918.750000 8.997803 955.312500 116.773682 0.0 0.0 0.0 0.0 0.0 0.0 0.0 0.640636
Person 0.0 0 0.0 0.703125 199.335938 73.300781 418.710938 0.0 0.0 0.0 0.0 0.0 0.0 0.0 0.709824
Person 0.0 0 0.0 70.488281 63.479004 127.089844 208.630371 0.0 0.0 0.0 0.0 0.0 0.0 0.0 0.729520
Person 0.0 0 0.0 1196.821289 43.637695 1242.553711 219.902344 0.0 0.0 0.0 0.0 0.0 0.0 0.0 0.754915
Person 0.0 0 0.0 138.281250 52.602539 183.750000 196.962891 0.0 0.0 0.0 0.0 0.0 0.0 0.0 0.842863
Person 0.0 0 0.0 1227.773438 160.971680 1301.601562 366.108398 0.0 0.0 0.0 0.0 0.0 0.0 0.0 0.846958
Person 0.0 0 0.0 89.003906 550.546875 304.511719 895.429688 0.0 0.0 0.0 0.0 0.0 0.0 0.0 0.851459
Person 0.0 0 0.0 588.896484 14.040527 630.791016 185.822754 0.0 0.0 0.0 0.0 0.0 0.0 0.0 0.885632
Person 0.0 0 0.0 603.881836 15.886230 657.055664 205.466309 0.0 0.0 0.0 0.0 0.0 0.0 0.0 0.886420
Person 0.0 0 0.0 819.023438 115.026855 898.476562 377.775879 0.0 0.0 0.0 0.0 0.0 0.0 0.0 0.890675
Person 0.0 0 0.0 959.956055 5.306396 1010.668945 122.376709 0.0 0.0 0.0 0.0 0.0 0.0 0.0 0.899121
Person 0.0 0 0.0 508.051758 21.950684 557.885742 209.685059 0.0 0.0 0.0 0.0 0.0 0.0 0.0 0.914291
Person 0.0 0 0.0 952.675781 114.169922 1016.074219 390.234375 0.0 0.0 0.0 0.0 0.0 0.0 0.0 0.927100
Person 0.0 0 0.0 722.373047 259.057617 830.126953 616.333008 0.0 0.0 0.0 0.0 0.0 0.0 0.0 0.932699
Person 0.0 0 0.0 903.808594 87.077637 970.253906 344.553223 0.0 0.0 0.0 0.0 0.0 0.0 0.0 0.937440
Person 0.0 0 0.0 153.750000 380.610352 355.781250 740.522461 0.0 0.0 0.0 0.0 0.0 0.0 0.0 0.940572
Person 0.0 0 0.0 1100.566406 123.662109 1188.808594 375.468750 0.0 0.0 0.0 0.0 0.0 0.0 0.0 0.952042
