Person 0.0 0 0.0 802.675781 99.931641 868.886719 353.847656 0.0 0.0 0.0 0.0 0.0 0.0 0.0 0.475605
Person 0.0 0 0.0 1109.707031 27.949219 1147.792969 168.354492 0.0 0.0 0.0 0.0 0.0 0.0 0.0 0.555435
Person 0.0 0 0.0 1264.482422 83.913574 1336.142578 208.498535 0.0 0.0 0.0 0.0 0.0 0.0 0.0 0.581303
Person 0.0 0 0.0 1801.787109 347.387695 1918.000000 584.956055 0.0 0.0 0.0 0.0 0.0 0.0 0.0 0.641535
Person 0.0 0 0.0 0.234375 415.415039 103.125000 698.334961 0.0 0.0 0.0 0.0 0.0 0.0 0.0 0.649579
Person 0.0 0 0.0 932.739258 3.559570 989.135742 162.026367 0.0 0.0 0.0 0.0 0.0 0.0 0.0 0.670608
Person 0.0 0 0.0 1169.912109 24.851074 1209.462891 191.491699 0.0 0.0 0.0 0.0 0.0 0.0 0.0 0.726426
Person 0.0 0 0.0 923.876953 103.095703 997.998047 370.986328 0.0 0.0 0.0 0.0 0.0 0.0 0.0 0.796925
Person 0.0 0 0.0 746.059570 75.212402 791.440430 269.670410 0.0 0.0 0.0 0.0 0.0 0.0 0.0 0.800692
Person 0.0 0 0.0 809.414062 103.095703 915.585938 392.343750 0.0 0.0 0.0 0.0 0.0 0.0 0.0 0.836020
Person 0.0 0 0.0 1505.507812 453.647461 1753.242188 782.446289 0.0 0.0 0.0 0.0 0.0 0.0 0.0 0.874507
Person 0.0 0 0.0 1216.875000 164.135742 1303.125000 374.545898 0.0 0.0 0.0 0.0 0.0 0.0 0.0 0.881207
Person 0.0 0 0.0 36.796875 589.570312 295.781250 940.781250 0.0 0.0 0.0 0.0 0.0 0.0 0.0 0.888372
Person 0.0 0 0.0 509.443359 20.632324 562.119141 206.257324 0.0 0.0 0.0 0.0 0.0 0.0 0.0 0.896251
Person 0.0 0 0.0 143.437500 51.416016 186.796875 191.821289 0.0 0.0 0.0 0.0 0.0 0.0 0.0 0.899475
Person 0.0 0 0.0 594.375000 16.677246 654.375000 209.816895 0.0 0.0 0.0 0.0 0.0 0.0 0.0 0.904987
Person 0.0 0 0.0 773.554688 73.696289 842.695312 295.708008 0.0 0.0 0.0 0.0 0.0 0.0 0.0 0.911810
Person 0.0 0 0.0 1089.052734 127.089844 1170.322266 381.533203 0.0 0.0 0.0 0.0 0.0 0.0 0.0 0.932453
Person 0.0 0 0.0 79.248047 160.576172 174.111328 359.384766 0.0 0.0 0.0 0.0 0.0 0.0 0.0 0.938576
Person 0.0 0 0.0 102.480469 414.228516 335.097656 772.294922 0.0 0.0 0.0 0.0 0.0 0.0 0.0 0.939913
