Person 0.0 0 0.0 1773.515625 665.112305 1918.000000 993.911133 0.0 0.0 0.0 0.0 0.0 0.0 0.0 0.455199
Person 0.0 0 0.0 1117.294922 27.191162 1147.705078 161.597900 0.0 0.0 0.0 0.0 0.0 0.0 0.0 0.489259
Person 0.0 0 0.0 1059.492188 61.699219 1123.007812 311.660156 0.0 0.0 0.0 0.0 0.0 0.0 0.0 0.492188
Person 0.0 0 0.0 1837.441406 416.931152 1918.000000 657.268066 0.0 0.0 0.0 0.0 0.0 0.0 0.0 0.513668
Person 0.0 0 0.0 1838.583984 319.174805 1918.000000 529.321289 0.0 0.0 0.0 0.0 0.0 0.0 0.0 0.563138
Person 0.0 0 0.0 1175.874023 33.552246 1211.000977 189.777832 0.0 0.0 0.0 0.0 0.0 0.0 0.0 0.607663
Person 0.0 0 0.0 964.379883 7.712402 1013.745117 141.657715 0.0 0.0 0.0 0.0 0.0 0.0 0.0 0.859664
Person 0.0 0 0.0 137.592773 52.668457 180.454102 196.896973 0.0 0.0 0.0 0.0 0.0 0.0 0.0 0.869715
Person 0.0 0 0.0 91.757812 546.591797 304.570312 895.166016 0.0 0.0 0.0 0.0 0.0 0.0 0.0 0.895523
Person 0.0 0 0.0 611.660156 18.786621 663.339844 205.729980 0.0 0.0 0.0 0.0 0.0 0.0 0.0 0.903975
Person 0.0 0 0.0 508.139648 21.884766 557.797852 209.750977 0.0 0.0 0.0 0.0 0.0 0.0 0.0 0.909265
Person 0.0 0 0.0 1536.621094 485.683594 1776.503906 822.128906 0.0 0.0 0.0 0.0 0.0 0.0 0.0 0.919353
Person 0.0 0 0.0 743.466797 263.540039 857.783203 617.651367 0.0 0.0 0.0 0.0 0.0 0.0 0.0 0.926570
Person 0.0 0 0.0 1180.546875 46.604004 1249.453125 226.560059 0.0 0.0 0.0 0.0 0.0 0.0 0.0 0.932453
Person 0.0 0 0.0 727.031250 68.422852 810.468750 300.981445 0.0 0.0 0.0 0.0 0.0 0.0 0.0 0.933431
Person 0.0 0 0.0 1020.966797 107.841797 1097.783203 383.115234 0.0 0.0 0.0 0.0 0.0 0.0 0.0 0.939913
Person 0.0 0 0.0 1099.423828 120.563965 1186.201172 376.721191 0.0 0.0 0.0 0.0 0.0 0.0 0.0 0.940353
Person 0.0 0 0.0 924.052734 100.722656 992.197266 384.433594 0.0 0.0 0.0 0.0 0.0 0.0 0.0 0.942507
Person 0.0 0 0.0 824.912109 212.387695 926.337891 545.932617 0.0 0.0 0.0 0.0 0.0 0.0 0.0 0.947381
Person 0.0 0 0.0 587.548828 13.974609 637.763672 187.998047 0.0 0.0 0.0 0.0 0.0 0.0 0.0 0.951323
