Person 0.0 0 0.0 19.042969 46.999512 127.792969 207.839355 0.0 0.0 0.0 0.0 0.0 0.0 0.0 0.438785
Person 0.0 0 0.0 1251.474609 170.595703 1352.900391 417.392578 0.0 0.0 0.0 0.0 0.0 0.0 0.0 0.457137
Person 0.0 0 0.0 0.908203 199.863281 64.541016 417.656250 0.0 0.0 0.0 0.0 0.0 0.0 0.0 0.659295
Person 0.0 0 0.0 1174.628906 17.072754 1208.496094 191.755371 0.0 0.0 0.0 0.0 0.0 0.0 0.0 0.664540
Person 0.0 0 0.0 824.809570 106.589355 884.252930 368.020020 0.0 0.0 0.0 0.0 0.0 0.0 0.0 0.708213
Person 0.0 0 0.0 1212.714844 170.793457 1299.785156 372.370605 0.0 0.0 0.0 0.0 0.0 0.0 0.0 0.795658
Person 0.0 0 0.0 150.498047 46.274414 190.048828 188.657227 0.0 0.0 0.0 0.0 0.0 0.0 0.0 0.815820
Person 0.0 0 0.0 886.713867 20.467529 935.786133 152.105713 0.0 0.0 0.0 0.0 0.0 0.0 0.0 0.865224
Person 0.0 0 0.0 1092.392578 47.922363 1172.607422 224.187012 0.0 0.0 0.0 0.0 0.0 0.0 0.0 0.877056
Person 0.0 0 0.0 503.964844 22.873535 561.972656 189.382324 0.0 0.0 0.0 0.0 0.0 0.0 0.0 0.878314
Person 0.0 0 0.0 591.005859 15.886230 632.431641 187.141113 0.0 0.0 0.0 0.0 0.0 0.0 0.0 0.890294
Person 0.0 0 0.0 940.605469 2.768555 1009.394531 164.926758 0.0 0.0 0.0 0.0 0.0 0.0 0.0 0.899475
Person 0.0 0 0.0 608.598633 15.292969 657.026367 205.268555 0.0 0.0 0.0 0.0 0.0 0.0 0.0 0.908618
Person 0.0 0 0.0 940.341797 101.777344 1015.283203 379.951172 0.0 0.0 0.0 0.0 0.0 0.0 0.0 0.915809
Person 0.0 0 0.0 93.925781 553.051758 303.808594 923.510742 0.0 0.0 0.0 0.0 0.0 0.0 0.0 0.925769
Person 0.0 0 0.0 110.097656 393.134766 309.667969 717.451172 0.0 0.0 0.0 0.0 0.0 0.0 0.0 0.932207
Person 0.0 0 0.0 854.941406 104.941406 967.558594 399.462891 0.0 0.0 0.0 0.0 0.0 0.0 0.0 0.933673
Person 0.0 0 0.0 1097.812500 123.134766 1182.187500 378.632812 0.0 0.0 0.0 0.0 0.0 0.0 0.0 0.936518
Person 0.0 0 0.0 485.214844 119.509277 578.847656 374.348145 0.0 0.0 0.0 0.0 0.0 0.0 0.0 0.938124
Person 0.0 0 0.0 759.140625 70.268555 820.546875 311.000977 0.0 0.0 0.0 0.0 0.0 0.0 0.0 0.953622
