Person 0.0 0 0.0 20.507812 46.801758 127.500000 208.432617 0.0 0.0 0.0 0.0 0.0 0.0 0.0 0.483405
Person 0.0 0 0.0 1066.552734 18.127441 1097.197266 103.820801 0.0 0.0 0.0 0.0 0.0 0.0 0.0 0.499023
Person 0.0 0 0.0 0.205078 189.448242 73.095703 409.614258 0.0 0.0 0.0 0.0 0.0 0.0 0.0 0.555435
Person 0.0 0 0.0 136.757812 52.734375 181.289062 196.831055 0.0 0.0 0.0 0.0 0.0 0.0 0.0 0.798815
Person 0.0 0 0.0 89.179688 546.723633 305.039062 895.034180 0.0 0.0 0.0 0.0 0.0 0.0 0.0 0.871475
Person 0.0 0 0.0 508.696289 21.884766 559.116211 209.750977 0.0 0.0 0.0 0.0 0.0 0.0 0.0 0.874935
Person 0.0 0 0.0 1230.527344 164.135742 1300.722656 363.208008 0.0 0.0 0.0 0.0 0.0 0.0 0.0 0.878314
Person 0.0 0 0.0 604.453125 19.709473 657.421875 205.993652 0.0 0.0 0.0 0.0 0.0 0.0 0.0 0.887205
Person 0.0 0 0.0 1615.195312 488.979492 1817.929688 821.997070 0.0 0.0 0.0 0.0 0.0 0.0 0.0 0.893681
Person 0.0 0 0.0 1079.589844 59.523926 1161.035156 310.671387 0.0 0.0 0.0 0.0 0.0 0.0 0.0 0.903975
Person 0.0 0 0.0 731.718750 252.993164 840.468750 616.596680 0.0 0.0 0.0 0.0 0.0 0.0 0.0 0.909265
Person 0.0 0 0.0 1178.847656 46.406250 1234.277344 219.638672 0.0 0.0 0.0 0.0 0.0 0.0 0.0 0.911810
Person 0.0 0 0.0 918.457031 9.360352 956.542969 162.685547 0.0 0.0 0.0 0.0 0.0 0.0 0.0 0.914291
Person 0.0 0 0.0 1020.380859 96.899414 1102.119141 356.352539 0.0 0.0 0.0 0.0 0.0 0.0 0.0 0.916409
Person 0.0 0 0.0 587.680664 14.238281 635.756836 186.284180 0.0 0.0 0.0 0.0 0.0 0.0 0.0 0.919063
Person 0.0 0 0.0 936.093750 100.590820 1013.906250 390.102539 0.0 0.0 0.0 0.0 0.0 0.0 0.0 0.923039
Person 0.0 0 0.0 851.074219 201.181641 982.675781 514.951172 0.0 0.0 0.0 0.0 0.0 0.0 0.0 0.928668
Person 0.0 0 0.0 188.496094 365.581055 347.285156 740.786133 0.0 0.0 0.0 0.0 0.0 0.0 0.0 0.934395
Person 0.0 0 0.0 756.210938 83.188477 848.789062 316.274414 0.0 0.0 0.0 0.0 0.0 0.0 0.0 0.935582
Person 0.0 0 0.0 1103.583984 120.300293 1185.791016 376.721191 0.0 0.0 0.0 0.0 0.0 0.0 0.0 0.948346
