Person 0.0 0 0.0 1061.352539 17.138672 1098.647461 169.936523 0.0 0.0 0.0 0.0 0.0 0.0 0.0 0.416797
Person 0.0 0 0.0 1826.660156 420.029297 1918.000000 663.134766 0.0 0.0 0.0 0.0 0.0 0.0 0.0 0.427277
Person 0.0 0 0.0 70.063477 63.479004 127.514648 207.312012 0.0 0.0 0.0 0.0 0.0 0.0 0.0 0.432063
Person 0.0 0 0.0 1172.270508 34.079590 1208.979492 191.228027 0.0 0.0 0.0 0.0 0.0 0.0 0.0 0.682574
Person 0.0 0 0.0 1210.283203 170.793457 1304.091797 379.753418 0.0 0.0 0.0 0.0 0.0 0.0 0.0 0.715424
Person 0.0 0 0.0 593.583984 15.754395 628.916016 187.668457 0.0 0.0 0.0 0.0 0.0 0.0 0.0 0.731059
Person 0.0 0 0.0 0.527344 198.017578 63.925781 420.029297 0.0 0.0 0.0 0.0 0.0 0.0 0.0 0.747616
Person 0.0 0 0.0 824.560547 105.007324 889.189453 367.756348 0.0 0.0 0.0 0.0 0.0 0.0 0.0 0.776623
Person 0.0 0 0.0 922.500000 36.650391 986.250000 203.686523 0.0 0.0 0.0 0.0 0.0 0.0 0.0 0.801315
Person 0.0 0 0.0 814.116211 28.937988 865.883789 161.169434 0.0 0.0 0.0 0.0 0.0 0.0 0.0 0.832237
Person 0.0 0 0.0 508.798828 21.192627 559.013672 148.612061 0.0 0.0 0.0 0.0 0.0 0.0 0.0 0.833866
Person 0.0 0 0.0 151.743164 48.647461 191.850586 192.875977 0.0 0.0 0.0 0.0 0.0 0.0 0.0 0.851953
Person 0.0 0 0.0 607.807617 17.072754 656.879883 205.466309 0.0 0.0 0.0 0.0 0.0 0.0 0.0 0.883638
Person 0.0 0 0.0 1089.199219 44.956055 1145.800781 223.593750 0.0 0.0 0.0 0.0 0.0 0.0 0.0 0.890294
Person 0.0 0 0.0 85.605469 558.588867 304.394531 925.356445 0.0 0.0 0.0 0.0 0.0 0.0 0.0 0.909907
Person 0.0 0 0.0 952.939453 101.381836 1017.685547 380.083008 0.0 0.0 0.0 0.0 0.0 0.0 0.0 0.924142
Person 0.0 0 0.0 1096.962891 127.155762 1179.287109 381.467285 0.0 0.0 0.0 0.0 0.0 0.0 0.0 0.927100
Person 0.0 0 0.0 509.384766 112.324219 585.615234 373.886719 0.0 0.0 0.0 0.0 0.0 0.0 0.0 0.929696
Person 0.0 0 0.0 855.498047 103.886719 967.939453 399.462891 0.0 0.0 0.0 0.0 0.0 0.0 0.0 0.940790
Person 0.0 0 0.0 145.019531 373.886719 313.183594 714.550781 0.0 0.0 0.0 0.0 0.0 0.0 0.0 0.947575
