Person 0.0 0 0.0 1776.855469 714.023438 1918.000000 1039.921875 0.0 0.0 0.0 0.0 0.0 0.0 0.0 0.437824
Person 0.0 0 0.0 1061.718750 10.480957 1098.281250 175.671387 0.0 0.0 0.0 0.0 0.0 0.0 0.0 0.440710
Person 0.0 0 0.0 18.984375 46.669922 127.382812 207.773438 0.0 0.0 0.0 0.0 0.0 0.0 0.0 0.475605
Person 0.0 0 0.0 1177.983398 28.542480 1208.891602 188.591309 0.0 0.0 0.0 0.0 0.0 0.0 0.0 0.552540
Person 0.0 0 0.0 1212.861328 166.772461 1305.263672 377.973633 0.0 0.0 0.0 0.0 0.0 0.0 0.0 0.743913
Person 0.0 0 0.0 918.530273 8.701172 956.469727 159.653320 0.0 0.0 0.0 0.0 0.0 0.0 0.0 0.749087
Person 0.0 0 0.0 149.384766 48.449707 188.115234 189.382324 0.0 0.0 0.0 0.0 0.0 0.0 0.0 0.780662
Person 0.0 0 0.0 566.718750 255.498047 713.906250 594.052734 0.0 0.0 0.0 0.0 0.0 0.0 0.0 0.851953
Person 0.0 0 0.0 85.546875 548.569336 305.156250 895.297852 0.0 0.0 0.0 0.0 0.0 0.0 0.0 0.873647
Person 0.0 0 0.0 505.253906 22.082520 556.933594 165.651855 0.0 0.0 0.0 0.0 0.0 0.0 0.0 0.881615
Person 0.0 0 0.0 784.218750 109.819336 873.281250 357.934570 0.0 0.0 0.0 0.0 0.0 0.0 0.0 0.882022
Person 0.0 0 0.0 1094.794922 51.218262 1183.330078 239.875488 0.0 0.0 0.0 0.0 0.0 0.0 0.0 0.888372
Person 0.0 0 0.0 588.852539 13.579102 629.897461 186.943359 0.0 0.0 0.0 0.0 0.0 0.0 0.0 0.888759
Person 0.0 0 0.0 606.386719 13.183594 656.425781 205.532227 0.0 0.0 0.0 0.0 0.0 0.0 0.0 0.889912
Person 0.0 0 0.0 860.683594 103.886719 987.128906 402.363281 0.0 0.0 0.0 0.0 0.0 0.0 0.0 0.925230
Person 0.0 0 0.0 1108.564453 120.563965 1188.310547 376.721191 0.0 0.0 0.0 0.0 0.0 0.0 0.0 0.933673
Person 0.0 0 0.0 956.923828 8.371582 1011.826172 168.684082 0.0 0.0 0.0 0.0 0.0 0.0 0.0 0.940790
Person 0.0 0 0.0 159.082031 379.687500 375.292969 740.390625 0.0 0.0 0.0 0.0 0.0 0.0 0.0 0.944177
Person 0.0 0 0.0 495.410156 119.113770 572.402344 378.171387 0.0 0.0 0.0 0.0 0.0 0.0 0.0 0.948537
Person 0.0 0 0.0 967.089844 104.150391 1044.785156 386.015625 0.0 0.0 0.0 0.0 0.0 0.0 0.0 0.950041
