Person 0.0 0 0.0 785.273438 206.982422 857.226562 558.193359 0.0 0.0 0.0 0.0 0.0 0.0 0.0 0.680029
Person 0.0 0 0.0 615.146484 15.358887 657.041016 180.681152 0.0 0.0 0.0 0.0 0.0 0.0 0.0 0.793746
Person 0.0 0 0.0 962.709961 4.284668 1009.790039 123.398438 0.0 0.0 0.0 0.0 0.0 0.0 0.0 0.798187
Person 0.0 0 0.0 916.948242 8.635254 955.239258 168.024902 0.0 0.0 0.0 0.0 0.0 0.0 0.0 0.814053
Person 0.0 0 0.0 1237.705078 164.135742 1304.794922 366.372070 0.0 0.0 0.0 0.0 0.0 0.0 0.0 0.821044
Person 0.0 0 0.0 138.925781 53.986816 178.652344 197.292480 0.0 0.0 0.0 0.0 0.0 0.0 0.0 0.822189
Person 0.0 0 0.0 76.230469 541.186523 309.082031 878.422852 0.0 0.0 0.0 0.0 0.0 0.0 0.0 0.854399
Person 0.0 0 0.0 492.011719 262.089844 629.238281 625.429688 0.0 0.0 0.0 0.0 0.0 0.0 0.0 0.868827
Person 0.0 0 0.0 800.859375 257.871094 923.203125 621.738281 0.0 0.0 0.0 0.0 0.0 0.0 0.0 0.885235
Person 0.0 0 0.0 992.724609 138.955078 1079.150391 483.310547 0.0 0.0 0.0 0.0 0.0 0.0 0.0 0.890675
Person 0.0 0 0.0 838.769531 37.375488 927.480469 281.403809 0.0 0.0 0.0 0.0 0.0 0.0 0.0 0.895523
Person 0.0 0 0.0 677.197266 108.632812 770.302734 387.861328 0.0 0.0 0.0 0.0 0.0 0.0 0.0 0.900179
Person 0.0 0 0.0 1530.117188 468.808594 1758.632812 809.472656 0.0 0.0 0.0 0.0 0.0 0.0 0.0 0.900879
Person 0.0 0 0.0 587.299805 13.513184 628.637695 186.745605 0.0 0.0 0.0 0.0 0.0 0.0 0.0 0.907967
Person 0.0 0 0.0 615.937500 175.341797 734.062500 469.072266 0.0 0.0 0.0 0.0 0.0 0.0 0.0 0.913368
Person 0.0 0 0.0 1102.353516 121.157227 1187.021484 375.864258 0.0 0.0 0.0 0.0 0.0 0.0 0.0 0.914291
Person 0.0 0 0.0 198.281250 363.999023 370.312500 726.547852 0.0 0.0 0.0 0.0 0.0 0.0 0.0 0.916110
Person 0.0 0 0.0 504.360352 21.687012 557.827148 210.344238 0.0 0.0 0.0 0.0 0.0 0.0 0.0 0.917598
Person 0.0 0 0.0 1698.925781 482.387695 1906.699219 784.291992 0.0 0.0 0.0 0.0 0.0 0.0 0.0 0.924142
Person 0.0 0 0.0 933.369141 69.741211 997.880859 334.995117 0.0 0.0 0.0 0.0 0.0 0.0 0.0 0.938801
