Person 0.0 0 0.0 0.527344 540.131836 155.683594 865.766602 0.0 0.0 0.0 0.0 0.0 0.0 0.0 0.653127
Person 0.0 0 0.0 1169.384766 19.313965 1208.115234 187.009277 0.0 0.0 0.0 0.0 0.0 0.0 0.0 0.699254
Person 0.0 0 0.0 712.119141 216.738281 795.380859 533.671875 0.0 0.0 0.0 0.0 0.0 0.0 0.0 0.720958
Person 0.0 0 0.0 138.237305 54.382324 179.340820 197.424316 0.0 0.0 0.0 0.0 0.0 0.0 0.0 0.796292
Person 0.0 0 0.0 1169.648438 103.754883 1271.601562 335.786133 0.0 0.0 0.0 0.0 0.0 0.0 0.0 0.808672
Person 0.0 0 0.0 443.759766 184.570312 539.677734 497.285156 0.0 0.0 0.0 0.0 0.0 0.0 0.0 0.812272
Person 0.0 0 0.0 1169.003906 94.987793 1229.121094 279.689941 0.0 0.0 0.0 0.0 0.0 0.0 0.0 0.819893
Person 0.0 0 0.0 1523.027344 471.049805 1750.722656 813.559570 0.0 0.0 0.0 0.0 0.0 0.0 0.0 0.850965
Person 0.0 0 0.0 786.181641 29.597168 871.318359 187.141113 0.0 0.0 0.0 0.0 0.0 0.0 0.0 0.875787
Person 0.0 0 0.0 80.566406 535.913086 308.261719 878.422852 0.0 0.0 0.0 0.0 0.0 0.0 0.0 0.888759
Person 0.0 0 0.0 1061.601562 299.531250 1195.898438 639.140625 0.0 0.0 0.0 0.0 0.0 0.0 0.0 0.892563
Person 0.0 0 0.0 628.081055 11.535645 668.481445 201.379395 0.0 0.0 0.0 0.0 0.0 0.0 0.0 0.899475
Person 0.0 0 0.0 525.820312 257.211914 686.367188 647.182617 0.0 0.0 0.0 0.0 0.0 0.0 0.0 0.913058
Person 0.0 0 0.0 511.757812 22.873535 560.742188 209.553223 0.0 0.0 0.0 0.0 0.0 0.0 0.0 0.921074
Person 0.0 0 0.0 871.669922 22.675781 943.330078 265.517578 0.0 0.0 0.0 0.0 0.0 0.0 0.0 0.930458
Person 0.0 0 0.0 229.863281 358.725586 395.917969 728.657227 0.0 0.0 0.0 0.0 0.0 0.0 0.0 0.934155
Person 0.0 0 0.0 971.616211 1.845703 1023.383789 171.782227 0.0 0.0 0.0 0.0 0.0 0.0 0.0 0.938576
Person 0.0 0 0.0 282.832031 261.298828 414.199219 565.048828 0.0 0.0 0.0 0.0 0.0 0.0 0.0 0.938801
Person 0.0 0 0.0 743.964844 273.559570 874.160156 636.635742 0.0 0.0 0.0 0.0 0.0 0.0 0.0 0.941007
Person 0.0 0 0.0 579.858398 13.579102 632.329102 183.515625 0.0 0.0 0.0 0.0 0.0 0.0 0.0 0.955152
