Person 0.0 0 0.0 1055.258789 7.185059 1097.241211 177.648926 0.0 0.0 0.0 0.0 0.0 0.0 0.0 0.420600
Person 0.0 0 0.0 1773.515625 710.727539 1918.000000 1022.124023 0.0 0.0 0.0 0.0 0.0 0.0 0.0 0.441673
Person 0.0 0 0.0 18.427734 46.999512 127.587891 207.839355 0.0 0.0 0.0 0.0 0.0 0.0 0.0 0.445530
Person 0.0 0 0.0 503.583984 23.071289 558.603516 170.200195 0.0 0.0 0.0 0.0 0.0 0.0 0.0 0.508788
Person 0.0 0 0.0 0.527344 190.898438 66.972656 420.292969 0.0 0.0 0.0 0.0 0.0 0.0 0.0 0.549641
Person 0.0 0 0.0 1174.687500 16.743164 1208.437500 191.425781 0.0 0.0 0.0 0.0 0.0 0.0 0.0 0.644225
Person 0.0 0 0.0 825.849609 106.127930 885.087891 367.954102 0.0 0.0 0.0 0.0 0.0 0.0 0.0 0.726426
Person 0.0 0 0.0 1211.982422 171.057129 1300.517578 368.415527 0.0 0.0 0.0 0.0 0.0 0.0 0.0 0.755637
Person 0.0 0 0.0 590.888672 15.029297 631.611328 186.547852 0.0 0.0 0.0 0.0 0.0 0.0 0.0 0.809878
Person 0.0 0 0.0 140.800781 46.801758 189.433594 188.525391 0.0 0.0 0.0 0.0 0.0 0.0 0.0 0.845433
Person 0.0 0 0.0 1091.953125 48.251953 1173.046875 223.857422 0.0 0.0 0.0 0.0 0.0 0.0 0.0 0.868827
Person 0.0 0 0.0 892.470703 19.083252 941.279297 152.567139 0.0 0.0 0.0 0.0 0.0 0.0 0.0 0.882833
Person 0.0 0 0.0 941.953125 4.020996 1009.921875 164.597168 0.0 0.0 0.0 0.0 0.0 0.0 0.0 0.896976
Person 0.0 0 0.0 608.027344 15.556641 656.660156 205.400391 0.0 0.0 0.0 0.0 0.0 0.0 0.0 0.903975
Person 0.0 0 0.0 940.195312 101.645508 1015.429688 379.819336 0.0 0.0 0.0 0.0 0.0 0.0 0.0 0.920218
Person 0.0 0 0.0 97.500000 551.733398 303.750000 923.774414 0.0 0.0 0.0 0.0 0.0 0.0 0.0 0.926304
Person 0.0 0 0.0 488.876953 119.707031 578.935547 374.150391 0.0 0.0 0.0 0.0 0.0 0.0 0.0 0.927888
Person 0.0 0 0.0 1097.197266 122.739258 1182.802734 378.237305 0.0 0.0 0.0 0.0 0.0 0.0 0.0 0.928149
Person 0.0 0 0.0 856.318359 105.336914 967.119141 399.594727 0.0 0.0 0.0 0.0 0.0 0.0 0.0 0.935582
Person 0.0 0 0.0 751.464844 73.498535 814.160156 311.462402 0.0 0.0 0.0 0.0 0.0 0.0 0.0 0.938801
