Person 0.0 0 0.0 1056.826172 8.305664 1097.548828 175.869141 0.0 0.0 0.0 0.0 0.0 0.0 0.0 0.335460
Person 0.0 0 0.0 1777.089844 725.229492 1918.000000 1040.317383 0.0 0.0 0.0 0.0 0.0 0.0 0.0 0.430147
Person 0.0 0 0.0 0.585938 191.096191 67.968750 415.876465 0.0 0.0 0.0 0.0 0.0 0.0 0.0 0.535098
Person 0.0 0 0.0 1175.009766 19.907227 1208.115234 187.866211 0.0 0.0 0.0 0.0 0.0 0.0 0.0 0.658418
Person 0.0 0 0.0 591.870117 15.622559 627.817383 188.195801 0.0 0.0 0.0 0.0 0.0 0.0 0.0 0.737158
Person 0.0 0 0.0 1227.392578 161.696777 1307.607422 371.184082 0.0 0.0 0.0 0.0 0.0 0.0 0.0 0.753467
Person 0.0 0 0.0 146.513672 46.867676 188.642578 188.854980 0.0 0.0 0.0 0.0 0.0 0.0 0.0 0.844922
Person 0.0 0 0.0 911.586914 6.229248 952.163086 114.796143 0.0 0.0 0.0 0.0 0.0 0.0 0.0 0.867036
Person 0.0 0 0.0 607.338867 15.820312 656.411133 205.532227 0.0 0.0 0.0 0.0 0.0 0.0 0.0 0.874507
Person 0.0 0 0.0 82.031250 547.646484 304.687500 895.166016 0.0 0.0 0.0 0.0 0.0 0.0 0.0 0.884439
Person 0.0 0 0.0 960.468750 7.448730 1012.031250 156.159668 0.0 0.0 0.0 0.0 0.0 0.0 0.0 0.890294
Person 0.0 0 0.0 822.714844 108.830566 886.347656 368.151855 0.0 0.0 0.0 0.0 0.0 0.0 0.0 0.894421
Person 0.0 0 0.0 869.296875 103.886719 983.203125 402.363281 0.0 0.0 0.0 0.0 0.0 0.0 0.0 0.899475
Person 0.0 0 0.0 1092.949219 52.866211 1153.300781 240.600586 0.0 0.0 0.0 0.0 0.0 0.0 0.0 0.907312
Person 0.0 0 0.0 330.000000 270.527344 474.843750 581.660156 0.0 0.0 0.0 0.0 0.0 0.0 0.0 0.910863
Person 0.0 0 0.0 160.957031 369.536133 348.574219 729.448242 0.0 0.0 0.0 0.0 0.0 0.0 0.0 0.916409
Person 0.0 0 0.0 952.207031 103.491211 1014.667969 380.346680 0.0 0.0 0.0 0.0 0.0 0.0 0.0 0.923039
Person 0.0 0 0.0 500.126953 23.071289 552.685547 206.586914 0.0 0.0 0.0 0.0 0.0 0.0 0.0 0.924415
Person 0.0 0 0.0 1099.687500 120.827637 1217.812500 378.303223 0.0 0.0 0.0 0.0 0.0 0.0 0.0 0.952574
Person 0.0 0 0.0 512.285156 118.454590 595.839844 374.611816 0.0 0.0 0.0 0.0 0.0 0.0 0.0 0.960510
