Person 0.0 0 0.0 1060.415039 24.257812 1097.709961 171.386719 0.0 0.0 0.0 0.0 0.0 0.0 0.0 0.417746
Person 0.0 0 0.0 1255.517578 166.772461 1350.732422 411.196289 0.0 0.0 0.0 0.0 0.0 0.0 0.0 0.437824
Person 0.0 0 0.0 19.218750 47.065430 127.617188 208.168945 0.0 0.0 0.0 0.0 0.0 0.0 0.0 0.461988
Person 0.0 0 0.0 1301.762695 98.085938 1353.237305 205.136719 0.0 0.0 0.0 0.0 0.0 0.0 0.0 0.545770
Person 0.0 0 0.0 593.466797 15.688477 629.970703 189.184570 0.0 0.0 0.0 0.0 0.0 0.0 0.0 0.672332
Person 0.0 0 0.0 822.275391 105.007324 890.537109 367.756348 0.0 0.0 0.0 0.0 0.0 0.0 0.0 0.676620
Person 0.0 0 0.0 1225.986328 171.188965 1301.513672 373.029785 0.0 0.0 0.0 0.0 0.0 0.0 0.0 0.757794
Person 0.0 0 0.0 1174.555664 21.752930 1208.569336 190.898438 0.0 0.0 0.0 0.0 0.0 0.0 0.0 0.773901
Person 0.0 0 0.0 74.414062 585.219727 287.226562 925.092773 0.0 0.0 0.0 0.0 0.0 0.0 0.0 0.819893
Person 0.0 0 0.0 606.723633 15.292969 656.088867 205.268555 0.0 0.0 0.0 0.0 0.0 0.0 0.0 0.862468
Person 0.0 0 0.0 160.488281 390.102539 335.917969 755.288086 0.0 0.0 0.0 0.0 0.0 0.0 0.0 0.862930
Person 0.0 0 0.0 951.123047 100.722656 1015.751953 380.214844 0.0 0.0 0.0 0.0 0.0 0.0 0.0 0.870157
Person 0.0 0 0.0 151.069336 50.163574 199.321289 193.073730 0.0 0.0 0.0 0.0 0.0 0.0 0.0 0.894421
Person 0.0 0 0.0 858.017578 102.041016 968.232422 399.726562 0.0 0.0 0.0 0.0 0.0 0.0 0.0 0.912124
Person 0.0 0 0.0 1087.338867 44.230957 1145.786133 222.868652 0.0 0.0 0.0 0.0 0.0 0.0 0.0 0.915507
Person 0.0 0 0.0 775.869141 64.995117 841.318359 289.116211 0.0 0.0 0.0 0.0 0.0 0.0 0.0 0.935110
Person 0.0 0 0.0 540.878906 83.452148 617.871094 328.139648 0.0 0.0 0.0 0.0 0.0 0.0 0.0 0.937669
Person 0.0 0 0.0 1093.798828 118.981934 1180.576172 380.148926 0.0 0.0 0.0 0.0 0.0 0.0 0.0 0.947186
Person 0.0 0 0.0 510.351562 19.313965 560.273438 206.784668 0.0 0.0 0.0 0.0 0.0 0.0 0.0 0.947381
Person 0.0 0 0.0 688.007812 47.856445 748.242188 238.754883 0.0 0.0 0.0 0.0 0.0 0.0 0.0 0.958847
