Person 0.0 0 0.0 207.172852 47.098389 230.405273 175.836182 0.0 0.0 0.0 0.0 0.0 0.0 0.0 0.370225
Person 0.0 0 0.0 20.039062 47.131348 128.203125 201.643066 0.0 0.0 0.0 0.0 0.0 0.0 0.0 0.481454
Person 0.0 0 0.0 1838.203125 381.730957 1918.000000 618.640137 0.0 0.0 0.0 0.0 0.0 0.0 0.0 0.522446
Person 0.0 0 0.0 1108.916016 27.619629 1146.708984 170.134277 0.0 0.0 0.0 0.0 0.0 0.0 0.0 0.538983
Person 0.0 0 0.0 1174.262695 17.402344 1208.862305 191.821289 0.0 0.0 0.0 0.0 0.0 0.0 0.0 0.735642
Person 0.0 0 0.0 946.655273 102.832031 995.844727 382.324219 0.0 0.0 0.0 0.0 0.0 0.0 0.0 0.811676
Person 0.0 0 0.0 1224.580078 167.299805 1304.794922 374.282227 0.0 0.0 0.0 0.0 0.0 0.0 0.0 0.831691
Person 0.0 0 0.0 987.202148 20.302734 1032.172852 162.817383 0.0 0.0 0.0 0.0 0.0 0.0 0.0 0.842863
Person 0.0 0 0.0 749.516602 69.082031 790.795898 270.527344 0.0 0.0 0.0 0.0 0.0 0.0 0.0 0.869271
Person 0.0 0 0.0 145.502930 51.218262 186.606445 191.623535 0.0 0.0 0.0 0.0 0.0 0.0 0.0 0.882428
Person 0.0 0 0.0 871.728516 104.282227 981.708984 399.858398 0.0 0.0 0.0 0.0 0.0 0.0 0.0 0.898053
Person 0.0 0 0.0 508.286133 20.500488 560.463867 206.389160 0.0 0.0 0.0 0.0 0.0 0.0 0.0 0.912436
Person 0.0 0 0.0 594.038086 16.281738 647.211914 211.003418 0.0 0.0 0.0 0.0 0.0 0.0 0.0 0.917598
Person 0.0 0 0.0 67.265625 574.277344 288.046875 925.488281 0.0 0.0 0.0 0.0 0.0 0.0 0.0 0.931960
Person 0.0 0 0.0 1095.380859 117.861328 1177.119141 377.841797 0.0 0.0 0.0 0.0 0.0 0.0 0.0 0.938350
Person 0.0 0 0.0 63.105469 170.727539 143.144531 389.838867 0.0 0.0 0.0 0.0 0.0 0.0 0.0 0.950960
Person 0.0 0 0.0 1655.507812 497.680664 1875.117188 812.241211 0.0 0.0 0.0 0.0 0.0 0.0 0.0 0.953794
Person 0.0 0 0.0 114.785156 406.318359 336.621094 771.767578 0.0 0.0 0.0 0.0 0.0 0.0 0.0 0.955651
Person 0.0 0 0.0 796.640625 100.920410 879.609375 346.003418 0.0 0.0 0.0 0.0 0.0 0.0 0.0 0.960952
Person 0.0 0 0.0 764.941406 74.091797 828.808594 296.894531 0.0 0.0 0.0 0.0 0.0 0.0 0.0 0.965250
