Person 0.0 0 0.0 74.296875 62.193604 118.242188 186.580811 0.0 0.0 0.0 0.0 0.0 0.0 0.0 0.390476
Person 0.0 0 0.0 18.544922 47.131348 117.744141 187.800293 0.0 0.0 0.0 0.0 0.0 0.0 0.0 0.441673
Person 0.0 0 0.0 1107.363281 27.158203 1146.386719 170.991211 0.0 0.0 0.0 0.0 0.0 0.0 0.0 0.491212
Person 0.0 0 0.0 1809.287109 380.280762 1918.000000 619.562988 0.0 0.0 0.0 0.0 0.0 0.0 0.0 0.518546
Person 0.0 0 0.0 1230.439453 168.354492 1304.560547 372.700195 0.0 0.0 0.0 0.0 0.0 0.0 0.0 0.625209
Person 0.0 0 0.0 940.971680 11.535645 994.028320 170.002441 0.0 0.0 0.0 0.0 0.0 0.0 0.0 0.627038
Person 0.0 0 0.0 1174.423828 17.270508 1208.701172 190.898438 0.0 0.0 0.0 0.0 0.0 0.0 0.0 0.706596
Person 0.0 0 0.0 1617.832031 466.303711 1832.167969 810.922852 0.0 0.0 0.0 0.0 0.0 0.0 0.0 0.801936
Person 0.0 0 0.0 750.996094 69.345703 793.066406 270.000000 0.0 0.0 0.0 0.0 0.0 0.0 0.0 0.863852
Person 0.0 0 0.0 600.161133 15.358887 652.338867 210.344238 0.0 0.0 0.0 0.0 0.0 0.0 0.0 0.865679
Person 0.0 0 0.0 138.105469 49.438477 186.269531 191.293945 0.0 0.0 0.0 0.0 0.0 0.0 0.0 0.869271
Person 0.0 0 0.0 935.507812 102.832031 995.742188 381.533203 0.0 0.0 0.0 0.0 0.0 0.0 0.0 0.877477
Person 0.0 0 0.0 509.150391 20.830078 560.537109 206.455078 0.0 0.0 0.0 0.0 0.0 0.0 0.0 0.901921
Person 0.0 0 0.0 69.199219 575.727539 287.285156 926.147461 0.0 0.0 0.0 0.0 0.0 0.0 0.0 0.908942
Person 0.0 0 0.0 802.617188 98.811035 876.445312 347.321777 0.0 0.0 0.0 0.0 0.0 0.0 0.0 0.921074
Person 0.0 0 0.0 849.960938 93.076172 960.351562 397.880859 0.0 0.0 0.0 0.0 0.0 0.0 0.0 0.926037
Person 0.0 0 0.0 772.148438 72.114258 835.664062 296.235352 0.0 0.0 0.0 0.0 0.0 0.0 0.0 0.926570
Person 0.0 0 0.0 1098.017578 123.728027 1178.232422 377.775879 0.0 0.0 0.0 0.0 0.0 0.0 0.0 0.934872
Person 0.0 0 0.0 125.507812 408.823242 336.914062 772.426758 0.0 0.0 0.0 0.0 0.0 0.0 0.0 0.939025
Person 0.0 0 0.0 76.582031 160.378418 161.894531 360.109863 0.0 0.0 0.0 0.0 0.0 0.0 0.0 0.950411
