Person 0.0 0 0.0 74.780273 62.094727 127.250977 205.268555 0.0 0.0 0.0 0.0 0.0 0.0 0.0 0.369315
Person 0.0 0 0.0 616.552734 16.182861 650.947266 131.605225 0.0 0.0 0.0 0.0 0.0 0.0 0.0 0.397938
Person 0.0 0 0.0 19.599609 46.933594 127.001953 206.586914 0.0 0.0 0.0 0.0 0.0 0.0 0.0 0.399812
Person 0.0 0 0.0 1836.093750 380.280762 1918.000000 616.398926 0.0 0.0 0.0 0.0 0.0 0.0 0.0 0.460046
Person 0.0 0 0.0 1061.879883 23.796387 1098.120117 168.024902 0.0 0.0 0.0 0.0 0.0 0.0 0.0 0.517571
Person 0.0 0 0.0 815.888672 105.139160 887.548828 369.470215 0.0 0.0 0.0 0.0 0.0 0.0 0.0 0.687630
Person 0.0 0 0.0 1170.424805 31.772461 1208.950195 191.162109 0.0 0.0 0.0 0.0 0.0 0.0 0.0 0.699254
Person 0.0 0 0.0 0.615234 202.961426 79.599609 422.468262 0.0 0.0 0.0 0.0 0.0 0.0 0.0 0.717012
Person 0.0 0 0.0 796.523438 76.728516 858.164062 290.302734 0.0 0.0 0.0 0.0 0.0 0.0 0.0 0.820469
Person 0.0 0 0.0 1225.136719 170.925293 1302.363281 371.711426 0.0 0.0 0.0 0.0 0.0 0.0 0.0 0.821617
Person 0.0 0 0.0 72.714844 571.245117 288.222656 926.411133 0.0 0.0 0.0 0.0 0.0 0.0 0.0 0.861072
Person 0.0 0 0.0 152.285156 48.845215 206.074219 193.073730 0.0 0.0 0.0 0.0 0.0 0.0 0.0 0.868381
Person 0.0 0 0.0 951.005859 101.250000 1021.494141 380.214844 0.0 0.0 0.0 0.0 0.0 0.0 0.0 0.895157
Person 0.0 0 0.0 853.623047 101.909180 967.939453 399.594727 0.0 0.0 0.0 0.0 0.0 0.0 0.0 0.899828
Person 0.0 0 0.0 745.356445 72.246094 796.831055 271.582031 0.0 0.0 0.0 0.0 0.0 0.0 0.0 0.909586
Person 0.0 0 0.0 509.106445 19.841309 560.581055 206.652832 0.0 0.0 0.0 0.0 0.0 0.0 0.0 0.912748
Person 0.0 0 0.0 1084.628906 42.451172 1146.621094 223.066406 0.0 0.0 0.0 0.0 0.0 0.0 0.0 0.928926
Person 0.0 0 0.0 1090.751953 126.298828 1170.498047 379.687500 0.0 0.0 0.0 0.0 0.0 0.0 0.0 0.929951
Person 0.0 0 0.0 590.039062 21.621094 650.273438 210.410156 0.0 0.0 0.0 0.0 0.0 0.0 0.0 0.934395
Person 0.0 0 0.0 136.171875 384.565430 306.093750 753.442383 0.0 0.0 0.0 0.0 0.0 0.0 0.0 0.935582
