Person 0.0 0 0.0 797.666016 61.171875 870.146484 278.437500 0.0 0.0 0.0 0.0 0.0 0.0 0.0 0.346873
Person 0.0 0 0.0 20.742188 46.472168 124.804688 204.807129 0.0 0.0 0.0 0.0 0.0 0.0 0.0 0.397003
Person 0.0 0 0.0 1807.031250 330.974121 1905.468750 560.764160 0.0 0.0 0.0 0.0 0.0 0.0 0.0 0.443600
Person 0.0 0 0.0 149.721680 45.747070 190.122070 194.062500 0.0 0.0 0.0 0.0 0.0 0.0 0.0 0.446495
Person 0.0 0 0.0 1110.322266 29.399414 1147.177734 167.695312 0.0 0.0 0.0 0.0 0.0 0.0 0.0 0.457137
Person 0.0 0 0.0 932.797852 2.373047 989.077148 144.624023 0.0 0.0 0.0 0.0 0.0 0.0 0.0 0.619701
Person 0.0 0 0.0 1175.566406 18.720703 1209.433594 190.898438 0.0 0.0 0.0 0.0 0.0 0.0 0.0 0.654011
Person 0.0 0 0.0 73.886719 427.148438 234.082031 723.515625 0.0 0.0 0.0 0.0 0.0 0.0 0.0 0.800692
Person 0.0 0 0.0 599.970703 17.600098 652.529297 210.871582 0.0 0.0 0.0 0.0 0.0 0.0 0.0 0.819893
Person 0.0 0 0.0 1196.777344 156.621094 1268.847656 372.832031 0.0 0.0 0.0 0.0 0.0 0.0 0.0 0.835484
Person 0.0 0 0.0 129.125977 74.882812 184.467773 229.658203 0.0 0.0 0.0 0.0 0.0 0.0 0.0 0.882428
Person 0.0 0 0.0 920.185547 90.637207 999.814453 344.948730 0.0 0.0 0.0 0.0 0.0 0.0 0.0 0.884838
Person 0.0 0 0.0 140.742188 641.381836 360.351562 1019.750977 0.0 0.0 0.0 0.0 0.0 0.0 0.0 0.903294
Person 0.0 0 0.0 507.656250 13.183594 571.406250 195.644531 0.0 0.0 0.0 0.0 0.0 0.0 0.0 0.910545
Person 0.0 0 0.0 1264.628906 402.495117 1425.996094 729.184570 0.0 0.0 0.0 0.0 0.0 0.0 0.0 0.913984
Person 0.0 0 0.0 815.830078 94.262695 914.794922 386.411133 0.0 0.0 0.0 0.0 0.0 0.0 0.0 0.915205
Person 0.0 0 0.0 651.196289 74.619141 698.803711 284.238281 0.0 0.0 0.0 0.0 0.0 0.0 0.0 0.920790
Person 0.0 0 0.0 687.539062 77.387695 755.273438 308.891602 0.0 0.0 0.0 0.0 0.0 0.0 0.0 0.927363
Person 0.0 0 0.0 39.843750 180.747070 139.921875 434.663086 0.0 0.0 0.0 0.0 0.0 0.0 0.0 0.949856
Person 0.0 0 0.0 1086.386719 115.026855 1176.738281 367.492676 0.0 0.0 0.0 0.0 0.0 0.0 0.0 0.951504
