Person 0.0 0 0.0 1061.850586 25.180664 1098.149414 167.299805 0.0 0.0 0.0 0.0 0.0 0.0 0.0 0.392337
Person 0.0 0 0.0 1263.896484 90.208740 1319.853516 215.650635 0.0 0.0 0.0 0.0 0.0 0.0 0.0 0.420600
Person 0.0 0 0.0 0.615234 213.969727 76.552734 423.588867 0.0 0.0 0.0 0.0 0.0 0.0 0.0 0.430147
Person 0.0 0 0.0 18.808594 47.263184 127.792969 208.498535 0.0 0.0 0.0 0.0 0.0 0.0 0.0 0.441673
Person 0.0 0 0.0 593.920898 15.622559 629.516602 189.645996 0.0 0.0 0.0 0.0 0.0 0.0 0.0 0.624294
Person 0.0 0 0.0 820.839844 104.611816 888.222656 368.151855 0.0 0.0 0.0 0.0 0.0 0.0 0.0 0.651355
Person 0.0 0 0.0 1176.005859 29.794922 1208.994141 190.766602 0.0 0.0 0.0 0.0 0.0 0.0 0.0 0.708213
Person 0.0 0 0.0 151.127930 49.372559 191.762695 193.073730 0.0 0.0 0.0 0.0 0.0 0.0 0.0 0.786623
Person 0.0 0 0.0 608.730469 14.699707 656.894531 205.466309 0.0 0.0 0.0 0.0 0.0 0.0 0.0 0.810479
Person 0.0 0 0.0 1220.478516 171.386719 1303.271484 395.507812 0.0 0.0 0.0 0.0 0.0 0.0 0.0 0.816991
Person 0.0 0 0.0 57.597656 575.727539 295.839844 926.147461 0.0 0.0 0.0 0.0 0.0 0.0 0.0 0.818156
Person 0.0 0 0.0 153.457031 386.938477 335.917969 755.288086 0.0 0.0 0.0 0.0 0.0 0.0 0.0 0.858244
Person 0.0 0 0.0 794.912109 62.885742 859.775391 289.116211 0.0 0.0 0.0 0.0 0.0 0.0 0.0 0.874507
Person 0.0 0 0.0 950.566406 101.381836 1016.308594 380.346680 0.0 0.0 0.0 0.0 0.0 0.0 0.0 0.889144
Person 0.0 0 0.0 677.211914 41.198730 734.663086 220.759277 0.0 0.0 0.0 0.0 0.0 0.0 0.0 0.914596
Person 0.0 0 0.0 855.703125 100.986328 967.734375 399.726562 0.0 0.0 0.0 0.0 0.0 0.0 0.0 0.921640
Person 0.0 0 0.0 510.307617 19.709473 562.192383 203.225098 0.0 0.0 0.0 0.0 0.0 0.0 0.0 0.921922
Person 0.0 0 0.0 1087.778320 44.494629 1145.346680 223.132324 0.0 0.0 0.0 0.0 0.0 0.0 0.0 0.922761
Person 0.0 0 0.0 1096.699219 118.454590 1183.300781 379.094238 0.0 0.0 0.0 0.0 0.0 0.0 0.0 0.944382
Person 0.0 0 0.0 526.406250 94.394531 596.718750 342.246094 0.0 0.0 0.0 0.0 0.0 0.0 0.0 0.957437
