Person 0.0 0 0.0 773.525391 206.850586 857.724609 557.797852 0.0 0.0 0.0 0.0 0.0 0.0 0.0 0.569853
Person 0.0 0 0.0 1173.588867 17.072754 1209.536133 191.755371 0.0 0.0 0.0 0.0 0.0 0.0 0.0 0.692642
Person 0.0 0 0.0 138.076172 52.866211 179.970703 197.226562 0.0 0.0 0.0 0.0 0.0 0.0 0.0 0.726426
Person 0.0 0 0.0 1238.261719 162.751465 1306.113281 365.119629 0.0 0.0 0.0 0.0 0.0 0.0 0.0 0.856332
Person 0.0 0 0.0 81.093750 535.913086 309.609375 878.422852 0.0 0.0 0.0 0.0 0.0 0.0 0.0 0.868381
Person 0.0 0 0.0 1535.097656 463.007812 1770.527344 799.453125 0.0 0.0 0.0 0.0 0.0 0.0 0.0 0.868827
Person 0.0 0 0.0 960.205078 5.603027 1008.544922 162.092285 0.0 0.0 0.0 0.0 0.0 0.0 0.0 0.894789
Person 0.0 0 0.0 504.345703 22.939453 556.904297 156.621094 0.0 0.0 0.0 0.0 0.0 0.0 0.0 0.898411
Person 0.0 0 0.0 620.039062 9.426270 673.710938 166.970215 0.0 0.0 0.0 0.0 0.0 0.0 0.0 0.904651
Person 0.0 0 0.0 987.158203 166.640625 1092.216797 487.265625 0.0 0.0 0.0 0.0 0.0 0.0 0.0 0.908293
Person 0.0 0 0.0 485.156250 148.447266 579.843750 441.650391 0.0 0.0 0.0 0.0 0.0 0.0 0.0 0.918480
Person 0.0 0 0.0 691.816406 39.353027 753.808594 237.766113 0.0 0.0 0.0 0.0 0.0 0.0 0.0 0.919931
Person 0.0 0 0.0 646.083984 118.388672 735.791016 404.736328 0.0 0.0 0.0 0.0 0.0 0.0 0.0 0.929440
Person 0.0 0 0.0 920.800781 153.325195 1004.824219 419.370117 0.0 0.0 0.0 0.0 0.0 0.0 0.0 0.934395
Person 0.0 0 0.0 1094.296875 123.398438 1180.078125 377.314453 0.0 0.0 0.0 0.0 0.0 0.0 0.0 0.934872
Person 0.0 0 0.0 763.125000 55.898438 849.375000 269.472656 0.0 0.0 0.0 0.0 0.0 0.0 0.0 0.938124
Person 0.0 0 0.0 875.917969 42.846680 955.957031 275.405273 0.0 0.0 0.0 0.0 0.0 0.0 0.0 0.947186
Person 0.0 0 0.0 787.910156 251.279297 919.277344 613.564453 0.0 0.0 0.0 0.0 0.0 0.0 0.0 0.947962
Person 0.0 0 0.0 179.882812 364.262695 403.710938 722.065430 0.0 0.0 0.0 0.0 0.0 0.0 0.0 0.949295
Person 0.0 0 0.0 579.462891 15.227051 638.349609 186.745605 0.0 0.0 0.0 0.0 0.0 0.0 0.0 0.964722
