Person 0.0 0 0.0 1059.243164 7.778320 1098.881836 176.000977 0.0 0.0 0.0 0.0 0.0 0.0 0.0 0.424412
Person 0.0 0 0.0 1776.855469 734.853516 1918.000000 1040.185547 0.0 0.0 0.0 0.0 0.0 0.0 0.0 0.435902
Person 0.0 0 0.0 147.685547 248.906250 236.923828 448.242188 0.0 0.0 0.0 0.0 0.0 0.0 0.0 0.472683
Person 0.0 0 0.0 19.423828 46.999512 127.998047 207.839355 0.0 0.0 0.0 0.0 0.0 0.0 0.0 0.543832
Person 0.0 0 0.0 588.061523 15.622559 630.688477 188.195801 0.0 0.0 0.0 0.0 0.0 0.0 0.0 0.641535
Person 0.0 0 0.0 0.234375 206.850586 65.976562 416.997070 0.0 0.0 0.0 0.0 0.0 0.0 0.0 0.678327
Person 0.0 0 0.0 1170.908203 25.576172 1208.466797 191.162109 0.0 0.0 0.0 0.0 0.0 0.0 0.0 0.702530
Person 0.0 0 0.0 510.219727 21.357422 562.280273 152.534180 0.0 0.0 0.0 0.0 0.0 0.0 0.0 0.799442
Person 0.0 0 0.0 1230.908203 160.773926 1300.341797 366.306152 0.0 0.0 0.0 0.0 0.0 0.0 0.0 0.821044
Person 0.0 0 0.0 917.299805 8.305664 955.825195 148.842773 0.0 0.0 0.0 0.0 0.0 0.0 0.0 0.830594
Person 0.0 0 0.0 149.018555 47.131348 189.653320 188.986816 0.0 0.0 0.0 0.0 0.0 0.0 0.0 0.840259
Person 0.0 0 0.0 84.433594 549.228516 304.394531 894.638672 0.0 0.0 0.0 0.0 0.0 0.0 0.0 0.870597
Person 0.0 0 0.0 868.359375 102.568359 980.390625 402.363281 0.0 0.0 0.0 0.0 0.0 0.0 0.0 0.893309
Person 0.0 0 0.0 603.471680 15.688477 657.465820 205.268555 0.0 0.0 0.0 0.0 0.0 0.0 0.0 0.901575
Person 0.0 0 0.0 1093.886719 54.909668 1154.238281 238.557129 0.0 0.0 0.0 0.0 0.0 0.0 0.0 0.913984
Person 0.0 0 0.0 961.347656 7.250977 1013.027344 155.170898 0.0 0.0 0.0 0.0 0.0 0.0 0.0 0.927100
Person 0.0 0 0.0 952.177734 99.799805 1029.697266 378.237305 0.0 0.0 0.0 0.0 0.0 0.0 0.0 0.927363
Person 0.0 0 0.0 1093.271484 128.012695 1173.603516 379.819336 0.0 0.0 0.0 0.0 0.0 0.0 0.0 0.952574
Person 0.0 0 0.0 511.435547 114.829102 588.251953 375.073242 0.0 0.0 0.0 0.0 0.0 0.0 0.0 0.953101
Person 0.0 0 0.0 136.757812 381.533203 344.179688 738.544922 0.0 0.0 0.0 0.0 0.0 0.0 0.0 0.955981
