Person 0.0 0 0.0 1061.147461 26.499023 1098.852539 167.036133 0.0 0.0 0.0 0.0 0.0 0.0 0.0 0.349533
Person 0.0 0 0.0 0.058594 818.635254 80.742188 1072.419434 0.0 0.0 0.0 0.0 0.0 0.0 0.0 0.354880
Person 0.0 0 0.0 792.744141 75.146484 857.255859 291.621094 0.0 0.0 0.0 0.0 0.0 0.0 0.0 0.507812
Person 0.0 0 0.0 1782.949219 681.723633 1918.000000 938.276367 0.0 0.0 0.0 0.0 0.0 0.0 0.0 0.515620
Person 0.0 0 0.0 19.716797 46.933594 127.705078 207.905273 0.0 0.0 0.0 0.0 0.0 0.0 0.0 0.574633
Person 0.0 0 0.0 1807.734375 402.495117 1918.000000 618.442383 0.0 0.0 0.0 0.0 0.0 0.0 0.0 0.645120
Person 0.0 0 0.0 1174.189453 25.048828 1208.935547 191.689453 0.0 0.0 0.0 0.0 0.0 0.0 0.0 0.737158
Person 0.0 0 0.0 1229.794922 170.463867 1305.205078 371.118164 0.0 0.0 0.0 0.0 0.0 0.0 0.0 0.822760
Person 0.0 0 0.0 0.791016 214.299316 107.197266 425.895996 0.0 0.0 0.0 0.0 0.0 0.0 0.0 0.826712
Person 0.0 0 0.0 149.311523 48.581543 188.657227 190.041504 0.0 0.0 0.0 0.0 0.0 0.0 0.0 0.842345
Person 0.0 0 0.0 851.630859 101.645508 968.056641 399.331055 0.0 0.0 0.0 0.0 0.0 0.0 0.0 0.899828
Person 0.0 0 0.0 509.692383 19.511719 559.995117 206.191406 0.0 0.0 0.0 0.0 0.0 0.0 0.0 0.910863
Person 0.0 0 0.0 943.828125 101.909180 1009.921875 380.346680 0.0 0.0 0.0 0.0 0.0 0.0 0.0 0.914596
Person 0.0 0 0.0 809.589844 113.906250 876.972656 369.667969 0.0 0.0 0.0 0.0 0.0 0.0 0.0 0.916409
Person 0.0 0 0.0 1093.359375 125.771484 1177.265625 378.369141 0.0 0.0 0.0 0.0 0.0 0.0 0.0 0.920504
Person 0.0 0 0.0 597.011719 17.336426 647.988281 210.739746 0.0 0.0 0.0 0.0 0.0 0.0 0.0 0.925769
Person 0.0 0 0.0 64.687500 575.332031 288.046875 926.542969 0.0 0.0 0.0 0.0 0.0 0.0 0.0 0.934634
Person 0.0 0 0.0 1060.546875 37.441406 1142.578125 215.683594 0.0 0.0 0.0 0.0 0.0 0.0 0.0 0.941223
Person 0.0 0 0.0 748.930664 71.520996 799.819336 271.252441 0.0 0.0 0.0 0.0 0.0 0.0 0.0 0.953622
Person 0.0 0 0.0 92.109375 413.437500 309.843750 765.703125 0.0 0.0 0.0 0.0 0.0 0.0 0.0 0.960510
