Person 0.0 0 0.0 149.091797 244.951172 263.408203 532.880859 0.0 0.0 0.0 0.0 0.0 0.0 0.0 0.342902
Person 0.0 0 0.0 149.296875 245.544434 240.703125 446.330566 0.0 0.0 0.0 0.0 0.0 0.0 0.0 0.432063
Person 0.0 0 0.0 1061.220703 9.755859 1098.779297 170.200195 0.0 0.0 0.0 0.0 0.0 0.0 0.0 0.457137
Person 0.0 0 0.0 1777.207031 731.030273 1918.000000 1040.844727 0.0 0.0 0.0 0.0 0.0 0.0 0.0 0.461017
Person 0.0 0 0.0 0.292969 213.244629 65.917969 419.567871 0.0 0.0 0.0 0.0 0.0 0.0 0.0 0.582254
Person 0.0 0 0.0 588.339844 15.754395 630.410156 188.723145 0.0 0.0 0.0 0.0 0.0 0.0 0.0 0.585101
Person 0.0 0 0.0 1174.262695 31.179199 1208.862305 182.526855 0.0 0.0 0.0 0.0 0.0 0.0 0.0 0.649579
Person 0.0 0 0.0 146.191406 46.604004 190.136719 189.118652 0.0 0.0 0.0 0.0 0.0 0.0 0.0 0.858719
Person 0.0 0 0.0 918.164062 8.239746 956.835938 157.082520 0.0 0.0 0.0 0.0 0.0 0.0 0.0 0.862468
Person 0.0 0 0.0 507.158203 21.291504 559.716797 167.497559 0.0 0.0 0.0 0.0 0.0 0.0 0.0 0.895157
Person 0.0 0 0.0 1227.421875 161.103516 1301.953125 371.513672 0.0 0.0 0.0 0.0 0.0 0.0 0.0 0.902952
Person 0.0 0 0.0 600.029297 15.754395 657.158203 205.202637 0.0 0.0 0.0 0.0 0.0 0.0 0.0 0.915507
Person 0.0 0 0.0 824.062500 107.973633 885.000000 367.690430 0.0 0.0 0.0 0.0 0.0 0.0 0.0 0.915809
Person 0.0 0 0.0 1093.593750 55.239258 1154.531250 239.282227 0.0 0.0 0.0 0.0 0.0 0.0 0.0 0.922203
Person 0.0 0 0.0 865.869141 105.205078 977.255859 402.363281 0.0 0.0 0.0 0.0 0.0 0.0 0.0 0.926835
Person 0.0 0 0.0 140.625000 383.642578 361.406250 738.544922 0.0 0.0 0.0 0.0 0.0 0.0 0.0 0.946990
Person 0.0 0 0.0 960.366211 7.448730 1012.133789 168.024902 0.0 0.0 0.0 0.0 0.0 0.0 0.0 0.947186
Person 0.0 0 0.0 953.056641 103.095703 1038.193359 378.369141 0.0 0.0 0.0 0.0 0.0 0.0 0.0 0.948917
Person 0.0 0 0.0 1091.542969 129.660645 1194.082031 384.763184 0.0 0.0 0.0 0.0 0.0 0.0 0.0 0.951504
Person 0.0 0 0.0 511.757812 115.488281 588.867188 375.205078 0.0 0.0 0.0 0.0 0.0 0.0 0.0 0.962813
