Person 0.0 0 0.0 1776.855469 726.416016 1918.000000 1040.185547 0.0 0.0 0.0 0.0 0.0 0.0 0.0 0.445530
Person 0.0 0 0.0 1061.850586 14.370117 1098.149414 172.441406 0.0 0.0 0.0 0.0 0.0 0.0 0.0 0.457137
Person 0.0 0 0.0 0.000000 311.726074 81.884766 545.207520 0.0 0.0 0.0 0.0 0.0 0.0 0.0 0.494141
Person 0.0 0 0.0 1176.005859 34.211426 1208.994141 179.494629 0.0 0.0 0.0 0.0 0.0 0.0 0.0 0.542863
Person 0.0 0 0.0 0.527344 230.778809 76.933594 458.986816 0.0 0.0 0.0 0.0 0.0 0.0 0.0 0.594551
Person 0.0 0 0.0 594.301758 15.029297 631.948242 186.943359 0.0 0.0 0.0 0.0 0.0 0.0 0.0 0.707405
Person 0.0 0 0.0 18.720703 46.406250 127.880859 207.509766 0.0 0.0 0.0 0.0 0.0 0.0 0.0 0.720958
Person 0.0 0 0.0 824.208984 106.589355 889.541016 368.020020 0.0 0.0 0.0 0.0 0.0 0.0 0.0 0.835484
Person 0.0 0 0.0 149.501953 47.065430 188.466797 189.448242 0.0 0.0 0.0 0.0 0.0 0.0 0.0 0.838151
Person 0.0 0 0.0 82.792969 551.997070 304.628906 895.034180 0.0 0.0 0.0 0.0 0.0 0.0 0.0 0.848972
Person 0.0 0 0.0 1215.380859 161.103516 1304.619141 369.931641 0.0 0.0 0.0 0.0 0.0 0.0 0.0 0.859192
Person 0.0 0 0.0 608.686523 15.424805 657.875977 205.136719 0.0 0.0 0.0 0.0 0.0 0.0 0.0 0.862930
Person 0.0 0 0.0 868.505859 104.809570 976.494141 401.967773 0.0 0.0 0.0 0.0 0.0 0.0 0.0 0.879561
Person 0.0 0 0.0 509.267578 23.466797 558.544922 197.490234 0.0 0.0 0.0 0.0 0.0 0.0 0.0 0.899828
Person 0.0 0 0.0 953.232422 110.017090 1062.392578 378.039551 0.0 0.0 0.0 0.0 0.0 0.0 0.0 0.909586
Person 0.0 0 0.0 1093.417969 54.052734 1154.707031 241.259766 0.0 0.0 0.0 0.0 0.0 0.0 0.0 0.922203
Person 0.0 0 0.0 363.457031 257.080078 487.792969 595.107422 0.0 0.0 0.0 0.0 0.0 0.0 0.0 0.924959
Person 0.0 0 0.0 959.282227 7.778320 1011.342773 168.618164 0.0 0.0 0.0 0.0 0.0 0.0 0.0 0.935582
Person 0.0 0 0.0 1106.103516 118.784180 1190.771484 377.446289 0.0 0.0 0.0 0.0 0.0 0.0 0.0 0.938124
Person 0.0 0 0.0 471.269531 126.694336 565.605469 383.510742 0.0 0.0 0.0 0.0 0.0 0.0 0.0 0.954478
