Person 0.0 0 0.0 1066.127930 9.953613 1097.622070 170.266113 0.0 0.0 0.0 0.0 0.0 0.0 0.0 0.352648
Person 0.0 0 0.0 0.791016 190.305176 64.189453 421.413574 0.0 0.0 0.0 0.0 0.0 0.0 0.0 0.600188
Person 0.0 0 0.0 19.306641 47.065430 127.294922 208.168945 0.0 0.0 0.0 0.0 0.0 0.0 0.0 0.635222
Person 0.0 0 0.0 1170.761719 14.897461 1208.613281 191.030273 0.0 0.0 0.0 0.0 0.0 0.0 0.0 0.689306
Person 0.0 0 0.0 1237.441406 159.785156 1301.308594 365.449219 0.0 0.0 0.0 0.0 0.0 0.0 0.0 0.704160
Person 0.0 0 0.0 824.179688 106.523438 885.820312 366.240234 0.0 0.0 0.0 0.0 0.0 0.0 0.0 0.796925
Person 0.0 0 0.0 940.561523 24.455566 994.438477 196.501465 0.0 0.0 0.0 0.0 0.0 0.0 0.0 0.813461
Person 0.0 0 0.0 847.690430 29.794922 898.872070 131.704102 0.0 0.0 0.0 0.0 0.0 0.0 0.0 0.866132
Person 0.0 0 0.0 147.524414 53.525391 191.147461 193.139648 0.0 0.0 0.0 0.0 0.0 0.0 0.0 0.874507
Person 0.0 0 0.0 612.451172 17.336426 655.986328 205.202637 0.0 0.0 0.0 0.0 0.0 0.0 0.0 0.875787
Person 0.0 0 0.0 81.152344 557.929688 303.457031 922.851562 0.0 0.0 0.0 0.0 0.0 0.0 0.0 0.887984
Person 0.0 0 0.0 592.675781 15.622559 631.699219 188.195801 0.0 0.0 0.0 0.0 0.0 0.0 0.0 0.902610
Person 0.0 0 0.0 1093.007812 46.933594 1170.117188 225.175781 0.0 0.0 0.0 0.0 0.0 0.0 0.0 0.917006
Person 0.0 0 0.0 499.702148 23.137207 550.297852 209.289551 0.0 0.0 0.0 0.0 0.0 0.0 0.0 0.917893
Person 0.0 0 0.0 1011.328125 78.244629 1077.421875 304.870605 0.0 0.0 0.0 0.0 0.0 0.0 0.0 0.929951
Person 0.0 0 0.0 154.453125 366.108398 312.421875 723.383789 0.0 0.0 0.0 0.0 0.0 0.0 0.0 0.933431
Person 0.0 0 0.0 1095.527344 125.969238 1176.972656 377.644043 0.0 0.0 0.0 0.0 0.0 0.0 0.0 0.936981
Person 0.0 0 0.0 854.091797 103.359375 968.408203 399.199219 0.0 0.0 0.0 0.0 0.0 0.0 0.0 0.941654
Person 0.0 0 0.0 946.582031 101.777344 1016.542969 380.478516 0.0 0.0 0.0 0.0 0.0 0.0 0.0 0.946200
Person 0.0 0 0.0 516.679688 117.597656 590.507812 374.150391 0.0 0.0 0.0 0.0 0.0 0.0 0.0 0.948346
