Person 0.0 0 0.0 1201.464844 73.564453 1318.535156 299.267578 0.0 0.0 0.0 0.0 0.0 0.0 0.0 0.508788
Person 0.0 0 0.0 0.234375 205.400391 71.367188 422.138672 0.0 0.0 0.0 0.0 0.0 0.0 0.0 0.509764
Person 0.0 0 0.0 137.622070 52.668457 180.424805 196.896973 0.0 0.0 0.0 0.0 0.0 0.0 0.0 0.764188
Person 0.0 0 0.0 918.896484 8.833008 956.103516 111.994629 0.0 0.0 0.0 0.0 0.0 0.0 0.0 0.787931
Person 0.0 0 0.0 1226.484375 163.278809 1301.015625 364.855957 0.0 0.0 0.0 0.0 0.0 0.0 0.0 0.854399
Person 0.0 0 0.0 90.878906 546.064453 304.042969 895.693359 0.0 0.0 0.0 0.0 0.0 0.0 0.0 0.861538
Person 0.0 0 0.0 1736.894531 488.452148 1918.000000 784.555664 0.0 0.0 0.0 0.0 0.0 0.0 0.0 0.862004
Person 0.0 0 0.0 951.210938 121.552734 1017.539062 389.970703 0.0 0.0 0.0 0.0 0.0 0.0 0.0 0.872782
Person 0.0 0 0.0 963.354492 6.328125 1012.895508 120.366211 0.0 0.0 0.0 0.0 0.0 0.0 0.0 0.901227
Person 0.0 0 0.0 1121.777344 122.014160 1199.472656 374.216309 0.0 0.0 0.0 0.0 0.0 0.0 0.0 0.901575
Person 0.0 0 0.0 1178.510742 45.549316 1230.864258 220.231934 0.0 0.0 0.0 0.0 0.0 0.0 0.0 0.907967
Person 0.0 0 0.0 609.814453 14.106445 659.560547 205.664062 0.0 0.0 0.0 0.0 0.0 0.0 0.0 0.910863
Person 0.0 0 0.0 507.436523 22.280273 557.563477 210.146484 0.0 0.0 0.0 0.0 0.0 0.0 0.0 0.912748
Person 0.0 0 0.0 176.250000 368.481445 352.968750 738.940430 0.0 0.0 0.0 0.0 0.0 0.0 0.0 0.927888
Person 0.0 0 0.0 588.413086 13.645020 627.524414 185.163574 0.0 0.0 0.0 0.0 0.0 0.0 0.0 0.932699
Person 0.0 0 0.0 1089.199219 69.180908 1155.175781 192.249756 0.0 0.0 0.0 0.0 0.0 0.0 0.0 0.934395
Person 0.0 0 0.0 830.947266 104.743652 912.802734 353.254395 0.0 0.0 0.0 0.0 0.0 0.0 0.0 0.940134
Person 0.0 0 0.0 731.601562 254.970703 837.773438 616.728516 0.0 0.0 0.0 0.0 0.0 0.0 0.0 0.945197
Person 0.0 0 0.0 1036.875000 158.730469 1136.250000 441.386719 0.0 0.0 0.0 0.0 0.0 0.0 0.0 0.953622
Person 0.0 0 0.0 899.501953 86.088867 991.435547 344.750977 0.0 0.0 0.0 0.0 0.0 0.0 0.0 0.962673
