Person 0.0 0 0.0 923.188477 4.548340 960.249023 165.256348 0.0 0.0 0.0 0.0 0.0 0.0 0.0 0.728748
Person 0.0 0 0.0 1012.968750 526.684570 1203.281250 931.948242 0.0 0.0 0.0 0.0 0.0 0.0 0.0 0.811676
Person 0.0 0 0.0 811.347656 27.158203 872.402344 162.026367 0.0 0.0 0.0 0.0 0.0 0.0 0.0 0.815820
Person 0.0 0 0.0 66.035156 65.192871 126.855469 208.762207 0.0 0.0 0.0 0.0 0.0 0.0 0.0 0.853425
Person 0.0 0 0.0 128.686523 54.514160 178.813477 197.687988 0.0 0.0 0.0 0.0 0.0 0.0 0.0 0.870597
Person 0.0 0 0.0 964.921875 155.961914 1058.203125 378.237305 0.0 0.0 0.0 0.0 0.0 0.0 0.0 0.879561
Person 0.0 0 0.0 79.921875 538.813477 309.375000 878.686523 0.0 0.0 0.0 0.0 0.0 0.0 0.0 0.880386
Person 0.0 0 0.0 603.793945 13.645020 663.706055 201.906738 0.0 0.0 0.0 0.0 0.0 0.0 0.0 0.895888
Person 0.0 0 0.0 307.675781 298.740234 433.886719 595.634766 0.0 0.0 0.0 0.0 0.0 0.0 0.0 0.912748
Person 0.0 0 0.0 961.376953 7.514648 1007.373047 170.463867 0.0 0.0 0.0 0.0 0.0 0.0 0.0 0.914901
Person 0.0 0 0.0 877.031250 357.670898 1027.968750 783.500977 0.0 0.0 0.0 0.0 0.0 0.0 0.0 0.920504
Person 0.0 0 0.0 505.327148 21.027832 555.922852 209.421387 0.0 0.0 0.0 0.0 0.0 0.0 0.0 0.930458
Person 0.0 0 0.0 1373.437500 669.990234 1639.687500 1071.298828 0.0 0.0 0.0 0.0 0.0 0.0 0.0 0.937211
Person 0.0 0 0.0 820.429688 250.488281 965.507812 616.464844 0.0 0.0 0.0 0.0 0.0 0.0 0.0 0.939025
Person 0.0 0 0.0 1090.224609 123.266602 1171.025391 373.754883 0.0 0.0 0.0 0.0 0.0 0.0 0.0 0.943348
Person 0.0 0 0.0 546.269531 128.144531 644.355469 421.347656 0.0 0.0 0.0 0.0 0.0 0.0 0.0 0.946794
Person 0.0 0 0.0 186.093750 365.976562 411.093750 722.460938 0.0 0.0 0.0 0.0 0.0 0.0 0.0 0.947962
Person 0.0 0 0.0 749.882812 215.156250 885.117188 550.546875 0.0 0.0 0.0 0.0 0.0 0.0 0.0 0.955486
Person 0.0 0 0.0 691.406250 14.567871 749.531250 229.460449 0.0 0.0 0.0 0.0 0.0 0.0 0.0 0.957596
Person 0.0 0 0.0 884.062500 22.016602 945.937500 256.157227 0.0 0.0 0.0 0.0 0.0 0.0 0.0 0.960212
