Person 0.0 0 0.0 1238.935547 163.674316 1307.314453 366.042480 0.0 0.0 0.0 0.0 0.0 0.0 0.0 0.754915
Person 0.0 0 0.0 615.922852 15.095215 655.327148 203.620605 0.0 0.0 0.0 0.0 0.0 0.0 0.0 0.759939
Person 0.0 0 0.0 136.054688 53.129883 179.179688 196.962891 0.0 0.0 0.0 0.0 0.0 0.0 0.0 0.761361
Person 0.0 0 0.0 71.147461 61.369629 126.782227 206.916504 0.0 0.0 0.0 0.0 0.0 0.0 0.0 0.763484
Person 0.0 0 0.0 924.580078 4.020996 958.857422 163.674316 0.0 0.0 0.0 0.0 0.0 0.0 0.0 0.815233
Person 0.0 0 0.0 773.085938 226.098633 839.414062 558.588867 0.0 0.0 0.0 0.0 0.0 0.0 0.0 0.829492
Person 0.0 0 0.0 709.130859 41.660156 759.931641 239.150391 0.0 0.0 0.0 0.0 0.0 0.0 0.0 0.837088
Person 0.0 0 0.0 962.255859 5.273438 1010.244141 110.478516 0.0 0.0 0.0 0.0 0.0 0.0 0.0 0.847968
Person 0.0 0 0.0 81.152344 535.913086 308.847656 878.422852 0.0 0.0 0.0 0.0 0.0 0.0 0.0 0.880386
Person 0.0 0 0.0 986.630859 163.212891 1088.994141 488.583984 0.0 0.0 0.0 0.0 0.0 0.0 0.0 0.903975
Person 0.0 0 0.0 659.707031 113.906250 742.792969 397.353516 0.0 0.0 0.0 0.0 0.0 0.0 0.0 0.909907
Person 0.0 0 0.0 1090.078125 120.168457 1186.171875 375.270996 0.0 0.0 0.0 0.0 0.0 0.0 0.0 0.915507
Person 0.0 0 0.0 1536.445312 465.644531 1771.054688 799.980469 0.0 0.0 0.0 0.0 0.0 0.0 0.0 0.918480
Person 0.0 0 0.0 1414.687500 836.103516 1667.812500 1076.044922 0.0 0.0 0.0 0.0 0.0 0.0 0.0 0.918772
Person 0.0 0 0.0 813.515625 265.385742 952.734375 622.133789 0.0 0.0 0.0 0.0 0.0 0.0 0.0 0.919931
Person 0.0 0 0.0 503.203125 21.291504 554.296875 154.841309 0.0 0.0 0.0 0.0 0.0 0.0 0.0 0.924142
Person 0.0 0 0.0 485.332031 150.424805 579.667969 439.672852 0.0 0.0 0.0 0.0 0.0 0.0 0.0 0.925230
Person 0.0 0 0.0 934.042969 62.753906 1002.832031 320.888672 0.0 0.0 0.0 0.0 0.0 0.0 0.0 0.935817
Person 0.0 0 0.0 133.710938 361.757812 406.289062 722.460938 0.0 0.0 0.0 0.0 0.0 0.0 0.0 0.936285
Person 0.0 0 0.0 587.358398 13.381348 635.141602 187.141113 0.0 0.0 0.0 0.0 0.0 0.0 0.0 0.948917
