Person 0.0 0 0.0 1807.617188 330.380859 1910.507812 561.357422 0.0 0.0 0.0 0.0 0.0 0.0 0.0 0.538012
Person 0.0 0 0.0 200.844727 48.713379 227.124023 176.594238 0.0 0.0 0.0 0.0 0.0 0.0 0.0 0.548674
Person 0.0 0 0.0 1168.154297 22.148438 1209.345703 191.162109 0.0 0.0 0.0 0.0 0.0 0.0 0.0 0.669745
Person 0.0 0 0.0 932.856445 3.361816 989.018555 153.786621 0.0 0.0 0.0 0.0 0.0 0.0 0.0 0.670608
Person 0.0 0 0.0 1269.418945 85.100098 1329.331055 208.630371 0.0 0.0 0.0 0.0 0.0 0.0 0.0 0.766992
Person 0.0 0 0.0 1641.796875 550.415039 1900.078125 895.561523 0.0 0.0 0.0 0.0 0.0 0.0 0.0 0.795022
Person 0.0 0 0.0 818.994141 95.449219 917.255859 387.070312 0.0 0.0 0.0 0.0 0.0 0.0 0.0 0.839734
Person 0.0 0 0.0 143.305664 49.702148 186.928711 191.821289 0.0 0.0 0.0 0.0 0.0 0.0 0.0 0.851953
Person 0.0 0 0.0 920.625000 92.416992 992.812500 370.590820 0.0 0.0 0.0 0.0 0.0 0.0 0.0 0.857768
Person 0.0 0 0.0 86.601562 585.483398 295.429688 940.649414 0.0 0.0 0.0 0.0 0.0 0.0 0.0 0.861538
Person 0.0 0 0.0 484.804688 17.797852 556.757812 197.753906 0.0 0.0 0.0 0.0 0.0 0.0 0.0 0.894789
Person 0.0 0 0.0 28.154297 233.811035 128.994141 474.938965 0.0 0.0 0.0 0.0 0.0 0.0 0.0 0.902952
Person 0.0 0 0.0 1214.208984 163.344727 1303.916016 370.854492 0.0 0.0 0.0 0.0 0.0 0.0 0.0 0.904651
Person 0.0 0 0.0 643.842773 76.794434 693.969727 284.699707 0.0 0.0 0.0 0.0 0.0 0.0 0.0 0.906322
Person 0.0 0 0.0 578.173828 16.215820 655.576172 252.597656 0.0 0.0 0.0 0.0 0.0 0.0 0.0 0.908942
Person 0.0 0 0.0 1047.363281 657.729492 1253.261719 1065.629883 0.0 0.0 0.0 0.0 0.0 0.0 0.0 0.927363
Person 0.0 0 0.0 1073.320312 117.399902 1171.054688 363.010254 0.0 0.0 0.0 0.0 0.0 0.0 0.0 0.935582
Person 0.0 0 0.0 122.402344 145.283203 205.488281 347.255859 0.0 0.0 0.0 0.0 0.0 0.0 0.0 0.936285
Person 0.0 0 0.0 673.916016 74.750977 738.896484 306.254883 0.0 0.0 0.0 0.0 0.0 0.0 0.0 0.955981
Person 0.0 0 0.0 84.316406 418.710938 294.199219 786.796875 0.0 0.0 0.0 0.0 0.0 0.0 0.0 0.956309
