Person 0.0 0 0.0 73.623047 61.831055 126.884766 204.213867 0.0 0.0 0.0 0.0 0.0 0.0 0.0 0.319121
Person 0.0 0 0.0 19.951172 46.538086 127.705078 207.377930 0.0 0.0 0.0 0.0 0.0 0.0 0.0 0.521471
Person 0.0 0 0.0 1807.851562 400.583496 1918.000000 617.717285 0.0 0.0 0.0 0.0 0.0 0.0 0.0 0.606731
Person 0.0 0 0.0 1109.135742 28.674316 1146.489258 170.134277 0.0 0.0 0.0 0.0 0.0 0.0 0.0 0.622459
Person 0.0 0 0.0 1724.707031 530.771484 1918.000000 859.306641 0.0 0.0 0.0 0.0 0.0 0.0 0.0 0.637031
Person 0.0 0 0.0 1174.262695 20.566406 1208.862305 191.293945 0.0 0.0 0.0 0.0 0.0 0.0 0.0 0.748352
Person 0.0 0 0.0 146.279297 50.229492 188.173828 189.580078 0.0 0.0 0.0 0.0 0.0 0.0 0.0 0.838680
Person 0.0 0 0.0 939.594727 102.436523 999.155273 382.192383 0.0 0.0 0.0 0.0 0.0 0.0 0.0 0.868827
Person 0.0 0 0.0 1227.421875 168.815918 1303.828125 373.820801 0.0 0.0 0.0 0.0 0.0 0.0 0.0 0.872347
Person 0.0 0 0.0 1021.640625 29.860840 1087.734375 207.048340 0.0 0.0 0.0 0.0 0.0 0.0 0.0 0.876211
Person 0.0 0 0.0 588.808594 16.611328 646.816406 210.673828 0.0 0.0 0.0 0.0 0.0 0.0 0.0 0.899121
Person 0.0 0 0.0 15.615234 198.742676 120.673828 426.159668 0.0 0.0 0.0 0.0 0.0 0.0 0.0 0.905990
Person 0.0 0 0.0 508.286133 20.170898 560.463867 206.323242 0.0 0.0 0.0 0.0 0.0 0.0 0.0 0.906653
Person 0.0 0 0.0 750.351562 69.543457 795.585938 270.856934 0.0 0.0 0.0 0.0 0.0 0.0 0.0 0.913058
Person 0.0 0 0.0 67.265625 574.145508 288.046875 925.620117 0.0 0.0 0.0 0.0 0.0 0.0 0.0 0.925500
Person 0.0 0 0.0 855.615234 105.600586 967.822266 399.858398 0.0 0.0 0.0 0.0 0.0 0.0 0.0 0.927100
Person 0.0 0 0.0 805.488281 101.381836 882.011719 345.541992 0.0 0.0 0.0 0.0 0.0 0.0 0.0 0.942718
Person 0.0 0 0.0 778.212891 72.773438 842.724609 295.839844 0.0 0.0 0.0 0.0 0.0 0.0 0.0 0.944791
Person 0.0 0 0.0 133.476562 400.385742 336.210938 772.426758 0.0 0.0 0.0 0.0 0.0 0.0 0.0 0.946001
Person 0.0 0 0.0 1094.677734 122.145996 1175.947266 377.775879 0.0 0.0 0.0 0.0 0.0 0.0 0.0 0.955817
