Person 0.0 0 0.0 20.332031 46.867676 123.808594 208.366699 0.0 0.0 0.0 0.0 0.0 0.0 0.0 0.364778
Person 0.0 0 0.0 1766.250000 732.084961 1918.000000 1046.118164 0.0 0.0 0.0 0.0 0.0 0.0 0.0 0.432063
Person 0.0 0 0.0 70.971680 60.314941 126.606445 206.784668 0.0 0.0 0.0 0.0 0.0 0.0 0.0 0.436862
Person 0.0 0 0.0 498.325195 23.730469 552.612305 171.914062 0.0 0.0 0.0 0.0 0.0 0.0 0.0 0.494141
Person 0.0 0 0.0 0.732422 190.041504 64.716797 419.040527 0.0 0.0 0.0 0.0 0.0 0.0 0.0 0.634317
Person 0.0 0 0.0 864.667969 58.666992 925.019531 146.865234 0.0 0.0 0.0 0.0 0.0 0.0 0.0 0.657538
Person 0.0 0 0.0 1172.622070 29.267578 1208.627930 191.293945 0.0 0.0 0.0 0.0 0.0 0.0 0.0 0.700895
Person 0.0 0 0.0 1230.820312 161.894531 1296.679688 365.449219 0.0 0.0 0.0 0.0 0.0 0.0 0.0 0.810479
Person 0.0 0 0.0 822.656250 113.708496 883.593750 365.910645 0.0 0.0 0.0 0.0 0.0 0.0 0.0 0.823896
Person 0.0 0 0.0 151.889648 49.372559 189.829102 191.755371 0.0 0.0 0.0 0.0 0.0 0.0 0.0 0.831691
Person 0.0 0 0.0 1092.216797 47.856445 1170.908203 224.252930 0.0 0.0 0.0 0.0 0.0 0.0 0.0 0.885235
Person 0.0 0 0.0 920.668945 14.436035 976.831055 191.491699 0.0 0.0 0.0 0.0 0.0 0.0 0.0 0.886027
Person 0.0 0 0.0 84.667969 559.643555 303.457031 924.301758 0.0 0.0 0.0 0.0 0.0 0.0 0.0 0.916110
Person 0.0 0 0.0 953.085938 99.667969 1015.664062 379.160156 0.0 0.0 0.0 0.0 0.0 0.0 0.0 0.924142
Person 0.0 0 0.0 591.621094 15.424805 639.316406 189.052734 0.0 0.0 0.0 0.0 0.0 0.0 0.0 0.935346
Person 0.0 0 0.0 1101.005859 125.178223 1178.994141 378.171387 0.0 0.0 0.0 0.0 0.0 0.0 0.0 0.941868
Person 0.0 0 0.0 110.214844 394.716797 311.894531 754.892578 0.0 0.0 0.0 0.0 0.0 0.0 0.0 0.944587
Person 0.0 0 0.0 614.179688 15.886230 666.445312 205.861816 0.0 0.0 0.0 0.0 0.0 0.0 0.0 0.952926
Person 0.0 0 0.0 855.029297 103.491211 967.470703 399.331055 0.0 0.0 0.0 0.0 0.0 0.0 0.0 0.954984
Person 0.0 0 0.0 481.992188 110.939941 582.070312 374.216309 0.0 0.0 0.0 0.0 0.0 0.0 0.0 0.959154
