Person 0.0 0 0.0 557.548828 127.155762 644.326172 329.787598 0.0 0.0 0.0 0.0 0.0 0.0 0.0 0.775265
Person 0.0 0 0.0 72.832031 62.490234 118.300781 209.091797 0.0 0.0 0.0 0.0 0.0 0.0 0.0 0.791176
Person 0.0 0 0.0 451.523438 160.312500 530.976562 478.828125 0.0 0.0 0.0 0.0 0.0 0.0 0.0 0.819316
Person 0.0 0 0.0 1190.947266 98.349609 1280.302734 335.917969 0.0 0.0 0.0 0.0 0.0 0.0 0.0 0.823328
Person 0.0 0 0.0 784.042969 29.597168 870.644531 192.546387 0.0 0.0 0.0 0.0 0.0 0.0 0.0 0.850469
Person 0.0 0 0.0 78.164062 541.845703 309.257812 878.818359 0.0 0.0 0.0 0.0 0.0 0.0 0.0 0.857291
Person 0.0 0 0.0 1523.027344 473.027344 1750.722656 812.636719 0.0 0.0 0.0 0.0 0.0 0.0 0.0 0.866585
Person 0.0 0 0.0 133.681641 54.052734 178.740234 197.226562 0.0 0.0 0.0 0.0 0.0 0.0 0.0 0.867036
Person 0.0 0 0.0 191.308594 368.613281 395.097656 727.207031 0.0 0.0 0.0 0.0 0.0 0.0 0.0 0.894421
Person 0.0 0 0.0 607.749023 10.876465 666.313477 200.588379 0.0 0.0 0.0 0.0 0.0 0.0 0.0 0.906653
Person 0.0 0 0.0 510.981445 22.543945 557.768555 208.696289 0.0 0.0 0.0 0.0 0.0 0.0 0.0 0.915809
Person 0.0 0 0.0 291.445312 246.533203 414.492188 562.939453 0.0 0.0 0.0 0.0 0.0 0.0 0.0 0.917893
Person 0.0 0 0.0 1070.683594 300.058594 1218.691406 639.667969 0.0 0.0 0.0 0.0 0.0 0.0 0.0 0.918480
Person 0.0 0 0.0 756.679688 273.691406 878.320312 637.558594 0.0 0.0 0.0 0.0 0.0 0.0 0.0 0.918772
Person 0.0 0 0.0 691.054688 23.532715 760.195312 229.987793 0.0 0.0 0.0 0.0 0.0 0.0 0.0 0.923868
Person 0.0 0 0.0 1170.351562 93.669434 1231.523438 281.535645 0.0 0.0 0.0 0.0 0.0 0.0 0.0 0.926037
Person 0.0 0 0.0 527.226562 253.256836 686.835938 646.918945 0.0 0.0 0.0 0.0 0.0 0.0 0.0 0.931463
Person 0.0 0 0.0 870.585938 23.269043 944.414062 265.451660 0.0 0.0 0.0 0.0 0.0 0.0 0.0 0.940572
Person 0.0 0 0.0 580.195312 13.579102 634.804688 188.393555 0.0 0.0 0.0 0.0 0.0 0.0 0.0 0.942718
Person 0.0 0 0.0 959.208984 2.966309 1015.166016 179.230957 0.0 0.0 0.0 0.0 0.0 0.0 0.0 0.953794
