Person 0.0 0 0.0 1776.152344 715.209961 1918.000000 1039.790039 0.0 0.0 0.0 0.0 0.0 0.0 0.0 0.455199
Person 0.0 0 0.0 18.720703 46.867676 127.294922 207.971191 0.0 0.0 0.0 0.0 0.0 0.0 0.0 0.485356
Person 0.0 0 0.0 1060.810547 11.008301 1097.314453 176.462402 0.0 0.0 0.0 0.0 0.0 0.0 0.0 0.490236
Person 0.0 0 0.0 1177.749023 29.926758 1209.125977 189.052734 0.0 0.0 0.0 0.0 0.0 0.0 0.0 0.583203
Person 0.0 0 0.0 1213.623047 166.245117 1304.501953 377.973633 0.0 0.0 0.0 0.0 0.0 0.0 0.0 0.770465
Person 0.0 0 0.0 149.575195 48.911133 188.393555 189.316406 0.0 0.0 0.0 0.0 0.0 0.0 0.0 0.779993
Person 0.0 0 0.0 918.574219 8.635254 956.425781 159.982910 0.0 0.0 0.0 0.0 0.0 0.0 0.0 0.782662
Person 0.0 0 0.0 561.796875 254.575195 710.390625 594.448242 0.0 0.0 0.0 0.0 0.0 0.0 0.0 0.866585
Person 0.0 0 0.0 86.484375 550.546875 304.921875 895.429688 0.0 0.0 0.0 0.0 0.0 0.0 0.0 0.868827
Person 0.0 0 0.0 785.361328 109.094238 873.076172 357.604980 0.0 0.0 0.0 0.0 0.0 0.0 0.0 0.875361
Person 0.0 0 0.0 588.193359 13.579102 628.681641 186.679688 0.0 0.0 0.0 0.0 0.0 0.0 0.0 0.890294
Person 0.0 0 0.0 506.264648 21.621094 558.735352 180.747070 0.0 0.0 0.0 0.0 0.0 0.0 0.0 0.892187
Person 0.0 0 0.0 607.338867 13.315430 656.411133 205.664062 0.0 0.0 0.0 0.0 0.0 0.0 0.0 0.895888
Person 0.0 0 0.0 861.708984 102.832031 980.478516 402.363281 0.0 0.0 0.0 0.0 0.0 0.0 0.0 0.900179
Person 0.0 0 0.0 158.378906 380.346680 374.589844 740.786133 0.0 0.0 0.0 0.0 0.0 0.0 0.0 0.907967
Person 0.0 0 0.0 1095.029297 50.822754 1183.095703 239.743652 0.0 0.0 0.0 0.0 0.0 0.0 0.0 0.908293
Person 0.0 0 0.0 494.121094 118.190918 567.128906 378.039551 0.0 0.0 0.0 0.0 0.0 0.0 0.0 0.932207
Person 0.0 0 0.0 1108.623047 120.036621 1188.251953 376.984863 0.0 0.0 0.0 0.0 0.0 0.0 0.0 0.935582
Person 0.0 0 0.0 967.382812 103.886719 1044.492188 386.015625 0.0 0.0 0.0 0.0 0.0 0.0 0.0 0.941223
Person 0.0 0 0.0 956.821289 8.041992 1011.928711 168.354492 0.0 0.0 0.0 0.0 0.0 0.0 0.0 0.949106
