Person 0.0 0 0.0 1776.445312 715.737305 1918.000000 1045.590820 0.0 0.0 0.0 0.0 0.0 0.0 0.0 0.413004
Person 0.0 0 0.0 18.603516 46.735840 127.763672 208.103027 0.0 0.0 0.0 0.0 0.0 0.0 0.0 0.450359
Person 0.0 0 0.0 0.703125 189.909668 68.085938 416.008301 0.0 0.0 0.0 0.0 0.0 0.0 0.0 0.501953
Person 0.0 0 0.0 1175.815430 25.510254 1209.184570 190.437012 0.0 0.0 0.0 0.0 0.0 0.0 0.0 0.684264
Person 0.0 0 0.0 591.093750 15.029297 628.593750 187.998047 0.0 0.0 0.0 0.0 0.0 0.0 0.0 0.765593
Person 0.0 0 0.0 1231.816406 166.508789 1299.433594 366.899414 0.0 0.0 0.0 0.0 0.0 0.0 0.0 0.789234
Person 0.0 0 0.0 909.008789 7.316895 946.303711 110.874023 0.0 0.0 0.0 0.0 0.0 0.0 0.0 0.797557
Person 0.0 0 0.0 824.589844 107.116699 882.597656 367.756348 0.0 0.0 0.0 0.0 0.0 0.0 0.0 0.854399
Person 0.0 0 0.0 606.254883 15.820312 656.557617 205.532227 0.0 0.0 0.0 0.0 0.0 0.0 0.0 0.865224
Person 0.0 0 0.0 951.342773 6.525879 1009.907227 160.642090 0.0 0.0 0.0 0.0 0.0 0.0 0.0 0.867934
Person 0.0 0 0.0 142.573242 47.263184 190.004883 189.250488 0.0 0.0 0.0 0.0 0.0 0.0 0.0 0.874507
Person 0.0 0 0.0 85.019531 549.755859 304.277344 895.166016 0.0 0.0 0.0 0.0 0.0 0.0 0.0 0.886027
Person 0.0 0 0.0 870.117188 102.568359 977.695312 402.626953 0.0 0.0 0.0 0.0 0.0 0.0 0.0 0.892563
Person 0.0 0 0.0 952.558594 100.195312 1016.191406 379.687500 0.0 0.0 0.0 0.0 0.0 0.0 0.0 0.915205
Person 0.0 0 0.0 1093.403320 51.481934 1150.971680 240.930176 0.0 0.0 0.0 0.0 0.0 0.0 0.0 0.926570
Person 0.0 0 0.0 1100.947266 118.718262 1184.677734 378.566895 0.0 0.0 0.0 0.0 0.0 0.0 0.0 0.926835
Person 0.0 0 0.0 501.562500 22.280273 553.125000 207.773438 0.0 0.0 0.0 0.0 0.0 0.0 0.0 0.939913
Person 0.0 0 0.0 188.437500 378.632812 358.125000 740.390625 0.0 0.0 0.0 0.0 0.0 0.0 0.0 0.949106
Person 0.0 0 0.0 681.767578 177.319336 784.482422 489.770508 0.0 0.0 0.0 0.0 0.0 0.0 0.0 0.952042
Person 0.0 0 0.0 511.494141 118.190918 596.630859 374.611816 0.0 0.0 0.0 0.0 0.0 0.0 0.0 0.953794
