Person 0.0 0 0.0 18.574219 46.933594 117.949219 188.393555 0.0 0.0 0.0 0.0 0.0 0.0 0.0 0.437824
Person 0.0 0 0.0 1108.740234 28.081055 1146.884766 169.013672 0.0 0.0 0.0 0.0 0.0 0.0 0.0 0.511717
Person 0.0 0 0.0 1281.005859 94.724121 1328.994141 226.164551 0.0 0.0 0.0 0.0 0.0 0.0 0.0 0.536070
Person 0.0 0 0.0 1808.144531 394.980469 1918.000000 618.046875 0.0 0.0 0.0 0.0 0.0 0.0 0.0 0.545770
Person 0.0 0 0.0 1169.340820 20.368652 1208.159180 191.096191 0.0 0.0 0.0 0.0 0.0 0.0 0.0 0.692642
Person 0.0 0 0.0 932.739258 3.229980 989.135742 163.015137 0.0 0.0 0.0 0.0 0.0 0.0 0.0 0.731826
Person 0.0 0 0.0 745.268555 71.191406 788.481445 270.527344 0.0 0.0 0.0 0.0 0.0 0.0 0.0 0.775265
Person 0.0 0 0.0 1576.230469 463.007812 1766.894531 791.015625 0.0 0.0 0.0 0.0 0.0 0.0 0.0 0.791821
Person 0.0 0 0.0 806.865234 95.449219 913.447266 392.607422 0.0 0.0 0.0 0.0 0.0 0.0 0.0 0.792464
Person 0.0 0 0.0 926.777344 106.127930 1002.597656 382.983398 0.0 0.0 0.0 0.0 0.0 0.0 0.0 0.843895
Person 0.0 0 0.0 775.136719 72.773438 841.113281 296.367188 0.0 0.0 0.0 0.0 0.0 0.0 0.0 0.853425
Person 0.0 0 0.0 140.346680 49.570312 185.903320 191.557617 0.0 0.0 0.0 0.0 0.0 0.0 0.0 0.864768
Person 0.0 0 0.0 1215.937500 156.291504 1283.437500 369.997559 0.0 0.0 0.0 0.0 0.0 0.0 0.0 0.875361
Person 0.0 0 0.0 510.585938 20.632324 562.851562 205.466309 0.0 0.0 0.0 0.0 0.0 0.0 0.0 0.884439
Person 0.0 0 0.0 0.820312 341.191406 153.984375 662.343750 0.0 0.0 0.0 0.0 0.0 0.0 0.0 0.891434
Person 0.0 0 0.0 593.496094 16.281738 655.253906 209.816895 0.0 0.0 0.0 0.0 0.0 0.0 0.0 0.901575
Person 0.0 0 0.0 44.355469 614.223633 278.847656 940.385742 0.0 0.0 0.0 0.0 0.0 0.0 0.0 0.902610
Person 0.0 0 0.0 1090.400391 125.178223 1172.724609 378.962402 0.0 0.0 0.0 0.0 0.0 0.0 0.0 0.929440
Person 0.0 0 0.0 74.824219 161.367188 169.863281 359.121094 0.0 0.0 0.0 0.0 0.0 0.0 0.0 0.950778
Person 0.0 0 0.0 124.804688 415.678711 332.226562 772.954102 0.0 0.0 0.0 0.0 0.0 0.0 0.0 0.953275
