Person 0.0 0 0.0 709.057617 41.956787 758.129883 146.568604 0.0 0.0 0.0 0.0 0.0 0.0 0.0 0.638835
Person 0.0 0 0.0 784.277344 204.609375 856.347656 558.984375 0.0 0.0 0.0 0.0 0.0 0.0 0.0 0.697609
Person 0.0 0 0.0 962.534180 4.581299 1009.965820 118.026123 0.0 0.0 0.0 0.0 0.0 0.0 0.0 0.717804
Person 0.0 0 0.0 135.791016 52.932129 178.271484 196.633301 0.0 0.0 0.0 0.0 0.0 0.0 0.0 0.722527
Person 0.0 0 0.0 574.130859 201.774902 678.369141 455.822754 0.0 0.0 0.0 0.0 0.0 0.0 0.0 0.785309
Person 0.0 0 0.0 1237.441406 163.740234 1308.808594 365.185547 0.0 0.0 0.0 0.0 0.0 0.0 0.0 0.827828
Person 0.0 0 0.0 1777.851562 437.431641 1918.000000 707.958984 0.0 0.0 0.0 0.0 0.0 0.0 0.0 0.841826
Person 0.0 0 0.0 86.132812 541.054688 308.789062 878.554688 0.0 0.0 0.0 0.0 0.0 0.0 0.0 0.867485
Person 0.0 0 0.0 796.464844 257.475586 926.660156 622.133789 0.0 0.0 0.0 0.0 0.0 0.0 0.0 0.874935
Person 0.0 0 0.0 526.230469 326.293945 659.707031 724.174805 0.0 0.0 0.0 0.0 0.0 0.0 0.0 0.906653
Person 0.0 0 0.0 992.929688 139.350586 1080.820312 483.442383 0.0 0.0 0.0 0.0 0.0 0.0 0.0 0.909907
Person 0.0 0 0.0 1531.113281 468.281250 1757.636719 810.000000 0.0 0.0 0.0 0.0 0.0 0.0 0.0 0.913677
Person 0.0 0 0.0 850.371094 40.869141 936.503906 280.810547 0.0 0.0 0.0 0.0 0.0 0.0 0.0 0.916110
Person 0.0 0 0.0 614.311523 15.358887 656.938477 202.961426 0.0 0.0 0.0 0.0 0.0 0.0 0.0 0.919063
Person 0.0 0 0.0 507.392578 21.687012 557.607422 209.948730 0.0 0.0 0.0 0.0 0.0 0.0 0.0 0.919353
Person 0.0 0 0.0 588.383789 13.513184 628.491211 186.745605 0.0 0.0 0.0 0.0 0.0 0.0 0.0 0.923592
Person 0.0 0 0.0 1103.671875 121.157227 1187.578125 375.073242 0.0 0.0 0.0 0.0 0.0 0.0 0.0 0.929440
Person 0.0 0 0.0 683.876953 103.623047 771.123047 386.542969 0.0 0.0 0.0 0.0 0.0 0.0 0.0 0.934395
Person 0.0 0 0.0 173.730469 373.886719 389.238281 726.152344 0.0 0.0 0.0 0.0 0.0 0.0 0.0 0.937897
Person 0.0 0 0.0 934.570312 66.511230 994.804688 335.061035 0.0 0.0 0.0 0.0 0.0 0.0 0.0 0.952220
