Person 0.0 0 0.0 160.078125 316.933594 264.140625 612.246094 0.0 0.0 0.0 0.0 0.0 0.0 0.0 0.756358
Person 0.0 0 0.0 1238.437500 159.851074 1309.687500 365.646973 0.0 0.0 0.0 0.0 0.0 0.0 0.0 0.759225
Person 0.0 0 0.0 71.147461 62.160645 126.782227 206.784668 0.0 0.0 0.0 0.0 0.0 0.0 0.0 0.789234
Person 0.0 0 0.0 923.686523 5.009766 960.688477 157.412109 0.0 0.0 0.0 0.0 0.0 0.0 0.0 0.854399
Person 0.0 0 0.0 1512.246094 459.316406 1731.503906 821.074219 0.0 0.0 0.0 0.0 0.0 0.0 0.0 0.887595
Person 0.0 0 0.0 818.627930 25.114746 875.434570 159.060059 0.0 0.0 0.0 0.0 0.0 0.0 0.0 0.891055
Person 0.0 0 0.0 585.366211 15.095215 637.133789 188.327637 0.0 0.0 0.0 0.0 0.0 0.0 0.0 0.906653
Person 0.0 0 0.0 89.765625 534.726562 309.375000 878.554688 0.0 0.0 0.0 0.0 0.0 0.0 0.0 0.911495
Person 0.0 0 0.0 989.121094 352.001953 1125.878906 771.240234 0.0 0.0 0.0 0.0 0.0 0.0 0.0 0.917893
Person 0.0 0 0.0 504.829102 21.423340 559.233398 209.421387 0.0 0.0 0.0 0.0 0.0 0.0 0.0 0.932699
Person 0.0 0 0.0 1111.464844 113.181152 1189.160156 370.656738 0.0 0.0 0.0 0.0 0.0 0.0 0.0 0.935346
Person 0.0 0 0.0 766.435547 198.940430 868.564453 550.415039 0.0 0.0 0.0 0.0 0.0 0.0 0.0 0.936749
Person 0.0 0 0.0 961.025391 5.009766 1007.724609 161.235352 0.0 0.0 0.0 0.0 0.0 0.0 0.0 0.937440
Person 0.0 0 0.0 568.652344 140.273438 662.285156 429.257812 0.0 0.0 0.0 0.0 0.0 0.0 0.0 0.938801
Person 0.0 0 0.0 919.335938 159.389648 1021.289062 430.708008 0.0 0.0 0.0 0.0 0.0 0.0 0.0 0.940790
Person 0.0 0 0.0 544.980469 350.683594 736.582031 738.808594 0.0 0.0 0.0 0.0 0.0 0.0 0.0 0.947575
Person 0.0 0 0.0 219.726562 364.130859 409.335938 723.251953 0.0 0.0 0.0 0.0 0.0 0.0 0.0 0.951142
Person 0.0 0 0.0 878.759766 23.994141 943.740234 259.453125 0.0 0.0 0.0 0.0 0.0 0.0 0.0 0.953275
Person 0.0 0 0.0 820.605469 252.465820 976.582031 617.651367 0.0 0.0 0.0 0.0 0.0 0.0 0.0 0.954137
Person 0.0 0 0.0 678.281250 19.182129 763.593750 242.512207 0.0 0.0 0.0 0.0 0.0 0.0 0.0 0.970688
