Person 0.0 0 0.0 1171.582031 15.095215 1209.667969 191.623535 0.0 0.0 0.0 0.0 0.0 0.0 0.0 0.670608
Person 0.0 0 0.0 138.208008 53.129883 181.010742 197.358398 0.0 0.0 0.0 0.0 0.0 0.0 0.0 0.809878
Person 0.0 0 0.0 311.718750 297.817383 434.531250 593.393555 0.0 0.0 0.0 0.0 0.0 0.0 0.0 0.857768
Person 0.0 0 0.0 568.300781 390.761719 736.699219 840.058594 0.0 0.0 0.0 0.0 0.0 0.0 0.0 0.874077
Person 0.0 0 0.0 962.358398 7.976074 1008.266602 168.156738 0.0 0.0 0.0 0.0 0.0 0.0 0.0 0.874507
Person 0.0 0 0.0 89.238281 531.035156 309.199219 878.027344 0.0 0.0 0.0 0.0 0.0 0.0 0.0 0.881615
Person 0.0 0 0.0 1189.570312 152.402344 1287.304688 371.250000 0.0 0.0 0.0 0.0 0.0 0.0 0.0 0.882833
Person 0.0 0 0.0 811.347656 25.971680 873.339844 166.245117 0.0 0.0 0.0 0.0 0.0 0.0 0.0 0.887984
Person 0.0 0 0.0 814.423828 229.921875 914.326172 603.281250 0.0 0.0 0.0 0.0 0.0 0.0 0.0 0.896251
Person 0.0 0 0.0 1090.400391 114.104004 1174.599609 373.161621 0.0 0.0 0.0 0.0 0.0 0.0 0.0 0.917006
Person 0.0 0 0.0 508.432617 22.082520 557.504883 208.762207 0.0 0.0 0.0 0.0 0.0 0.0 0.0 0.917303
Person 0.0 0 0.0 1394.648438 488.056641 1620.351562 857.724609 0.0 0.0 0.0 0.0 0.0 0.0 0.0 0.924688
Person 0.0 0 0.0 958.798828 152.006836 1058.701172 444.418945 0.0 0.0 0.0 0.0 0.0 0.0 0.0 0.931213
Person 0.0 0 0.0 544.013672 129.726562 640.986328 420.820312 0.0 0.0 0.0 0.0 0.0 0.0 0.0 0.936749
Person 0.0 0 0.0 66.152344 67.104492 126.738281 209.223633 0.0 0.0 0.0 0.0 0.0 0.0 0.0 0.936981
Person 0.0 0 0.0 692.460938 205.927734 800.039062 550.283203 0.0 0.0 0.0 0.0 0.0 0.0 0.0 0.938124
Person 0.0 0 0.0 614.399414 10.349121 667.163086 201.115723 0.0 0.0 0.0 0.0 0.0 0.0 0.0 0.939913
Person 0.0 0 0.0 882.949219 22.412109 948.925781 262.617188 0.0 0.0 0.0 0.0 0.0 0.0 0.0 0.961678
Person 0.0 0 0.0 583.183594 13.447266 633.691406 178.374023 0.0 0.0 0.0 0.0 0.0 0.0 0.0 0.961822
Person 0.0 0 0.0 691.962891 14.370117 750.849609 229.262695 0.0 0.0 0.0 0.0 0.0 0.0 0.0 0.963916
