Person 0.0 0 0.0 0.322266 766.494141 109.306641 1038.076172 0.0 0.0 0.0 0.0 0.0 0.0 0.0 0.410165
Person 0.0 0 0.0 18.896484 47.197266 127.470703 207.246094 0.0 0.0 0.0 0.0 0.0 0.0 0.0 0.417746
Person 0.0 0 0.0 1823.203125 411.130371 1918.000000 637.756348 0.0 0.0 0.0 0.0 0.0 0.0 0.0 0.450359
Person 0.0 0 0.0 1059.052734 23.862305 1097.197266 172.836914 0.0 0.0 0.0 0.0 0.0 0.0 0.0 0.458106
Person 0.0 0 0.0 0.380859 228.076172 76.494141 424.248047 0.0 0.0 0.0 0.0 0.0 0.0 0.0 0.584153
Person 0.0 0 0.0 821.865234 105.073242 890.009766 367.690430 0.0 0.0 0.0 0.0 0.0 0.0 0.0 0.734120
Person 0.0 0 0.0 1172.504883 29.135742 1208.745117 190.634766 0.0 0.0 0.0 0.0 0.0 0.0 0.0 0.744656
Person 0.0 0 0.0 1228.242188 169.936523 1301.132812 372.700195 0.0 0.0 0.0 0.0 0.0 0.0 0.0 0.746139
Person 0.0 0 0.0 607.983398 15.424805 655.766602 206.323242 0.0 0.0 0.0 0.0 0.0 0.0 0.0 0.840259
Person 0.0 0 0.0 947.050781 100.722656 1019.824219 380.214844 0.0 0.0 0.0 0.0 0.0 0.0 0.0 0.844922
Person 0.0 0 0.0 150.878906 49.833984 192.714844 192.612305 0.0 0.0 0.0 0.0 0.0 0.0 0.0 0.878731
Person 0.0 0 0.0 856.757812 101.909180 968.554688 399.594727 0.0 0.0 0.0 0.0 0.0 0.0 0.0 0.906983
Person 0.0 0 0.0 75.117188 571.113281 287.226562 926.542969 0.0 0.0 0.0 0.0 0.0 0.0 0.0 0.914291
Person 0.0 0 0.0 1087.441406 45.681152 1145.683594 223.264160 0.0 0.0 0.0 0.0 0.0 0.0 0.0 0.915809
Person 0.0 0 0.0 509.443359 19.379883 560.244141 205.927734 0.0 0.0 0.0 0.0 0.0 0.0 0.0 0.920790
Person 0.0 0 0.0 1094.208984 126.298828 1176.416016 382.324219 0.0 0.0 0.0 0.0 0.0 0.0 0.0 0.926304
Person 0.0 0 0.0 785.244141 62.556152 850.693359 289.973145 0.0 0.0 0.0 0.0 0.0 0.0 0.0 0.946001
Person 0.0 0 0.0 119.824219 399.858398 334.863281 753.969727 0.0 0.0 0.0 0.0 0.0 0.0 0.0 0.952750
Person 0.0 0 0.0 702.480469 56.755371 768.457031 254.113770 0.0 0.0 0.0 0.0 0.0 0.0 0.0 0.956309
Person 0.0 0 0.0 553.183594 69.279785 622.441406 301.706543 0.0 0.0 0.0 0.0 0.0 0.0 0.0 0.956634
