Person 0.0 0 0.0 1067.006836 23.631592 1098.618164 112.950439 0.0 0.0 0.0 0.0 0.0 0.0 0.0 0.487307
Person 0.0 0 0.0 1177.500000 44.362793 1224.375000 190.173340 0.0 0.0 0.0 0.0 0.0 0.0 0.0 0.600188
Person 0.0 0 0.0 19.306641 46.538086 127.880859 207.377930 0.0 0.0 0.0 0.0 0.0 0.0 0.0 0.621541
Person 0.0 0 0.0 919.145508 8.734131 955.854492 123.958740 0.0 0.0 0.0 0.0 0.0 0.0 0.0 0.741674
Person 0.0 0 0.0 138.310547 52.536621 180.439453 196.633301 0.0 0.0 0.0 0.0 0.0 0.0 0.0 0.744656
Person 0.0 0 0.0 1231.376953 163.674316 1299.873047 363.405762 0.0 0.0 0.0 0.0 0.0 0.0 0.0 0.799442
Person 0.0 0 0.0 87.363281 546.064453 305.449219 895.693359 0.0 0.0 0.0 0.0 0.0 0.0 0.0 0.858244
Person 0.0 0 0.0 963.486328 6.459961 1012.763672 116.147461 0.0 0.0 0.0 0.0 0.0 0.0 0.0 0.891434
Person 0.0 0 0.0 507.670898 21.818848 558.266602 210.212402 0.0 0.0 0.0 0.0 0.0 0.0 0.0 0.892937
Person 0.0 0 0.0 610.239258 14.238281 659.135742 205.927734 0.0 0.0 0.0 0.0 0.0 0.0 0.0 0.910545
Person 0.0 0 0.0 828.837891 105.205078 903.662109 348.310547 0.0 0.0 0.0 0.0 0.0 0.0 0.0 0.920504
Person 0.0 0 0.0 985.898438 174.550781 1076.601562 481.464844 0.0 0.0 0.0 0.0 0.0 0.0 0.0 0.928926
Person 0.0 0 0.0 953.496094 112.587891 1024.628906 390.234375 0.0 0.0 0.0 0.0 0.0 0.0 0.0 0.930205
Person 0.0 0 0.0 899.853516 80.024414 973.271484 343.696289 0.0 0.0 0.0 0.0 0.0 0.0 0.0 0.933431
Person 0.0 0 0.0 1105.371094 120.036621 1185.878906 376.457520 0.0 0.0 0.0 0.0 0.0 0.0 0.0 0.933673
Person 0.0 0 0.0 723.691406 256.289062 833.496094 616.464844 0.0 0.0 0.0 0.0 0.0 0.0 0.0 0.934634
Person 0.0 0 0.0 1661.308594 473.950195 1863.691406 786.401367 0.0 0.0 0.0 0.0 0.0 0.0 0.0 0.935346
Person 0.0 0 0.0 148.535156 377.973633 360.996094 737.885742 0.0 0.0 0.0 0.0 0.0 0.0 0.0 0.938124
Person 0.0 0 0.0 1051.523438 79.167480 1123.476562 312.648926 0.0 0.0 0.0 0.0 0.0 0.0 0.0 0.953275
Person 0.0 0 0.0 1179.726562 65.917969 1254.023438 302.958984 0.0 0.0 0.0 0.0 0.0 0.0 0.0 0.956145
