Person 0.0 0 0.0 138.266602 53.327637 178.139648 197.160645 0.0 0.0 0.0 0.0 0.0 0.0 0.0 0.754192
Person 0.0 0 0.0 1540.839844 479.882812 1740.410156 828.984375 0.0 0.0 0.0 0.0 0.0 0.0 0.0 0.787931
Person 0.0 0 0.0 755.537109 224.252930 824.150391 558.325195 0.0 0.0 0.0 0.0 0.0 0.0 0.0 0.800692
Person 0.0 0 0.0 925.253906 4.812012 960.996094 164.201660 0.0 0.0 0.0 0.0 0.0 0.0 0.0 0.830044
Person 0.0 0 0.0 629.882812 10.876465 676.054688 199.533691 0.0 0.0 0.0 0.0 0.0 0.0 0.0 0.855851
Person 0.0 0 0.0 423.984375 172.177734 510.234375 488.056641 0.0 0.0 0.0 0.0 0.0 0.0 0.0 0.856812
Person 0.0 0 0.0 580.458984 138.823242 667.353516 434.399414 0.0 0.0 0.0 0.0 0.0 0.0 0.0 0.877477
Person 0.0 0 0.0 78.164062 537.890625 309.257812 878.554688 0.0 0.0 0.0 0.0 0.0 0.0 0.0 0.879147
Person 0.0 0 0.0 67.910156 62.556152 127.910156 209.025879 0.0 0.0 0.0 0.0 0.0 0.0 0.0 0.904651
Person 0.0 0 0.0 960.747070 7.119141 1008.002930 165.849609 0.0 0.0 0.0 0.0 0.0 0.0 0.0 0.907312
Person 0.0 0 0.0 1099.980469 116.147461 1195.019531 375.073242 0.0 0.0 0.0 0.0 0.0 0.0 0.0 0.908618
Person 0.0 0 0.0 980.390625 287.666016 1119.609375 717.978516 0.0 0.0 0.0 0.0 0.0 0.0 0.0 0.912124
Person 0.0 0 0.0 207.011719 361.889648 407.988281 723.383789 0.0 0.0 0.0 0.0 0.0 0.0 0.0 0.918187
Person 0.0 0 0.0 881.455078 32.827148 937.294922 274.086914 0.0 0.0 0.0 0.0 0.0 0.0 0.0 0.921640
Person 0.0 0 0.0 511.171875 24.982910 562.265625 209.553223 0.0 0.0 0.0 0.0 0.0 0.0 0.0 0.927626
Person 0.0 0 0.0 928.007812 161.696777 1025.742188 428.400879 0.0 0.0 0.0 0.0 0.0 0.0 0.0 0.928668
Person 0.0 0 0.0 657.333984 46.933594 747.041016 249.697266 0.0 0.0 0.0 0.0 0.0 0.0 0.0 0.929696
Person 0.0 0 0.0 753.427734 33.354492 817.822266 260.112305 0.0 0.0 0.0 0.0 0.0 0.0 0.0 0.933188
Person 0.0 0 0.0 792.363281 253.652344 925.136719 613.828125 0.0 0.0 0.0 0.0 0.0 0.0 0.0 0.942929
Person 0.0 0 0.0 576.621094 15.424805 634.628906 170.068359 0.0 0.0 0.0 0.0 0.0 0.0 0.0 0.944995
