Person 0.0 0 0.0 74.501953 61.896973 127.177734 205.070801 0.0 0.0 0.0 0.0 0.0 0.0 0.0 0.373876
Person 0.0 0 0.0 1061.953125 21.818848 1098.046875 166.706543 0.0 0.0 0.0 0.0 0.0 0.0 0.0 0.374791
Person 0.0 0 0.0 19.130859 46.735840 126.884766 207.180176 0.0 0.0 0.0 0.0 0.0 0.0 0.0 0.388618
Person 0.0 0 0.0 1847.343750 429.455566 1918.000000 631.560059 0.0 0.0 0.0 0.0 0.0 0.0 0.0 0.398875
Person 0.0 0 0.0 485.712891 47.790527 553.974609 259.387207 0.0 0.0 0.0 0.0 0.0 0.0 0.0 0.577495
Person 0.0 0 0.0 1167.758789 34.079590 1207.866211 191.228027 0.0 0.0 0.0 0.0 0.0 0.0 0.0 0.695958
Person 0.0 0 0.0 820.253906 105.468750 891.621094 368.613281 0.0 0.0 0.0 0.0 0.0 0.0 0.0 0.742422
Person 0.0 0 0.0 0.556641 206.784668 80.595703 423.918457 0.0 0.0 0.0 0.0 0.0 0.0 0.0 0.789883
Person 0.0 0 0.0 1221.064453 157.873535 1289.560547 367.360840 0.0 0.0 0.0 0.0 0.0 0.0 0.0 0.805632
Person 0.0 0 0.0 795.878906 76.728516 857.871094 290.302734 0.0 0.0 0.0 0.0 0.0 0.0 0.0 0.818156
Person 0.0 0 0.0 150.966797 49.306641 191.220703 193.139648 0.0 0.0 0.0 0.0 0.0 0.0 0.0 0.852445
Person 0.0 0 0.0 952.324219 101.909180 1020.175781 380.346680 0.0 0.0 0.0 0.0 0.0 0.0 0.0 0.857768
Person 0.0 0 0.0 600.673828 16.215820 656.513672 210.278320 0.0 0.0 0.0 0.0 0.0 0.0 0.0 0.864768
Person 0.0 0 0.0 854.824219 102.304688 967.675781 399.990234 0.0 0.0 0.0 0.0 0.0 0.0 0.0 0.894421
Person 0.0 0 0.0 74.824219 571.113281 287.988281 926.542969 0.0 0.0 0.0 0.0 0.0 0.0 0.0 0.906653
Person 0.0 0 0.0 1088.789062 43.439941 1149.960938 223.000488 0.0 0.0 0.0 0.0 0.0 0.0 0.0 0.916409
Person 0.0 0 0.0 746.396484 72.773438 797.666016 272.109375 0.0 0.0 0.0 0.0 0.0 0.0 0.0 0.916708
Person 0.0 0 0.0 507.846680 19.775391 560.903320 206.718750 0.0 0.0 0.0 0.0 0.0 0.0 0.0 0.930458
Person 0.0 0 0.0 1090.253906 125.310059 1169.121094 379.094238 0.0 0.0 0.0 0.0 0.0 0.0 0.0 0.936749
Person 0.0 0 0.0 104.062500 407.241211 332.109375 753.969727 0.0 0.0 0.0 0.0 0.0 0.0 0.0 0.956145
