Person 0.0 0 0.0 0.585938 446.791992 138.281250 781.918945 0.0 0.0 0.0 0.0 0.0 0.0 0.0 0.560253
Person 0.0 0 0.0 841.230469 219.111328 903.457031 559.248047 0.0 0.0 0.0 0.0 0.0 0.0 0.0 0.668880
Person 0.0 0 0.0 1167.758789 15.095215 1207.866211 191.228027 0.0 0.0 0.0 0.0 0.0 0.0 0.0 0.705785
Person 0.0 0 0.0 136.010742 54.448242 177.114258 197.358398 0.0 0.0 0.0 0.0 0.0 0.0 0.0 0.789234
Person 0.0 0 0.0 1522.148438 474.213867 1751.601562 812.504883 0.0 0.0 0.0 0.0 0.0 0.0 0.0 0.841305
Person 0.0 0 0.0 459.609375 174.155273 545.390625 481.333008 0.0 0.0 0.0 0.0 0.0 0.0 0.0 0.846451
Person 0.0 0 0.0 1169.443359 92.614746 1247.431641 280.217285 0.0 0.0 0.0 0.0 0.0 0.0 0.0 0.855369
Person 0.0 0 0.0 803.583984 28.146973 884.853516 172.770996 0.0 0.0 0.0 0.0 0.0 0.0 0.0 0.878731
Person 0.0 0 0.0 1208.261719 92.812500 1300.488281 315.878906 0.0 0.0 0.0 0.0 0.0 0.0 0.0 0.889144
Person 0.0 0 0.0 532.265625 252.597656 687.421875 645.996094 0.0 0.0 0.0 0.0 0.0 0.0 0.0 0.902610
Person 0.0 0 0.0 960.996094 4.020996 1011.503906 179.099121 0.0 0.0 0.0 0.0 0.0 0.0 0.0 0.903635
Person 0.0 0 0.0 223.652344 359.121094 396.035156 727.207031 0.0 0.0 0.0 0.0 0.0 0.0 0.0 0.910227
Person 0.0 0 0.0 772.148438 253.520508 894.726562 637.690430 0.0 0.0 0.0 0.0 0.0 0.0 0.0 0.911810
Person 0.0 0 0.0 298.916016 240.996094 414.521484 561.621094 0.0 0.0 0.0 0.0 0.0 0.0 0.0 0.917303
Person 0.0 0 0.0 1142.519531 323.261719 1326.855469 658.125000 0.0 0.0 0.0 0.0 0.0 0.0 0.0 0.919063
Person 0.0 0 0.0 626.674805 12.458496 667.075195 213.640137 0.0 0.0 0.0 0.0 0.0 0.0 0.0 0.923316
Person 0.0 0 0.0 691.376953 20.302734 756.123047 229.790039 0.0 0.0 0.0 0.0 0.0 0.0 0.0 0.923592
Person 0.0 0 0.0 880.751953 24.719238 945.498047 265.056152 0.0 0.0 0.0 0.0 0.0 0.0 0.0 0.935110
Person 0.0 0 0.0 511.582031 22.873535 558.105469 209.553223 0.0 0.0 0.0 0.0 0.0 0.0 0.0 0.935582
Person 0.0 0 0.0 579.038086 13.579102 635.961914 177.583008 0.0 0.0 0.0 0.0 0.0 0.0 0.0 0.953101
