Person 0.0 0 0.0 72.802734 61.699219 127.001953 204.082031 0.0 0.0 0.0 0.0 0.0 0.0 0.0 0.328529
Person 0.0 0 0.0 1055.214844 6.921387 1097.285156 177.912598 0.0 0.0 0.0 0.0 0.0 0.0 0.0 0.433022
Person 0.0 0 0.0 0.234375 202.961426 65.214844 422.468262 0.0 0.0 0.0 0.0 0.0 0.0 0.0 0.482429
Person 0.0 0 0.0 18.808594 46.999512 127.792969 207.839355 0.0 0.0 0.0 0.0 0.0 0.0 0.0 0.490236
Person 0.0 0 0.0 1175.625000 17.797852 1209.375000 191.425781 0.0 0.0 0.0 0.0 0.0 0.0 0.0 0.658418
Person 0.0 0 0.0 1211.044922 172.177734 1299.580078 367.294922 0.0 0.0 0.0 0.0 0.0 0.0 0.0 0.787278
Person 0.0 0 0.0 589.907227 14.699707 629.780273 187.272949 0.0 0.0 0.0 0.0 0.0 0.0 0.0 0.849971
Person 0.0 0 0.0 143.554688 46.142578 189.726562 188.789062 0.0 0.0 0.0 0.0 0.0 0.0 0.0 0.865679
Person 0.0 0 0.0 501.914062 22.807617 558.398438 163.344727 0.0 0.0 0.0 0.0 0.0 0.0 0.0 0.876211
Person 0.0 0 0.0 952.807617 5.405273 1008.442383 148.447266 0.0 0.0 0.0 0.0 0.0 0.0 0.0 0.884439
Person 0.0 0 0.0 1091.337891 48.317871 1173.662109 223.791504 0.0 0.0 0.0 0.0 0.0 0.0 0.0 0.890294
Person 0.0 0 0.0 824.501953 106.325684 883.623047 368.547363 0.0 0.0 0.0 0.0 0.0 0.0 0.0 0.897695
Person 0.0 0 0.0 609.023438 14.897461 657.539062 205.268555 0.0 0.0 0.0 0.0 0.0 0.0 0.0 0.909265
Person 0.0 0 0.0 108.750000 544.746094 304.453125 918.105469 0.0 0.0 0.0 0.0 0.0 0.0 0.0 0.926835
Person 0.0 0 0.0 954.140625 101.381836 1016.484375 380.083008 0.0 0.0 0.0 0.0 0.0 0.0 0.0 0.927363
Person 0.0 0 0.0 499.716797 118.981934 579.345703 374.084473 0.0 0.0 0.0 0.0 0.0 0.0 0.0 0.930711
Person 0.0 0 0.0 868.095703 104.545898 973.154297 398.803711 0.0 0.0 0.0 0.0 0.0 0.0 0.0 0.933673
Person 0.0 0 0.0 707.724609 86.154785 785.712891 327.019043 0.0 0.0 0.0 0.0 0.0 0.0 0.0 0.941223
Person 0.0 0 0.0 129.375000 376.655273 309.843750 710.727539 0.0 0.0 0.0 0.0 0.0 0.0 0.0 0.942929
Person 0.0 0 0.0 1100.859375 123.002930 1182.890625 378.764648 0.0 0.0 0.0 0.0 0.0 0.0 0.0 0.948155
