Person 0.0 0 0.0 18.925781 46.669922 127.675781 207.246094 0.0 0.0 0.0 0.0 0.0 0.0 0.0 0.484380
Person 0.0 0 0.0 1060.561523 7.844238 1099.438477 172.111816 0.0 0.0 0.0 0.0 0.0 0.0 0.0 0.516595
Person 0.0 0 0.0 919.672852 9.096680 959.077148 162.290039 0.0 0.0 0.0 0.0 0.0 0.0 0.0 0.613237
Person 0.0 0 0.0 588.706055 15.424805 629.106445 188.657227 0.0 0.0 0.0 0.0 0.0 0.0 0.0 0.690142
Person 0.0 0 0.0 1172.578125 22.478027 1208.671875 190.437012 0.0 0.0 0.0 0.0 0.0 0.0 0.0 0.713831
Person 0.0 0 0.0 148.227539 47.065430 188.569336 189.052734 0.0 0.0 0.0 0.0 0.0 0.0 0.0 0.798187
Person 0.0 0 0.0 506.250000 22.807617 557.812500 206.850586 0.0 0.0 0.0 0.0 0.0 0.0 0.0 0.845433
Person 0.0 0 0.0 1231.523438 160.971680 1303.476562 363.735352 0.0 0.0 0.0 0.0 0.0 0.0 0.0 0.848972
Person 0.0 0 0.0 823.842773 109.028320 878.657227 367.954102 0.0 0.0 0.0 0.0 0.0 0.0 0.0 0.854399
Person 0.0 0 0.0 83.671875 550.019531 305.156250 894.902344 0.0 0.0 0.0 0.0 0.0 0.0 0.0 0.871912
Person 0.0 0 0.0 606.562500 16.413574 658.125000 204.938965 0.0 0.0 0.0 0.0 0.0 0.0 0.0 0.875787
Person 0.0 0 0.0 867.011719 106.918945 966.738281 402.495117 0.0 0.0 0.0 0.0 0.0 0.0 0.0 0.911180
Person 0.0 0 0.0 953.349609 107.050781 1056.650391 378.632812 0.0 0.0 0.0 0.0 0.0 0.0 0.0 0.925230
Person 0.0 0 0.0 29.003906 317.329102 155.449219 599.194336 0.0 0.0 0.0 0.0 0.0 0.0 0.0 0.926304
Person 0.0 0 0.0 1093.564453 54.514160 1152.685547 240.270996 0.0 0.0 0.0 0.0 0.0 0.0 0.0 0.927363
Person 0.0 0 0.0 959.326172 6.987305 1011.298828 168.486328 0.0 0.0 0.0 0.0 0.0 0.0 0.0 0.928668
Person 0.0 0 0.0 1089.697266 124.255371 1180.927734 379.094238 0.0 0.0 0.0 0.0 0.0 0.0 0.0 0.931960
Person 0.0 0 0.0 76.171875 259.980469 191.953125 529.980469 0.0 0.0 0.0 0.0 0.0 0.0 0.0 0.939471
Person 0.0 0 0.0 179.003906 379.423828 384.902344 735.380859 0.0 0.0 0.0 0.0 0.0 0.0 0.0 0.945197
Person 0.0 0 0.0 511.552734 116.938477 591.884766 374.809570 0.0 0.0 0.0 0.0 0.0 0.0 0.0 0.953966
