Person 0.0 0 0.0 1064.941406 23.334961 1096.933594 109.819336 0.0 0.0 0.0 0.0 0.0 0.0 0.0 0.483405
Person 0.0 0 0.0 19.218750 46.735840 127.968750 207.707520 0.0 0.0 0.0 0.0 0.0 0.0 0.0 0.652241
Person 0.0 0 0.0 918.969727 8.338623 956.030273 133.385010 0.0 0.0 0.0 0.0 0.0 0.0 0.0 0.717804
Person 0.0 0 0.0 138.266602 52.668457 180.483398 196.896973 0.0 0.0 0.0 0.0 0.0 0.0 0.0 0.751283
Person 0.0 0 0.0 1230.908203 163.410645 1300.341797 365.515137 0.0 0.0 0.0 0.0 0.0 0.0 0.0 0.814053
Person 0.0 0 0.0 87.011719 546.196289 305.097656 895.561523 0.0 0.0 0.0 0.0 0.0 0.0 0.0 0.855369
Person 0.0 0 0.0 588.618164 13.579102 628.256836 186.284180 0.0 0.0 0.0 0.0 0.0 0.0 0.0 0.869271
Person 0.0 0 0.0 963.530273 6.657715 1012.719727 114.829102 0.0 0.0 0.0 0.0 0.0 0.0 0.0 0.873215
Person 0.0 0 0.0 828.310547 105.798340 896.689453 347.717285 0.0 0.0 0.0 0.0 0.0 0.0 0.0 0.891811
Person 0.0 0 0.0 508.608398 21.687012 559.204102 209.948730 0.0 0.0 0.0 0.0 0.0 0.0 0.0 0.903294
Person 0.0 0 0.0 894.404297 73.630371 974.033203 341.916504 0.0 0.0 0.0 0.0 0.0 0.0 0.0 0.905990
Person 0.0 0 0.0 953.964844 111.269531 1026.035156 389.707031 0.0 0.0 0.0 0.0 0.0 0.0 0.0 0.906983
Person 0.0 0 0.0 610.151367 14.238281 659.223633 205.927734 0.0 0.0 0.0 0.0 0.0 0.0 0.0 0.923039
Person 0.0 0 0.0 724.423828 256.552734 831.826172 616.728516 0.0 0.0 0.0 0.0 0.0 0.0 0.0 0.923868
Person 0.0 0 0.0 1661.835938 470.654297 1857.539062 800.244141 0.0 0.0 0.0 0.0 0.0 0.0 0.0 0.925769
Person 0.0 0 0.0 981.708984 180.351562 1071.416016 496.757812 0.0 0.0 0.0 0.0 0.0 0.0 0.0 0.928149
Person 0.0 0 0.0 1104.990234 120.102539 1186.259766 376.918945 0.0 0.0 0.0 0.0 0.0 0.0 0.0 0.929696
Person 0.0 0 0.0 148.710938 377.709961 360.820312 738.149414 0.0 0.0 0.0 0.0 0.0 0.0 0.0 0.934634
Person 0.0 0 0.0 1175.419922 65.456543 1245.205078 302.893066 0.0 0.0 0.0 0.0 0.0 0.0 0.0 0.946001
Person 0.0 0 0.0 1042.558594 77.321777 1113.691406 313.176270 0.0 0.0 0.0 0.0 0.0 0.0 0.0 0.961534
