Person 0.0 0 0.0 1777.207031 728.261719 1918.000000 1040.449219 0.0 0.0 0.0 0.0 0.0 0.0 0.0 0.441673
Person 0.0 0 0.0 0.673828 192.480469 67.880859 415.546875 0.0 0.0 0.0 0.0 0.0 0.0 0.0 0.483405
Person 0.0 0 0.0 18.398438 46.801758 127.968750 208.037109 0.0 0.0 0.0 0.0 0.0 0.0 0.0 0.513668
Person 0.0 0 0.0 1174.819336 21.621094 1208.305664 189.843750 0.0 0.0 0.0 0.0 0.0 0.0 0.0 0.689306
Person 0.0 0 0.0 591.416016 15.952148 628.271484 187.866211 0.0 0.0 0.0 0.0 0.0 0.0 0.0 0.694303
Person 0.0 0 0.0 1229.296875 159.653320 1307.578125 369.272461 0.0 0.0 0.0 0.0 0.0 0.0 0.0 0.819316
Person 0.0 0 0.0 912.832031 7.053223 956.542969 151.018066 0.0 0.0 0.0 0.0 0.0 0.0 0.0 0.852445
Person 0.0 0 0.0 606.196289 16.018066 656.616211 205.729980 0.0 0.0 0.0 0.0 0.0 0.0 0.0 0.861072
Person 0.0 0 0.0 140.493164 47.988281 188.100586 188.920898 0.0 0.0 0.0 0.0 0.0 0.0 0.0 0.863852
Person 0.0 0 0.0 82.441406 549.096680 304.277344 894.770508 0.0 0.0 0.0 0.0 0.0 0.0 0.0 0.883236
Person 0.0 0 0.0 959.428711 7.448730 1011.196289 152.863770 0.0 0.0 0.0 0.0 0.0 0.0 0.0 0.887205
Person 0.0 0 0.0 869.941406 105.205078 984.433594 402.363281 0.0 0.0 0.0 0.0 0.0 0.0 0.0 0.896976
Person 0.0 0 0.0 821.953125 108.500977 884.296875 368.217773 0.0 0.0 0.0 0.0 0.0 0.0 0.0 0.899475
Person 0.0 0 0.0 265.136719 263.540039 398.144531 579.155273 0.0 0.0 0.0 0.0 0.0 0.0 0.0 0.903635
Person 0.0 0 0.0 1093.403320 53.591309 1152.846680 240.402832 0.0 0.0 0.0 0.0 0.0 0.0 0.0 0.914291
Person 0.0 0 0.0 498.632812 23.071289 552.304688 207.377930 0.0 0.0 0.0 0.0 0.0 0.0 0.0 0.928926
Person 0.0 0 0.0 195.996094 379.160156 347.753906 745.136719 0.0 0.0 0.0 0.0 0.0 0.0 0.0 0.930962
Person 0.0 0 0.0 952.558594 103.359375 1016.191406 380.214844 0.0 0.0 0.0 0.0 0.0 0.0 0.0 0.931463
Person 0.0 0 0.0 1100.947266 119.113770 1218.427734 378.435059 0.0 0.0 0.0 0.0 0.0 0.0 0.0 0.954308
Person 0.0 0 0.0 511.582031 118.784180 595.605469 374.809570 0.0 0.0 0.0 0.0 0.0 0.0 0.0 0.956309
