Person 0.0 0 0.0 131.542969 53.195801 178.066406 197.687988 0.0 0.0 0.0 0.0 0.0 0.0 0.0 0.714628
Person 0.0 0 0.0 565.810547 141.064453 661.376953 430.576172 0.0 0.0 0.0 0.0 0.0 0.0 0.0 0.720958
Person 0.0 0 0.0 0.439453 382.192383 103.916016 704.135742 0.0 0.0 0.0 0.0 0.0 0.0 0.0 0.739422
Person 0.0 0 0.0 1237.470703 161.367188 1310.654297 364.921875 0.0 0.0 0.0 0.0 0.0 0.0 0.0 0.743913
Person 0.0 0 0.0 925.927734 4.746094 960.322266 157.016602 0.0 0.0 0.0 0.0 0.0 0.0 0.0 0.787278
Person 0.0 0 0.0 1541.777344 478.168945 1746.972656 828.588867 0.0 0.0 0.0 0.0 0.0 0.0 0.0 0.795658
Person 0.0 0 0.0 805.136719 25.905762 865.488281 159.851074 0.0 0.0 0.0 0.0 0.0 0.0 0.0 0.858719
Person 0.0 0 0.0 913.857422 158.862305 1019.267578 430.708008 0.0 0.0 0.0 0.0 0.0 0.0 0.0 0.871475
Person 0.0 0 0.0 72.656250 328.403320 212.343750 613.432617 0.0 0.0 0.0 0.0 0.0 0.0 0.0 0.874507
Person 0.0 0 0.0 993.046875 344.882812 1150.078125 770.976562 0.0 0.0 0.0 0.0 0.0 0.0 0.0 0.889912
Person 0.0 0 0.0 835.019531 25.971680 943.417969 241.391602 0.0 0.0 0.0 0.0 0.0 0.0 0.0 0.892563
Person 0.0 0 0.0 85.371094 538.286133 309.550781 878.159180 0.0 0.0 0.0 0.0 0.0 0.0 0.0 0.897336
Person 0.0 0 0.0 510.234375 24.060059 561.328125 209.685059 0.0 0.0 0.0 0.0 0.0 0.0 0.0 0.899121
Person 0.0 0 0.0 962.270508 6.130371 1008.354492 163.146973 0.0 0.0 0.0 0.0 0.0 0.0 0.0 0.902266
Person 0.0 0 0.0 708.750000 31.442871 776.250000 254.904785 0.0 0.0 0.0 0.0 0.0 0.0 0.0 0.904987
Person 0.0 0 0.0 522.187500 286.083984 643.125000 695.302734 0.0 0.0 0.0 0.0 0.0 0.0 0.0 0.911180
Person 0.0 0 0.0 184.453125 370.854492 402.890625 722.856445 0.0 0.0 0.0 0.0 0.0 0.0 0.0 0.915809
Person 0.0 0 0.0 779.384766 199.995117 875.302734 555.161133 0.0 0.0 0.0 0.0 0.0 0.0 0.0 0.916708
Person 0.0 0 0.0 1102.968750 113.510742 1192.031250 368.745117 0.0 0.0 0.0 0.0 0.0 0.0 0.0 0.920218
Person 0.0 0 0.0 821.425781 249.565430 971.074219 618.442383 0.0 0.0 0.0 0.0 0.0 0.0 0.0 0.923868
