Person 0.0 0 0.0 1170.424805 24.323730 1207.075195 190.568848 0.0 0.0 0.0 0.0 0.0 0.0 0.0 0.701713
Person 0.0 0 0.0 71.367188 62.687988 118.710938 209.421387 0.0 0.0 0.0 0.0 0.0 0.0 0.0 0.737158
Person 0.0 0 0.0 127.617188 52.536621 177.070312 197.028809 0.0 0.0 0.0 0.0 0.0 0.0 0.0 0.754915
Person 0.0 0 0.0 626.469727 13.809814 664.467773 134.769287 0.0 0.0 0.0 0.0 0.0 0.0 0.0 0.822189
Person 0.0 0 0.0 410.537109 203.818359 526.962891 528.662109 0.0 0.0 0.0 0.0 0.0 0.0 0.0 0.843895
Person 0.0 0 0.0 1521.796875 477.773438 1753.828125 813.164062 0.0 0.0 0.0 0.0 0.0 0.0 0.0 0.846958
Person 0.0 0 0.0 78.574219 535.913086 308.847656 878.422852 0.0 0.0 0.0 0.0 0.0 0.0 0.0 0.876211
Person 0.0 0 0.0 757.294922 249.038086 866.455078 636.899414 0.0 0.0 0.0 0.0 0.0 0.0 0.0 0.887595
Person 0.0 0 0.0 981.005859 19.050293 1040.244141 202.697754 0.0 0.0 0.0 0.0 0.0 0.0 0.0 0.901227
Person 0.0 0 0.0 529.628906 251.938477 684.433594 646.127930 0.0 0.0 0.0 0.0 0.0 0.0 0.0 0.901575
Person 0.0 0 0.0 1212.128906 313.505859 1343.496094 650.478516 0.0 0.0 0.0 0.0 0.0 0.0 0.0 0.904313
Person 0.0 0 0.0 216.972656 358.066406 395.214844 727.207031 0.0 0.0 0.0 0.0 0.0 0.0 0.0 0.919931
Person 0.0 0 0.0 828.339844 35.002441 901.347656 280.349121 0.0 0.0 0.0 0.0 0.0 0.0 0.0 0.926835
Person 0.0 0 0.0 293.554688 249.301758 414.726562 569.135742 0.0 0.0 0.0 0.0 0.0 0.0 0.0 0.931463
Person 0.0 0 0.0 1178.789062 84.704590 1239.960938 268.352051 0.0 0.0 0.0 0.0 0.0 0.0 0.0 0.935346
Person 0.0 0 0.0 893.115234 44.824219 960.322266 249.697266 0.0 0.0 0.0 0.0 0.0 0.0 0.0 0.936981
Person 0.0 0 0.0 617.255859 96.965332 706.494141 364.196777 0.0 0.0 0.0 0.0 0.0 0.0 0.0 0.938801
Person 0.0 0 0.0 573.281250 13.579102 631.406250 182.724609 0.0 0.0 0.0 0.0 0.0 0.0 0.0 0.953449
Person 0.0 0 0.0 509.985352 24.389648 564.389648 209.750977 0.0 0.0 0.0 0.0 0.0 0.0 0.0 0.954137
Person 0.0 0 0.0 677.021484 16.743164 744.228516 228.999023 0.0 0.0 0.0 0.0 0.0 0.0 0.0 0.959001
