Person 0.0 0 0.0 1843.593750 451.472168 1918.000000 663.332520 0.0 0.0 0.0 0.0 0.0 0.0 0.0 0.362969
Person 0.0 0 0.0 1061.572266 24.851074 1098.427734 167.365723 0.0 0.0 0.0 0.0 0.0 0.0 0.0 0.406391
Person 0.0 0 0.0 1269.038086 91.329346 1322.211914 216.112061 0.0 0.0 0.0 0.0 0.0 0.0 0.0 0.484380
Person 0.0 0 0.0 19.130859 46.999512 127.705078 208.234863 0.0 0.0 0.0 0.0 0.0 0.0 0.0 0.505859
Person 0.0 0 0.0 593.979492 15.490723 629.458008 189.382324 0.0 0.0 0.0 0.0 0.0 0.0 0.0 0.605799
Person 0.0 0 0.0 820.605469 104.348145 888.457031 367.888184 0.0 0.0 0.0 0.0 0.0 0.0 0.0 0.665411
Person 0.0 0 0.0 1176.079102 28.872070 1208.920898 190.502930 0.0 0.0 0.0 0.0 0.0 0.0 0.0 0.746139
Person 0.0 0 0.0 151.245117 48.779297 191.645508 193.139648 0.0 0.0 0.0 0.0 0.0 0.0 0.0 0.780662
Person 0.0 0 0.0 56.425781 579.946289 293.261719 926.147461 0.0 0.0 0.0 0.0 0.0 0.0 0.0 0.820469
Person 0.0 0 0.0 607.939453 14.436035 656.748047 205.334473 0.0 0.0 0.0 0.0 0.0 0.0 0.0 0.823328
Person 0.0 0 0.0 1215.615234 171.650391 1300.634766 382.060547 0.0 0.0 0.0 0.0 0.0 0.0 0.0 0.832237
Person 0.0 0 0.0 156.152344 386.938477 336.035156 755.288086 0.0 0.0 0.0 0.0 0.0 0.0 0.0 0.874077
Person 0.0 0 0.0 791.777344 62.687988 859.160156 288.786621 0.0 0.0 0.0 0.0 0.0 0.0 0.0 0.882022
Person 0.0 0 0.0 950.273438 101.250000 1016.601562 380.214844 0.0 0.0 0.0 0.0 0.0 0.0 0.0 0.898767
Person 0.0 0 0.0 677.314453 41.726074 736.435547 222.868652 0.0 0.0 0.0 0.0 0.0 0.0 0.0 0.909907
Person 0.0 0 0.0 855.966797 101.250000 968.408203 399.726562 0.0 0.0 0.0 0.0 0.0 0.0 0.0 0.926835
Person 0.0 0 0.0 510.131836 19.445801 563.305664 203.488770 0.0 0.0 0.0 0.0 0.0 0.0 0.0 0.934634
Person 0.0 0 0.0 1087.500000 44.626465 1145.625000 223.000488 0.0 0.0 0.0 0.0 0.0 0.0 0.0 0.937440
Person 0.0 0 0.0 1096.552734 120.498047 1183.447266 379.423828 0.0 0.0 0.0 0.0 0.0 0.0 0.0 0.952926
Person 0.0 0 0.0 526.728516 95.053711 598.271484 334.995117 0.0 0.0 0.0 0.0 0.0 0.0 0.0 0.959307
