Person 0.0 0 0.0 1061.879883 13.315430 1098.120117 164.663086 0.0 0.0 0.0 0.0 0.0 0.0 0.0 0.413951
Person 0.0 0 0.0 794.208984 81.474609 859.541016 348.574219 0.0 0.0 0.0 0.0 0.0 0.0 0.0 0.422505
Person 0.0 0 0.0 738.823242 47.460938 795.864258 270.527344 0.0 0.0 0.0 0.0 0.0 0.0 0.0 0.427277
Person 0.0 0 0.0 1091.308594 73.959961 1153.066406 280.415039 0.0 0.0 0.0 0.0 0.0 0.0 0.0 0.469763
Person 0.0 0 0.0 1175.361328 27.421875 1209.638672 191.557617 0.0 0.0 0.0 0.0 0.0 0.0 0.0 0.681727
Person 0.0 0 0.0 932.739258 3.493652 989.135742 154.841309 0.0 0.0 0.0 0.0 0.0 0.0 0.0 0.722527
Person 0.0 0 0.0 0.937500 361.098633 138.164062 704.135742 0.0 0.0 0.0 0.0 0.0 0.0 0.0 0.761361
Person 0.0 0 0.0 828.164062 93.208008 915.585938 384.829102 0.0 0.0 0.0 0.0 0.0 0.0 0.0 0.823896
Person 0.0 0 0.0 132.509766 47.724609 186.708984 192.084961 0.0 0.0 0.0 0.0 0.0 0.0 0.0 0.847463
Person 0.0 0 0.0 1271.601562 83.781738 1334.648438 215.749512 0.0 0.0 0.0 0.0 0.0 0.0 0.0 0.855851
Person 0.0 0 0.0 1219.218750 166.574707 1300.781250 369.206543 0.0 0.0 0.0 0.0 0.0 0.0 0.0 0.856812
Person 0.0 0 0.0 1506.328125 411.723633 1684.921875 767.416992 0.0 0.0 0.0 0.0 0.0 0.0 0.0 0.877477
Person 0.0 0 0.0 506.440430 20.698242 557.622070 206.982422 0.0 0.0 0.0 0.0 0.0 0.0 0.0 0.898767
Person 0.0 0 0.0 75.000000 589.965820 295.781250 940.385742 0.0 0.0 0.0 0.0 0.0 0.0 0.0 0.904987
Person 0.0 0 0.0 922.558594 103.293457 1008.691406 370.524902 0.0 0.0 0.0 0.0 0.0 0.0 0.0 0.906983
Person 0.0 0 0.0 595.605469 16.347656 657.832031 210.146484 0.0 0.0 0.0 0.0 0.0 0.0 0.0 0.923316
Person 0.0 0 0.0 698.496094 77.453613 779.941406 303.024902 0.0 0.0 0.0 0.0 0.0 0.0 0.0 0.930205
Person 0.0 0 0.0 105.761719 148.447266 192.363281 358.330078 0.0 0.0 0.0 0.0 0.0 0.0 0.0 0.941654
Person 0.0 0 0.0 112.265625 414.887695 336.093750 770.581055 0.0 0.0 0.0 0.0 0.0 0.0 0.0 0.944587
Person 0.0 0 0.0 1083.896484 119.707031 1175.478516 365.976562 0.0 0.0 0.0 0.0 0.0 0.0 0.0 0.948917
