Person 0.0 0 0.0 1250.537109 170.266113 1353.837891 421.940918 0.0 0.0 0.0 0.0 0.0 0.0 0.0 0.433022
Person 0.0 0 0.0 18.603516 46.999512 127.998047 207.839355 0.0 0.0 0.0 0.0 0.0 0.0 0.0 0.462959
Person 0.0 0 0.0 0.849609 191.887207 67.177734 419.831543 0.0 0.0 0.0 0.0 0.0 0.0 0.0 0.544801
Person 0.0 0 0.0 504.257812 22.807617 559.804688 174.287109 0.0 0.0 0.0 0.0 0.0 0.0 0.0 0.636127
Person 0.0 0 0.0 1175.625000 17.006836 1209.375000 191.557617 0.0 0.0 0.0 0.0 0.0 0.0 0.0 0.638835
Person 0.0 0 0.0 825.000000 106.391602 885.000000 368.217773 0.0 0.0 0.0 0.0 0.0 0.0 0.0 0.751283
Person 0.0 0 0.0 1212.070312 170.991211 1300.429688 368.217773 0.0 0.0 0.0 0.0 0.0 0.0 0.0 0.798815
Person 0.0 0 0.0 141.987305 46.735840 189.418945 188.591309 0.0 0.0 0.0 0.0 0.0 0.0 0.0 0.854885
Person 0.0 0 0.0 1092.158203 48.054199 1172.841797 224.055176 0.0 0.0 0.0 0.0 0.0 0.0 0.0 0.863392
Person 0.0 0 0.0 591.401367 15.424805 632.036133 187.338867 0.0 0.0 0.0 0.0 0.0 0.0 0.0 0.870597
Person 0.0 0 0.0 891.342773 20.072021 939.594727 151.578369 0.0 0.0 0.0 0.0 0.0 0.0 0.0 0.889529
Person 0.0 0 0.0 943.330078 3.757324 1010.419922 164.597168 0.0 0.0 0.0 0.0 0.0 0.0 0.0 0.892563
Person 0.0 0 0.0 608.554688 15.292969 657.070312 205.268555 0.0 0.0 0.0 0.0 0.0 0.0 0.0 0.906653
Person 0.0 0 0.0 96.562500 552.656250 303.984375 923.906250 0.0 0.0 0.0 0.0 0.0 0.0 0.0 0.918772
Person 0.0 0 0.0 940.605469 101.777344 1015.019531 379.951172 0.0 0.0 0.0 0.0 0.0 0.0 0.0 0.921074
Person 0.0 0 0.0 1097.343750 122.739258 1182.656250 378.237305 0.0 0.0 0.0 0.0 0.0 0.0 0.0 0.925769
Person 0.0 0 0.0 488.789062 119.047852 579.023438 374.545898 0.0 0.0 0.0 0.0 0.0 0.0 0.0 0.931213
Person 0.0 0 0.0 109.394531 392.211914 309.667969 714.155273 0.0 0.0 0.0 0.0 0.0 0.0 0.0 0.931711
Person 0.0 0 0.0 855.615234 105.336914 967.822266 399.858398 0.0 0.0 0.0 0.0 0.0 0.0 0.0 0.935582
Person 0.0 0 0.0 756.621094 72.839355 817.441406 311.330566 0.0 0.0 0.0 0.0 0.0 0.0 0.0 0.958693
