Person 0.0 0 0.0 0.468750 188.854980 72.949219 420.227051 0.0 0.0 0.0 0.0 0.0 0.0 0.0 0.607663
Person 0.0 0 0.0 918.984375 9.228516 963.515625 165.322266 0.0 0.0 0.0 0.0 0.0 0.0 0.0 0.713032
Person 0.0 0 0.0 137.797852 54.382324 178.608398 197.424316 0.0 0.0 0.0 0.0 0.0 0.0 0.0 0.771155
Person 0.0 0 0.0 428.701172 207.641602 537.861328 543.823242 0.0 0.0 0.0 0.0 0.0 0.0 0.0 0.805632
Person 0.0 0 0.0 1144.306641 96.569824 1242.568359 335.588379 0.0 0.0 0.0 0.0 0.0 0.0 0.0 0.822189
Person 0.0 0 0.0 1523.437500 469.863281 1750.312500 813.691406 0.0 0.0 0.0 0.0 0.0 0.0 0.0 0.839734
Person 0.0 0 0.0 714.755859 207.509766 792.744141 533.408203 0.0 0.0 0.0 0.0 0.0 0.0 0.0 0.854885
Person 0.0 0 0.0 786.884766 29.729004 871.552734 192.810059 0.0 0.0 0.0 0.0 0.0 0.0 0.0 0.859664
Person 0.0 0 0.0 79.804688 535.649414 309.492188 876.577148 0.0 0.0 0.0 0.0 0.0 0.0 0.0 0.863852
Person 0.0 0 0.0 627.202148 11.865234 666.547852 201.049805 0.0 0.0 0.0 0.0 0.0 0.0 0.0 0.874935
Person 0.0 0 0.0 872.460938 23.400879 943.476562 265.319824 0.0 0.0 0.0 0.0 0.0 0.0 0.0 0.880797
Person 0.0 0 0.0 765.117188 259.716797 867.070312 636.767578 0.0 0.0 0.0 0.0 0.0 0.0 0.0 0.900179
Person 0.0 0 0.0 525.644531 258.002930 677.167969 647.973633 0.0 0.0 0.0 0.0 0.0 0.0 0.0 0.903975
Person 0.0 0 0.0 289.218750 261.298828 412.500000 567.685547 0.0 0.0 0.0 0.0 0.0 0.0 0.0 0.910545
Person 0.0 0 0.0 965.639648 0.000000 1014.360352 171.782227 0.0 0.0 0.0 0.0 0.0 0.0 0.0 0.919643
Person 0.0 0 0.0 511.289062 22.675781 561.210938 209.355469 0.0 0.0 0.0 0.0 0.0 0.0 0.0 0.920218
Person 0.0 0 0.0 689.033203 22.939453 755.654297 230.581055 0.0 0.0 0.0 0.0 0.0 0.0 0.0 0.921358
Person 0.0 0 0.0 1065.175781 274.218750 1194.199219 637.031250 0.0 0.0 0.0 0.0 0.0 0.0 0.0 0.933673
Person 0.0 0 0.0 228.750000 356.748047 395.625000 725.361328 0.0 0.0 0.0 0.0 0.0 0.0 0.0 0.939913
Person 0.0 0 0.0 580.195312 13.645020 633.867188 183.713379 0.0 0.0 0.0 0.0 0.0 0.0 0.0 0.950041
