Person 0.0 0 0.0 19.775391 46.669922 125.185547 209.487305 0.0 0.0 0.0 0.0 0.0 0.0 0.0 0.405449
Person 0.0 0 0.0 1775.390625 755.156250 1918.000000 1046.250000 0.0 0.0 0.0 0.0 0.0 0.0 0.0 0.413951
Person 0.0 0 0.0 0.673828 189.645996 68.642578 419.436035 0.0 0.0 0.0 0.0 0.0 0.0 0.0 0.575588
Person 0.0 0 0.0 867.392578 57.810059 922.294922 143.503418 0.0 0.0 0.0 0.0 0.0 0.0 0.0 0.581303
Person 0.0 0 0.0 923.833008 72.246094 969.916992 297.949219 0.0 0.0 0.0 0.0 0.0 0.0 0.0 0.588889
Person 0.0 0 0.0 923.525391 12.656250 979.599609 118.586426 0.0 0.0 0.0 0.0 0.0 0.0 0.0 0.591723
Person 0.0 0 0.0 1174.233398 25.378418 1208.891602 192.150879 0.0 0.0 0.0 0.0 0.0 0.0 0.0 0.722527
Person 0.0 0 0.0 824.531250 112.126465 884.531250 365.646973 0.0 0.0 0.0 0.0 0.0 0.0 0.0 0.726426
Person 0.0 0 0.0 1229.560547 166.904297 1297.939453 366.767578 0.0 0.0 0.0 0.0 0.0 0.0 0.0 0.780662
Person 0.0 0 0.0 151.860352 47.922363 189.858398 189.909668 0.0 0.0 0.0 0.0 0.0 0.0 0.0 0.830594
Person 0.0 0 0.0 85.195312 560.830078 303.632812 924.169922 0.0 0.0 0.0 0.0 0.0 0.0 0.0 0.859192
Person 0.0 0 0.0 1091.835938 47.988281 1171.289062 224.384766 0.0 0.0 0.0 0.0 0.0 0.0 0.0 0.894789
Person 0.0 0 0.0 952.910156 100.986328 1015.839844 379.687500 0.0 0.0 0.0 0.0 0.0 0.0 0.0 0.900179
Person 0.0 0 0.0 499.570312 23.137207 560.742188 192.810059 0.0 0.0 0.0 0.0 0.0 0.0 0.0 0.915507
Person 0.0 0 0.0 591.240234 15.754395 638.759766 189.118652 0.0 0.0 0.0 0.0 0.0 0.0 0.0 0.938350
Person 0.0 0 0.0 616.889648 15.292969 666.547852 206.059570 0.0 0.0 0.0 0.0 0.0 0.0 0.0 0.940572
Person 0.0 0 0.0 1096.171875 126.298828 1180.078125 378.105469 0.0 0.0 0.0 0.0 0.0 0.0 0.0 0.941654
Person 0.0 0 0.0 100.253906 399.858398 308.027344 757.133789 0.0 0.0 0.0 0.0 0.0 0.0 0.0 0.942082
Person 0.0 0 0.0 479.824219 109.160156 580.488281 374.677734 0.0 0.0 0.0 0.0 0.0 0.0 0.0 0.949856
Person 0.0 0 0.0 854.414062 103.227539 968.085938 399.331055 0.0 0.0 0.0 0.0 0.0 0.0 0.0 0.952574
