Person 0.0 0 0.0 923.481445 4.548340 960.893555 164.729004 0.0 0.0 0.0 0.0 0.0 0.0 0.0 0.793106
Person 0.0 0 0.0 1226.484375 169.541016 1301.015625 368.349609 0.0 0.0 0.0 0.0 0.0 0.0 0.0 0.844922
Person 0.0 0 0.0 130.224609 54.843750 177.744141 197.753906 0.0 0.0 0.0 0.0 0.0 0.0 0.0 0.862004
Person 0.0 0 0.0 811.406250 27.322998 872.343750 161.466064 0.0 0.0 0.0 0.0 0.0 0.0 0.0 0.865224
Person 0.0 0 0.0 83.144531 538.945312 309.667969 878.554688 0.0 0.0 0.0 0.0 0.0 0.0 0.0 0.892563
Person 0.0 0 0.0 308.261719 297.685547 434.238281 594.052734 0.0 0.0 0.0 0.0 0.0 0.0 0.0 0.897336
Person 0.0 0 0.0 986.894531 345.805664 1128.105469 763.725586 0.0 0.0 0.0 0.0 0.0 0.0 0.0 0.908942
Person 0.0 0 0.0 962.270508 7.185059 1008.354492 165.783691 0.0 0.0 0.0 0.0 0.0 0.0 0.0 0.918187
Person 0.0 0 0.0 547.353516 129.199219 643.271484 421.347656 0.0 0.0 0.0 0.0 0.0 0.0 0.0 0.924959
Person 0.0 0 0.0 587.622070 13.513184 647.065430 190.305176 0.0 0.0 0.0 0.0 0.0 0.0 0.0 0.935817
Person 0.0 0 0.0 966.884766 153.193359 1052.490234 443.232422 0.0 0.0 0.0 0.0 0.0 0.0 0.0 0.936285
Person 0.0 0 0.0 505.195312 21.027832 560.742188 209.025879 0.0 0.0 0.0 0.0 0.0 0.0 0.0 0.940353
Person 0.0 0 0.0 820.312500 248.247070 976.875000 607.631836 0.0 0.0 0.0 0.0 0.0 0.0 0.0 0.940790
Person 0.0 0 0.0 869.882812 501.372070 1081.992188 925.620117 0.0 0.0 0.0 0.0 0.0 0.0 0.0 0.944791
Person 0.0 0 0.0 1400.507812 596.689453 1661.367188 982.177734 0.0 0.0 0.0 0.0 0.0 0.0 0.0 0.949106
Person 0.0 0 0.0 1103.144531 115.488281 1186.230469 374.414062 0.0 0.0 0.0 0.0 0.0 0.0 0.0 0.951142
Person 0.0 0 0.0 692.080078 16.215820 747.919922 229.921875 0.0 0.0 0.0 0.0 0.0 0.0 0.0 0.954984
Person 0.0 0 0.0 198.867188 360.571289 410.976562 723.647461 0.0 0.0 0.0 0.0 0.0 0.0 0.0 0.957754
Person 0.0 0 0.0 756.416016 213.706055 873.896484 550.942383 0.0 0.0 0.0 0.0 0.0 0.0 0.0 0.957912
Person 0.0 0 0.0 882.949219 21.818848 943.300781 248.972168 0.0 0.0 0.0 0.0 0.0 0.0 0.0 0.960952
