Person 0.0 0 0.0 1180.605469 43.110352 1249.394531 220.166016 0.0 0.0 0.0 0.0 0.0 0.0 0.0 0.375706
Person 0.0 0 0.0 1770.703125 673.681641 1918.000000 1000.107422 0.0 0.0 0.0 0.0 0.0 0.0 0.0 0.424412
Person 0.0 0 0.0 70.693359 62.951660 126.533203 207.839355 0.0 0.0 0.0 0.0 0.0 0.0 0.0 0.426322
Person 0.0 0 0.0 1176.562500 30.124512 1208.437500 170.793457 0.0 0.0 0.0 0.0 0.0 0.0 0.0 0.437824
Person 0.0 0 0.0 918.632812 8.898926 955.429688 112.587891 0.0 0.0 0.0 0.0 0.0 0.0 0.0 0.702530
Person 0.0 0 0.0 138.266602 52.536621 182.124023 197.028809 0.0 0.0 0.0 0.0 0.0 0.0 0.0 0.798187
Person 0.0 0 0.0 1225.605469 159.719238 1300.019531 369.206543 0.0 0.0 0.0 0.0 0.0 0.0 0.0 0.806853
Person 0.0 0 0.0 588.530273 13.974609 631.157227 185.493164 0.0 0.0 0.0 0.0 0.0 0.0 0.0 0.821617
Person 0.0 0 0.0 962.871094 7.053223 1011.503906 122.277832 0.0 0.0 0.0 0.0 0.0 0.0 0.0 0.841826
Person 0.0 0 0.0 1180.458984 92.219238 1255.166016 309.616699 0.0 0.0 0.0 0.0 0.0 0.0 0.0 0.852935
Person 0.0 0 0.0 811.230469 112.324219 880.019531 382.851562 0.0 0.0 0.0 0.0 0.0 0.0 0.0 0.860134
Person 0.0 0 0.0 94.980469 549.096680 304.863281 894.770508 0.0 0.0 0.0 0.0 0.0 0.0 0.0 0.886420
Person 0.0 0 0.0 507.861328 21.818848 558.076172 209.816895 0.0 0.0 0.0 0.0 0.0 0.0 0.0 0.902952
Person 0.0 0 0.0 603.208008 15.886230 656.791992 205.861816 0.0 0.0 0.0 0.0 0.0 0.0 0.0 0.904313
Person 0.0 0 0.0 724.160156 258.530273 831.152344 616.860352 0.0 0.0 0.0 0.0 0.0 0.0 0.0 0.906653
Person 0.0 0 0.0 903.808594 88.395996 970.253906 344.553223 0.0 0.0 0.0 0.0 0.0 0.0 0.0 0.914291
Person 0.0 0 0.0 1070.039062 58.139648 1157.460938 261.694336 0.0 0.0 0.0 0.0 0.0 0.0 0.0 0.918187
Person 0.0 0 0.0 953.583984 115.224609 1018.916016 389.970703 0.0 0.0 0.0 0.0 0.0 0.0 0.0 0.921640
Person 0.0 0 0.0 148.886719 383.906250 362.050781 741.445312 0.0 0.0 0.0 0.0 0.0 0.0 0.0 0.935110
Person 0.0 0 0.0 1101.210938 127.551270 1191.914062 375.798340 0.0 0.0 0.0 0.0 0.0 0.0 0.0 0.935817
