Person 0.0 0 0.0 0.439453 189.514160 75.146484 417.985840 0.0 0.0 0.0 0.0 0.0 0.0 0.0 0.574633
Person 0.0 0 0.0 606.196289 16.281738 653.803711 204.279785 0.0 0.0 0.0 0.0 0.0 0.0 0.0 0.576542
Person 0.0 0 0.0 959.736328 4.943848 1009.013672 153.391113 0.0 0.0 0.0 0.0 0.0 0.0 0.0 0.617859
Person 0.0 0 0.0 138.427734 53.195801 180.322266 196.896973 0.0 0.0 0.0 0.0 0.0 0.0 0.0 0.738669
Person 0.0 0 0.0 772.880859 226.494141 843.369141 558.193359 0.0 0.0 0.0 0.0 0.0 0.0 0.0 0.818737
Person 0.0 0 0.0 1239.902344 164.794922 1306.347656 365.712891 0.0 0.0 0.0 0.0 0.0 0.0 0.0 0.825027
Person 0.0 0 0.0 924.418945 4.152832 959.018555 163.015137 0.0 0.0 0.0 0.0 0.0 0.0 0.0 0.833325
Person 0.0 0 0.0 710.141602 42.253418 763.608398 239.611816 0.0 0.0 0.0 0.0 0.0 0.0 0.0 0.841826
Person 0.0 0 0.0 80.390625 535.781250 308.906250 878.554688 0.0 0.0 0.0 0.0 0.0 0.0 0.0 0.876634
Person 0.0 0 0.0 652.412109 112.587891 738.837891 397.089844 0.0 0.0 0.0 0.0 0.0 0.0 0.0 0.879147
Person 0.0 0 0.0 586.567383 13.381348 629.370117 185.822754 0.0 0.0 0.0 0.0 0.0 0.0 0.0 0.882428
Person 0.0 0 0.0 482.753906 153.061523 578.496094 456.547852 0.0 0.0 0.0 0.0 0.0 0.0 0.0 0.885632
Person 0.0 0 0.0 198.164062 362.944336 406.992188 722.329102 0.0 0.0 0.0 0.0 0.0 0.0 0.0 0.903975
Person 0.0 0 0.0 1091.542969 125.507812 1192.207031 375.468750 0.0 0.0 0.0 0.0 0.0 0.0 0.0 0.906653
Person 0.0 0 0.0 1535.625000 466.303711 1771.875000 790.883789 0.0 0.0 0.0 0.0 0.0 0.0 0.0 0.907967
Person 0.0 0 0.0 805.546875 263.276367 950.390625 621.606445 0.0 0.0 0.0 0.0 0.0 0.0 0.0 0.908618
Person 0.0 0 0.0 987.158203 160.312500 1084.716797 488.320312 0.0 0.0 0.0 0.0 0.0 0.0 0.0 0.909265
Person 0.0 0 0.0 944.531250 71.257324 1033.593750 323.986816 0.0 0.0 0.0 0.0 0.0 0.0 0.0 0.925230
Person 0.0 0 0.0 503.012695 21.225586 554.487305 157.016602 0.0 0.0 0.0 0.0 0.0 0.0 0.0 0.934872
Person 0.0 0 0.0 1423.242188 758.188477 1681.757812 1073.803711 0.0 0.0 0.0 0.0 0.0 0.0 0.0 0.941223
