Person 0.0 0 0.0 858.369141 29.860840 909.755859 223.659668 0.0 0.0 0.0 0.0 0.0 0.0 0.0 0.583203
Person 0.0 0 0.0 1168.066406 14.436035 1207.558594 191.491699 0.0 0.0 0.0 0.0 0.0 0.0 0.0 0.668015
Person 0.0 0 0.0 136.274414 51.943359 177.788086 196.831055 0.0 0.0 0.0 0.0 0.0 0.0 0.0 0.724091
Person 0.0 0 0.0 573.457031 108.830566 649.980469 333.610840 0.0 0.0 0.0 0.0 0.0 0.0 0.0 0.752740
Person 0.0 0 0.0 626.557617 12.260742 667.192383 199.599609 0.0 0.0 0.0 0.0 0.0 0.0 0.0 0.815233
Person 0.0 0 0.0 1522.617188 473.554688 1751.132812 813.164062 0.0 0.0 0.0 0.0 0.0 0.0 0.0 0.818156
Person 0.0 0 0.0 1207.265625 93.603516 1303.359375 315.351562 0.0 0.0 0.0 0.0 0.0 0.0 0.0 0.846958
Person 0.0 0 0.0 1192.324219 340.004883 1348.300781 659.838867 0.0 0.0 0.0 0.0 0.0 0.0 0.0 0.871037
Person 0.0 0 0.0 760.253906 251.279297 897.246094 636.767578 0.0 0.0 0.0 0.0 0.0 0.0 0.0 0.873647
Person 0.0 0 0.0 972.304688 10.744629 1020.820312 190.568848 0.0 0.0 0.0 0.0 0.0 0.0 0.0 0.876211
Person 0.0 0 0.0 435.175781 190.239258 546.386719 492.143555 0.0 0.0 0.0 0.0 0.0 0.0 0.0 0.898767
Person 0.0 0 0.0 76.640625 537.495117 308.671875 878.950195 0.0 0.0 0.0 0.0 0.0 0.0 0.0 0.906322
Person 0.0 0 0.0 533.847656 251.015625 688.652344 645.468750 0.0 0.0 0.0 0.0 0.0 0.0 0.0 0.908942
Person 0.0 0 0.0 216.562500 358.725586 395.156250 726.547852 0.0 0.0 0.0 0.0 0.0 0.0 0.0 0.919063
Person 0.0 0 0.0 511.464844 23.796387 561.972656 209.948730 0.0 0.0 0.0 0.0 0.0 0.0 0.0 0.926835
Person 0.0 0 0.0 296.777344 239.809570 413.847656 551.206055 0.0 0.0 0.0 0.0 0.0 0.0 0.0 0.930711
Person 0.0 0 0.0 1179.257812 89.912109 1241.367188 279.228516 0.0 0.0 0.0 0.0 0.0 0.0 0.0 0.931960
Person 0.0 0 0.0 577.485352 13.513184 633.764648 148.908691 0.0 0.0 0.0 0.0 0.0 0.0 0.0 0.940790
Person 0.0 0 0.0 879.023438 37.770996 952.851562 269.406738 0.0 0.0 0.0 0.0 0.0 0.0 0.0 0.954816
Person 0.0 0 0.0 685.019531 16.611328 754.042969 230.053711 0.0 0.0 0.0 0.0 0.0 0.0 0.0 0.954984
