Person 0.0 0 0.0 21.328125 46.406250 127.734375 205.795898 0.0 0.0 0.0 0.0 0.0 0.0 0.0 0.432063
Person 0.0 0 0.0 1061.015625 15.754395 1097.109375 171.320801 0.0 0.0 0.0 0.0 0.0 0.0 0.0 0.461988
Person 0.0 0 0.0 1808.144531 398.078613 1918.000000 592.272949 0.0 0.0 0.0 0.0 0.0 0.0 0.0 0.491212
Person 0.0 0 0.0 1108.886719 28.542480 1146.738281 169.870605 0.0 0.0 0.0 0.0 0.0 0.0 0.0 0.561215
Person 0.0 0 0.0 1174.365234 20.895996 1208.759766 191.359863 0.0 0.0 0.0 0.0 0.0 0.0 0.0 0.734881
Person 0.0 0 0.0 751.040039 70.070801 793.022461 270.856934 0.0 0.0 0.0 0.0 0.0 0.0 0.0 0.814643
Person 0.0 0 0.0 1226.425781 168.750000 1302.949219 374.414062 0.0 0.0 0.0 0.0 0.0 0.0 0.0 0.816406
Person 0.0 0 0.0 1672.500000 519.697266 1914.375000 857.724609 0.0 0.0 0.0 0.0 0.0 0.0 0.0 0.862004
Person 0.0 0 0.0 68.261719 571.772461 288.222656 925.883789 0.0 0.0 0.0 0.0 0.0 0.0 0.0 0.874935
Person 0.0 0 0.0 144.477539 51.416016 184.584961 191.425781 0.0 0.0 0.0 0.0 0.0 0.0 0.0 0.881615
Person 0.0 0 0.0 508.051758 20.368652 557.885742 206.520996 0.0 0.0 0.0 0.0 0.0 0.0 0.0 0.888759
Person 0.0 0 0.0 944.399414 103.623047 1001.850586 381.796875 0.0 0.0 0.0 0.0 0.0 0.0 0.0 0.891434
Person 0.0 0 0.0 594.140625 16.215820 647.109375 210.673828 0.0 0.0 0.0 0.0 0.0 0.0 0.0 0.905657
Person 0.0 0 0.0 857.314453 106.259766 970.810547 399.199219 0.0 0.0 0.0 0.0 0.0 0.0 0.0 0.914901
Person 0.0 0 0.0 767.636719 73.959961 831.738281 295.444336 0.0 0.0 0.0 0.0 0.0 0.0 0.0 0.915809
Person 0.0 0 0.0 140.859375 400.122070 336.562500 771.635742 0.0 0.0 0.0 0.0 0.0 0.0 0.0 0.930458
Person 0.0 0 0.0 791.250000 102.634277 876.562500 346.398926 0.0 0.0 0.0 0.0 0.0 0.0 0.0 0.933188
Person 0.0 0 0.0 1010.097656 26.564941 1065.527344 203.093262 0.0 0.0 0.0 0.0 0.0 0.0 0.0 0.933431
Person 0.0 0 0.0 40.517578 183.581543 131.748047 399.660645 0.0 0.0 0.0 0.0 0.0 0.0 0.0 0.938576
Person 0.0 0 0.0 1095.087891 119.575195 1177.412109 377.446289 0.0 0.0 0.0 0.0 0.0 0.0 0.0 0.939692
