Person 0.0 0 0.0 1179.851074 22.609863 1208.898926 162.224121 0.0 0.0 0.0 0.0 0.0 0.0 0.0 0.521471
Person 0.0 0 0.0 1107.685547 28.015137 1146.064453 171.188965 0.0 0.0 0.0 0.0 0.0 0.0 0.0 0.523420
Person 0.0 0 0.0 1139.721680 75.179443 1190.903320 167.266846 0.0 0.0 0.0 0.0 0.0 0.0 0.0 0.536070
Person 0.0 0 0.0 932.797852 2.900391 989.077148 159.785156 0.0 0.0 0.0 0.0 0.0 0.0 0.0 0.680879
Person 0.0 0 0.0 488.056641 18.193359 566.630859 197.753906 0.0 0.0 0.0 0.0 0.0 0.0 0.0 0.742422
Person 0.0 0 0.0 483.427734 41.857910 529.072266 238.688965 0.0 0.0 0.0 0.0 0.0 0.0 0.0 0.774583
Person 0.0 0 0.0 1209.140625 164.399414 1305.234375 370.063477 0.0 0.0 0.0 0.0 0.0 0.0 0.0 0.777975
Person 0.0 0 0.0 145.795898 52.075195 180.454102 190.766602 0.0 0.0 0.0 0.0 0.0 0.0 0.0 0.824462
Person 0.0 0 0.0 182.724609 50.163574 226.259766 174.748535 0.0 0.0 0.0 0.0 0.0 0.0 0.0 0.829492
Person 0.0 0 0.0 801.181641 91.494141 914.443359 385.224609 0.0 0.0 0.0 0.0 0.0 0.0 0.0 0.858719
Person 0.0 0 0.0 83.027344 586.538086 295.488281 940.649414 0.0 0.0 0.0 0.0 0.0 0.0 0.0 0.862004
Person 0.0 0 0.0 922.353516 97.360840 1005.146484 359.582520 0.0 0.0 0.0 0.0 0.0 0.0 0.0 0.871475
Person 0.0 0 0.0 65.156250 441.386719 291.328125 784.160156 0.0 0.0 0.0 0.0 0.0 0.0 0.0 0.891055
Person 0.0 0 0.0 1094.794922 113.774414 1188.955078 361.889648 0.0 0.0 0.0 0.0 0.0 0.0 0.0 0.892187
Person 0.0 0 0.0 1143.750000 451.406250 1303.125000 814.218750 0.0 0.0 0.0 0.0 0.0 0.0 0.0 0.895523
Person 0.0 0 0.0 645.351562 72.180176 695.273438 284.304199 0.0 0.0 0.0 0.0 0.0 0.0 0.0 0.902610
Person 0.0 0 0.0 601.025391 16.215820 654.287109 210.278320 0.0 0.0 0.0 0.0 0.0 0.0 0.0 0.918187
Person 0.0 0 0.0 172.294922 129.331055 258.720703 330.249023 0.0 0.0 0.0 0.0 0.0 0.0 0.0 0.929951
Person 0.0 0 0.0 26.601562 191.953125 144.960938 442.441406 0.0 0.0 0.0 0.0 0.0 0.0 0.0 0.946200
Person 0.0 0 0.0 675.351562 75.344238 738.398438 306.452637 0.0 0.0 0.0 0.0 0.0 0.0 0.0 0.949669
