Person 0.0 0 0.0 917.226562 9.030762 955.898438 117.004395 0.0 0.0 0.0 0.0 0.0 0.0 0.0 0.663669
Person 0.0 0 0.0 783.632812 208.696289 860.742188 558.588867 0.0 0.0 0.0 0.0 0.0 0.0 0.0 0.704973
Person 0.0 0 0.0 963.193359 4.284668 1011.181641 116.740723 0.0 0.0 0.0 0.0 0.0 0.0 0.0 0.771843
Person 0.0 0 0.0 1236.738281 164.531250 1305.761719 366.767578 0.0 0.0 0.0 0.0 0.0 0.0 0.0 0.839208
Person 0.0 0 0.0 138.076172 53.525391 178.330078 197.358398 0.0 0.0 0.0 0.0 0.0 0.0 0.0 0.841305
Person 0.0 0 0.0 1529.179688 453.120117 1733.320312 809.340820 0.0 0.0 0.0 0.0 0.0 0.0 0.0 0.886420
Person 0.0 0 0.0 79.453125 538.417969 308.671875 878.027344 0.0 0.0 0.0 0.0 0.0 0.0 0.0 0.888759
Person 0.0 0 0.0 804.199219 255.498047 928.300781 621.474609 0.0 0.0 0.0 0.0 0.0 0.0 0.0 0.901921
Person 0.0 0 0.0 587.490234 13.974609 628.447266 187.998047 0.0 0.0 0.0 0.0 0.0 0.0 0.0 0.903975
Person 0.0 0 0.0 707.900391 40.935059 762.099609 238.293457 0.0 0.0 0.0 0.0 0.0 0.0 0.0 0.909907
Person 0.0 0 0.0 651.035156 178.901367 776.777344 463.403320 0.0 0.0 0.0 0.0 0.0 0.0 0.0 0.912124
Person 0.0 0 0.0 615.219727 15.556641 656.030273 205.004883 0.0 0.0 0.0 0.0 0.0 0.0 0.0 0.913984
Person 0.0 0 0.0 221.250000 350.024414 370.312500 727.866211 0.0 0.0 0.0 0.0 0.0 0.0 0.0 0.915205
Person 0.0 0 0.0 471.240234 236.250000 585.322266 588.515625 0.0 0.0 0.0 0.0 0.0 0.0 0.0 0.915507
Person 0.0 0 0.0 1095.322266 120.168457 1184.677734 376.325684 0.0 0.0 0.0 0.0 0.0 0.0 0.0 0.919353
Person 0.0 0 0.0 992.958984 139.350586 1078.916016 483.442383 0.0 0.0 0.0 0.0 0.0 0.0 0.0 0.921640
Person 0.0 0 0.0 1686.679688 503.745117 1877.695312 855.747070 0.0 0.0 0.0 0.0 0.0 0.0 0.0 0.941654
Person 0.0 0 0.0 503.056641 21.093750 557.255859 210.541992 0.0 0.0 0.0 0.0 0.0 0.0 0.0 0.951684
Person 0.0 0 0.0 941.542969 74.750977 1010.332031 339.213867 0.0 0.0 0.0 0.0 0.0 0.0 0.0 0.954647
Person 0.0 0 0.0 865.986328 41.396484 943.388672 279.228516 0.0 0.0 0.0 0.0 0.0 0.0 0.0 0.959001
