Person 0.0 0 0.0 1777.382812 725.097656 1918.000000 1040.449219 0.0 0.0 0.0 0.0 0.0 0.0 0.0 0.457137
Person 0.0 0 0.0 19.101562 46.801758 128.085938 208.037109 0.0 0.0 0.0 0.0 0.0 0.0 0.0 0.518546
Person 0.0 0 0.0 0.410156 189.645996 68.671875 413.635254 0.0 0.0 0.0 0.0 0.0 0.0 0.0 0.559290
Person 0.0 0 0.0 1175.756836 34.013672 1209.243164 189.316406 0.0 0.0 0.0 0.0 0.0 0.0 0.0 0.637934
Person 0.0 0 0.0 1216.083984 162.619629 1305.791016 375.798340 0.0 0.0 0.0 0.0 0.0 0.0 0.0 0.675765
Person 0.0 0 0.0 591.518555 15.424805 628.168945 189.448242 0.0 0.0 0.0 0.0 0.0 0.0 0.0 0.767690
Person 0.0 0 0.0 960.395508 6.394043 1010.229492 161.696777 0.0 0.0 0.0 0.0 0.0 0.0 0.0 0.849971
Person 0.0 0 0.0 604.760742 16.083984 657.114258 205.664062 0.0 0.0 0.0 0.0 0.0 0.0 0.0 0.872782
Person 0.0 0 0.0 910.107422 6.394043 953.642578 115.751953 0.0 0.0 0.0 0.0 0.0 0.0 0.0 0.876634
Person 0.0 0 0.0 146.967773 47.065430 189.829102 189.448242 0.0 0.0 0.0 0.0 0.0 0.0 0.0 0.886027
Person 0.0 0 0.0 870.761719 104.545898 981.738281 403.286133 0.0 0.0 0.0 0.0 0.0 0.0 0.0 0.901575
Person 0.0 0 0.0 1093.945312 52.734375 1154.179688 240.732422 0.0 0.0 0.0 0.0 0.0 0.0 0.0 0.910545
Person 0.0 0 0.0 83.320312 549.096680 304.804688 894.770508 0.0 0.0 0.0 0.0 0.0 0.0 0.0 0.911495
Person 0.0 0 0.0 823.769531 110.083008 892.792969 368.745117 0.0 0.0 0.0 0.0 0.0 0.0 0.0 0.930962
Person 0.0 0 0.0 461.660156 264.462891 599.589844 591.416016 0.0 0.0 0.0 0.0 0.0 0.0 0.0 0.933915
Person 0.0 0 0.0 500.537109 22.741699 553.212891 209.289551 0.0 0.0 0.0 0.0 0.0 0.0 0.0 0.947381
Person 0.0 0 0.0 953.085938 103.359375 1015.664062 380.214844 0.0 0.0 0.0 0.0 0.0 0.0 0.0 0.949295
Person 0.0 0 0.0 1099.511719 122.277832 1223.613281 378.698730 0.0 0.0 0.0 0.0 0.0 0.0 0.0 0.957278
Person 0.0 0 0.0 149.179688 370.063477 338.789062 721.538086 0.0 0.0 0.0 0.0 0.0 0.0 0.0 0.958382
Person 0.0 0 0.0 521.396484 118.520508 596.103516 374.282227 0.0 0.0 0.0 0.0 0.0 0.0 0.0 0.962391
