Person 0.0 0 0.0 18.544922 46.867676 110.478516 212.849121 0.0 0.0 0.0 0.0 0.0 0.0 0.0 0.406391
Person 0.0 0 0.0 1807.236328 366.437988 1899.638672 561.159668 0.0 0.0 0.0 0.0 0.0 0.0 0.0 0.481454
Person 0.0 0 0.0 1114.204102 27.883301 1147.045898 152.072754 0.0 0.0 0.0 0.0 0.0 0.0 0.0 0.495117
Person 0.0 0 0.0 1218.427734 168.420410 1277.197266 377.380371 0.0 0.0 0.0 0.0 0.0 0.0 0.0 0.531209
Person 0.0 0 0.0 0.937500 665.375977 242.812500 995.756836 0.0 0.0 0.0 0.0 0.0 0.0 0.0 0.572723
Person 0.0 0 0.0 931.801758 3.098145 988.198242 157.478027 0.0 0.0 0.0 0.0 0.0 0.0 0.0 0.590779
Person 0.0 0 0.0 642.172852 44.428711 683.452148 277.778320 0.0 0.0 0.0 0.0 0.0 0.0 0.0 0.636127
Person 0.0 0 0.0 1168.154297 15.095215 1209.345703 191.623535 0.0 0.0 0.0 0.0 0.0 0.0 0.0 0.675765
Person 0.0 0 0.0 145.268555 49.636230 185.668945 191.491699 0.0 0.0 0.0 0.0 0.0 0.0 0.0 0.885632
Person 0.0 0 0.0 1387.734375 427.939453 1565.390625 734.326172 0.0 0.0 0.0 0.0 0.0 0.0 0.0 0.891811
Person 0.0 0 0.0 920.771484 84.902344 1012.353516 345.673828 0.0 0.0 0.0 0.0 0.0 0.0 0.0 0.894052
Person 0.0 0 0.0 601.025391 17.204590 647.724609 211.662598 0.0 0.0 0.0 0.0 0.0 0.0 0.0 0.897336
Person 0.0 0 0.0 806.835938 91.494141 917.226562 389.179688 0.0 0.0 0.0 0.0 0.0 0.0 0.0 0.917598
Person 0.0 0 0.0 1398.281250 645.336914 1751.718750 1046.381836 0.0 0.0 0.0 0.0 0.0 0.0 0.0 0.926835
Person 0.0 0 0.0 1079.941406 118.454590 1162.558594 367.229004 0.0 0.0 0.0 0.0 0.0 0.0 0.0 0.928668
Person 0.0 0 0.0 100.488281 74.355469 170.449219 237.568359 0.0 0.0 0.0 0.0 0.0 0.0 0.0 0.935110
Person 0.0 0 0.0 503.085938 13.974609 565.664062 197.885742 0.0 0.0 0.0 0.0 0.0 0.0 0.0 0.939692
Person 0.0 0 0.0 40.576172 181.604004 144.228516 435.915527 0.0 0.0 0.0 0.0 0.0 0.0 0.0 0.950960
Person 0.0 0 0.0 45.527344 457.734375 282.363281 820.546875 0.0 0.0 0.0 0.0 0.0 0.0 0.0 0.956472
Person 0.0 0 0.0 661.464844 76.201172 724.160156 306.123047 0.0 0.0 0.0 0.0 0.0 0.0 0.0 0.961244
