Person 0.0 0 0.0 1232.197266 83.913574 1323.427734 282.854004 0.0 0.0 0.0 0.0 0.0 0.0 0.0 0.604866
Person 0.0 0 0.0 200.273438 48.548584 229.101562 175.968018 0.0 0.0 0.0 0.0 0.0 0.0 0.0 0.618780
Person 0.0 0 0.0 1168.110352 16.545410 1209.389648 191.228027 0.0 0.0 0.0 0.0 0.0 0.0 0.0 0.664540
Person 0.0 0 0.0 932.958984 3.361816 988.916016 145.744629 0.0 0.0 0.0 0.0 0.0 0.0 0.0 0.713831
Person 0.0 0 0.0 604.511719 16.677246 654.550781 202.302246 0.0 0.0 0.0 0.0 0.0 0.0 0.0 0.741674
Person 0.0 0 0.0 1646.132812 563.466797 1918.000000 893.056641 0.0 0.0 0.0 0.0 0.0 0.0 0.0 0.760651
Person 0.0 0 0.0 917.314453 91.230469 991.435547 370.722656 0.0 0.0 0.0 0.0 0.0 0.0 0.0 0.796292
Person 0.0 0 0.0 146.894531 49.372559 188.730469 189.645996 0.0 0.0 0.0 0.0 0.0 0.0 0.0 0.811676
Person 0.0 0 0.0 819.082031 94.921875 917.167969 386.806641 0.0 0.0 0.0 0.0 0.0 0.0 0.0 0.836020
Person 0.0 0 0.0 484.248047 18.588867 562.939453 198.940430 0.0 0.0 0.0 0.0 0.0 0.0 0.0 0.865679
Person 0.0 0 0.0 1214.208984 161.564941 1303.916016 369.733887 0.0 0.0 0.0 0.0 0.0 0.0 0.0 0.875361
Person 0.0 0 0.0 648.120117 74.487305 694.379883 284.633789 0.0 0.0 0.0 0.0 0.0 0.0 0.0 0.878314
Person 0.0 0 0.0 87.304688 579.814453 295.429688 941.044922 0.0 0.0 0.0 0.0 0.0 0.0 0.0 0.891434
Person 0.0 0 0.0 31.669922 229.658203 122.548828 466.962891 0.0 0.0 0.0 0.0 0.0 0.0 0.0 0.917598
Person 0.0 0 0.0 575.683594 48.383789 657.128906 253.520508 0.0 0.0 0.0 0.0 0.0 0.0 0.0 0.923039
Person 0.0 0 0.0 1075.634766 116.542969 1161.240234 364.130859 0.0 0.0 0.0 0.0 0.0 0.0 0.0 0.934395
Person 0.0 0 0.0 122.109375 144.492188 211.640625 348.310547 0.0 0.0 0.0 0.0 0.0 0.0 0.0 0.937440
Person 0.0 0 0.0 1077.421875 637.294922 1258.828125 1032.275391 0.0 0.0 0.0 0.0 0.0 0.0 0.0 0.956957
Person 0.0 0 0.0 97.851562 415.546875 293.554688 786.796875 0.0 0.0 0.0 0.0 0.0 0.0 0.0 0.959154
Person 0.0 0 0.0 674.501953 75.410156 739.248047 306.386719 0.0 0.0 0.0 0.0 0.0 0.0 0.0 0.960361
