Person 0.0 0 0.0 0.966797 192.546387 76.669922 416.535645 0.0 0.0 0.0 0.0 0.0 0.0 0.0 0.562177
Person 0.0 0 0.0 19.101562 47.460938 127.500000 200.917969 0.0 0.0 0.0 0.0 0.0 0.0 0.0 0.576542
Person 0.0 0 0.0 1110.644531 122.673340 1225.605469 372.502441 0.0 0.0 0.0 0.0 0.0 0.0 0.0 0.694303
Person 0.0 0 0.0 803.496094 27.092285 873.691406 188.854980 0.0 0.0 0.0 0.0 0.0 0.0 0.0 0.721743
Person 0.0 0 0.0 137.958984 53.261719 180.087891 197.622070 0.0 0.0 0.0 0.0 0.0 0.0 0.0 0.750553
Person 0.0 0 0.0 969.726562 172.441406 1092.773438 458.261719 0.0 0.0 0.0 0.0 0.0 0.0 0.0 0.827828
Person 0.0 0 0.0 310.341797 255.366211 426.533203 557.797852 0.0 0.0 0.0 0.0 0.0 0.0 0.0 0.838680
Person 0.0 0 0.0 585.029297 126.166992 663.720703 400.913086 0.0 0.0 0.0 0.0 0.0 0.0 0.0 0.845433
Person 0.0 0 0.0 1522.617188 484.892578 1771.757812 813.427734 0.0 0.0 0.0 0.0 0.0 0.0 0.0 0.851953
Person 0.0 0 0.0 617.314453 10.283203 665.185547 201.577148 0.0 0.0 0.0 0.0 0.0 0.0 0.0 0.855369
Person 0.0 0 0.0 76.640625 536.572266 308.671875 878.818359 0.0 0.0 0.0 0.0 0.0 0.0 0.0 0.865224
Person 0.0 0 0.0 497.460938 272.768555 635.976562 681.723633 0.0 0.0 0.0 0.0 0.0 0.0 0.0 0.869715
Person 0.0 0 0.0 512.080078 22.873535 561.357422 209.553223 0.0 0.0 0.0 0.0 0.0 0.0 0.0 0.884039
Person 0.0 0 0.0 670.488281 216.342773 800.449219 550.942383 0.0 0.0 0.0 0.0 0.0 0.0 0.0 0.899475
Person 0.0 0 0.0 808.769531 227.812500 923.730469 601.171875 0.0 0.0 0.0 0.0 0.0 0.0 0.0 0.901575
Person 0.0 0 0.0 248.496094 358.725586 404.472656 717.055664 0.0 0.0 0.0 0.0 0.0 0.0 0.0 0.934155
Person 0.0 0 0.0 581.879883 14.370117 630.307617 167.827148 0.0 0.0 0.0 0.0 0.0 0.0 0.0 0.941868
Person 0.0 0 0.0 63.750000 143.239746 159.492188 344.025879 0.0 0.0 0.0 0.0 0.0 0.0 0.0 0.945801
Person 0.0 0 0.0 878.789062 27.883301 953.085938 266.638184 0.0 0.0 0.0 0.0 0.0 0.0 0.0 0.946990
Person 0.0 0 0.0 692.021484 14.963379 750.791016 227.482910 0.0 0.0 0.0 0.0 0.0 0.0 0.0 0.952397
