Person 0.0 0 0.0 1777.089844 725.097656 1918.000000 1040.449219 0.0 0.0 0.0 0.0 0.0 0.0 0.0 0.468791
Person 0.0 0 0.0 18.837891 46.867676 127.998047 207.971191 0.0 0.0 0.0 0.0 0.0 0.0 0.0 0.516595
Person 0.0 0 0.0 0.410156 189.448242 68.378906 413.305664 0.0 0.0 0.0 0.0 0.0 0.0 0.0 0.559290
Person 0.0 0 0.0 1175.815430 33.881836 1209.184570 189.052734 0.0 0.0 0.0 0.0 0.0 0.0 0.0 0.647798
Person 0.0 0 0.0 1225.751953 162.619629 1305.498047 372.370605 0.0 0.0 0.0 0.0 0.0 0.0 0.0 0.670608
Person 0.0 0 0.0 591.562500 15.358887 628.125000 189.118652 0.0 0.0 0.0 0.0 0.0 0.0 0.0 0.759225
Person 0.0 0 0.0 960.483398 6.394043 1010.141602 161.301270 0.0 0.0 0.0 0.0 0.0 0.0 0.0 0.859664
Person 0.0 0 0.0 911.469727 5.438232 952.280273 114.927979 0.0 0.0 0.0 0.0 0.0 0.0 0.0 0.870157
Person 0.0 0 0.0 149.604492 47.065430 189.770508 189.448242 0.0 0.0 0.0 0.0 0.0 0.0 0.0 0.876634
Person 0.0 0 0.0 606.005859 15.886230 656.806641 205.466309 0.0 0.0 0.0 0.0 0.0 0.0 0.0 0.896976
Person 0.0 0 0.0 83.496094 549.096680 304.628906 894.770508 0.0 0.0 0.0 0.0 0.0 0.0 0.0 0.906322
Person 0.0 0 0.0 871.669922 105.205078 980.830078 402.890625 0.0 0.0 0.0 0.0 0.0 0.0 0.0 0.915809
Person 0.0 0 0.0 1093.945312 52.800293 1154.179688 240.666504 0.0 0.0 0.0 0.0 0.0 0.0 0.0 0.919063
Person 0.0 0 0.0 823.857422 110.874023 893.642578 368.745117 0.0 0.0 0.0 0.0 0.0 0.0 0.0 0.931960
Person 0.0 0 0.0 474.667969 267.363281 608.144531 591.152344 0.0 0.0 0.0 0.0 0.0 0.0 0.0 0.941439
Person 0.0 0 0.0 952.910156 103.359375 1015.839844 380.214844 0.0 0.0 0.0 0.0 0.0 0.0 0.0 0.944382
Person 0.0 0 0.0 500.595703 22.939453 553.154297 208.696289 0.0 0.0 0.0 0.0 0.0 0.0 0.0 0.949482
Person 0.0 0 0.0 1099.394531 120.827637 1223.730469 379.094238 0.0 0.0 0.0 0.0 0.0 0.0 0.0 0.960212
Person 0.0 0 0.0 518.496094 118.454590 596.191406 374.611816 0.0 0.0 0.0 0.0 0.0 0.0 0.0 0.961389
Person 0.0 0 0.0 150.234375 370.854492 342.890625 721.801758 0.0 0.0 0.0 0.0 0.0 0.0 0.0 0.965119
