Person 0.0 0 0.0 1175.434570 15.952148 1209.565430 187.866211 0.0 0.0 0.0 0.0 0.0 0.0 0.0 0.538983
Person 0.0 0 0.0 1818.398438 326.821289 1918.000000 548.569336 0.0 0.0 0.0 0.0 0.0 0.0 0.0 0.639736
Person 0.0 0 0.0 1231.259766 173.034668 1303.740234 371.184082 0.0 0.0 0.0 0.0 0.0 0.0 0.0 0.690142
Person 0.0 0 0.0 919.101562 8.898926 955.898438 103.293457 0.0 0.0 0.0 0.0 0.0 0.0 0.0 0.712232
Person 0.0 0 0.0 1429.746094 470.522461 1650.878906 825.688477 0.0 0.0 0.0 0.0 0.0 0.0 0.0 0.733356
Person 0.0 0 0.0 137.094727 52.470703 178.139648 197.094727 0.0 0.0 0.0 0.0 0.0 0.0 0.0 0.825027
Person 0.0 0 0.0 1.318359 203.291016 78.134766 414.755859 0.0 0.0 0.0 0.0 0.0 0.0 0.0 0.832781
Person 0.0 0 0.0 203.906250 786.928711 428.906250 1073.540039 0.0 0.0 0.0 0.0 0.0 0.0 0.0 0.863392
Person 0.0 0 0.0 1094.941406 121.025391 1215.058594 374.150391 0.0 0.0 0.0 0.0 0.0 0.0 0.0 0.892187
Person 0.0 0 0.0 806.279297 264.331055 922.470703 621.606445 0.0 0.0 0.0 0.0 0.0 0.0 0.0 0.899828
Person 0.0 0 0.0 963.442383 7.844238 1012.807617 169.211426 0.0 0.0 0.0 0.0 0.0 0.0 0.0 0.900879
Person 0.0 0 0.0 507.568359 21.884766 558.369141 209.750977 0.0 0.0 0.0 0.0 0.0 0.0 0.0 0.901575
Person 0.0 0 0.0 608.173828 14.304199 657.451172 204.016113 0.0 0.0 0.0 0.0 0.0 0.0 0.0 0.913058
Person 0.0 0 0.0 773.378906 221.616211 857.871094 557.270508 0.0 0.0 0.0 0.0 0.0 0.0 0.0 0.922482
Person 0.0 0 0.0 180.585938 366.372070 366.914062 733.666992 0.0 0.0 0.0 0.0 0.0 0.0 0.0 0.923316
Person 0.0 0 0.0 897.890625 106.918945 976.171875 400.649414 0.0 0.0 0.0 0.0 0.0 0.0 0.0 0.924959
Person 0.0 0 0.0 702.890625 42.583008 755.859375 255.366211 0.0 0.0 0.0 0.0 0.0 0.0 0.0 0.927626
Person 0.0 0 0.0 987.333984 126.562500 1099.541016 436.640625 0.0 0.0 0.0 0.0 0.0 0.0 0.0 0.928926
Person 0.0 0 0.0 588.823242 13.183594 629.926758 186.679688 0.0 0.0 0.0 0.0 0.0 0.0 0.0 0.929184
Person 0.0 0 0.0 225.937500 261.562500 390.468750 577.441406 0.0 0.0 0.0 0.0 0.0 0.0 0.0 0.941654
