Person 0.0 0 0.0 1777.089844 730.239258 1918.000000 1040.581055 0.0 0.0 0.0 0.0 0.0 0.0 0.0 0.438785
Person 0.0 0 0.0 18.398438 46.801758 127.968750 208.037109 0.0 0.0 0.0 0.0 0.0 0.0 0.0 0.448426
Person 0.0 0 0.0 0.615234 192.216797 68.466797 417.392578 0.0 0.0 0.0 0.0 0.0 0.0 0.0 0.546738
Person 0.0 0 0.0 1176.137695 35.002441 1208.862305 188.723145 0.0 0.0 0.0 0.0 0.0 0.0 0.0 0.663669
Person 0.0 0 0.0 1224.667969 162.487793 1304.707031 370.129395 0.0 0.0 0.0 0.0 0.0 0.0 0.0 0.751283
Person 0.0 0 0.0 590.727539 15.095215 628.959961 188.723145 0.0 0.0 0.0 0.0 0.0 0.0 0.0 0.811078
Person 0.0 0 0.0 608.349609 16.083984 656.337891 206.059570 0.0 0.0 0.0 0.0 0.0 0.0 0.0 0.844409
Person 0.0 0 0.0 80.976562 548.964844 304.335938 894.902344 0.0 0.0 0.0 0.0 0.0 0.0 0.0 0.888372
Person 0.0 0 0.0 639.169922 232.163086 755.830078 549.887695 0.0 0.0 0.0 0.0 0.0 0.0 0.0 0.895157
Person 0.0 0 0.0 823.828125 112.719727 889.921875 368.217773 0.0 0.0 0.0 0.0 0.0 0.0 0.0 0.899828
Person 0.0 0 0.0 148.740234 48.581543 189.931641 189.645996 0.0 0.0 0.0 0.0 0.0 0.0 0.0 0.901921
Person 0.0 0 0.0 869.443359 111.533203 972.744141 403.154297 0.0 0.0 0.0 0.0 0.0 0.0 0.0 0.904313
Person 0.0 0 0.0 952.324219 101.513672 1016.425781 380.214844 0.0 0.0 0.0 0.0 0.0 0.0 0.0 0.907967
Person 0.0 0 0.0 906.870117 7.448730 947.504883 150.622559 0.0 0.0 0.0 0.0 0.0 0.0 0.0 0.914291
Person 0.0 0 0.0 952.998047 6.789551 1010.126953 154.182129 0.0 0.0 0.0 0.0 0.0 0.0 0.0 0.915205
Person 0.0 0 0.0 1093.505859 52.932129 1152.744141 240.534668 0.0 0.0 0.0 0.0 0.0 0.0 0.0 0.921922
Person 0.0 0 0.0 500.419922 22.543945 552.392578 207.114258 0.0 0.0 0.0 0.0 0.0 0.0 0.0 0.922482
Person 0.0 0 0.0 149.824219 371.250000 345.175781 720.351562 0.0 0.0 0.0 0.0 0.0 0.0 0.0 0.947769
Person 0.0 0 0.0 511.875000 118.125000 596.250000 374.677734 0.0 0.0 0.0 0.0 0.0 0.0 0.0 0.952220
Person 0.0 0 0.0 1101.328125 122.871094 1223.671875 378.896484 0.0 0.0 0.0 0.0 0.0 0.0 0.0 0.960510
