Person 0.0 0 0.0 130.209961 52.470703 177.290039 197.094727 0.0 0.0 0.0 0.0 0.0 0.0 0.0 0.756358
Person 0.0 0 0.0 1522.558594 477.773438 1754.941406 813.164062 0.0 0.0 0.0 0.0 0.0 0.0 0.0 0.816406
Person 0.0 0 0.0 70.473633 63.281250 118.549805 209.091797 0.0 0.0 0.0 0.0 0.0 0.0 0.0 0.819316
Person 0.0 0 0.0 415.839844 209.882812 526.816406 530.507812 0.0 0.0 0.0 0.0 0.0 0.0 0.0 0.842345
Person 0.0 0 0.0 1206.035156 85.034180 1289.589844 313.374023 0.0 0.0 0.0 0.0 0.0 0.0 0.0 0.862468
Person 0.0 0 0.0 623.027344 15.490723 665.097656 139.680176 0.0 0.0 0.0 0.0 0.0 0.0 0.0 0.875787
Person 0.0 0 0.0 765.029297 247.192383 867.158203 636.635742 0.0 0.0 0.0 0.0 0.0 0.0 0.0 0.886420
Person 0.0 0 0.0 529.453125 251.147461 684.609375 646.391602 0.0 0.0 0.0 0.0 0.0 0.0 0.0 0.893681
Person 0.0 0 0.0 78.574219 535.781250 308.847656 878.554688 0.0 0.0 0.0 0.0 0.0 0.0 0.0 0.898053
Person 0.0 0 0.0 980.566406 18.457031 1044.433594 202.895508 0.0 0.0 0.0 0.0 0.0 0.0 0.0 0.913368
Person 0.0 0 0.0 1179.316406 84.375000 1245.058594 268.681641 0.0 0.0 0.0 0.0 0.0 0.0 0.0 0.913677
Person 0.0 0 0.0 220.488281 356.088867 395.917969 727.075195 0.0 0.0 0.0 0.0 0.0 0.0 0.0 0.922482
Person 0.0 0 0.0 789.199219 38.364258 889.863281 275.405273 0.0 0.0 0.0 0.0 0.0 0.0 0.0 0.924142
Person 0.0 0 0.0 1204.042969 311.660156 1347.832031 644.941406 0.0 0.0 0.0 0.0 0.0 0.0 0.0 0.932699
Person 0.0 0 0.0 635.683594 94.921875 708.691406 363.867188 0.0 0.0 0.0 0.0 0.0 0.0 0.0 0.933915
Person 0.0 0 0.0 900.585938 52.536621 966.914062 263.342285 0.0 0.0 0.0 0.0 0.0 0.0 0.0 0.937211
Person 0.0 0 0.0 286.582031 253.256836 413.261719 569.399414 0.0 0.0 0.0 0.0 0.0 0.0 0.0 0.941654
Person 0.0 0 0.0 510.043945 24.257812 566.206055 209.882812 0.0 0.0 0.0 0.0 0.0 0.0 0.0 0.957278
Person 0.0 0 0.0 573.032227 13.579102 630.717773 184.833984 0.0 0.0 0.0 0.0 0.0 0.0 0.0 0.960063
Person 0.0 0 0.0 683.554688 17.666016 741.445312 232.426758 0.0 0.0 0.0 0.0 0.0 0.0 0.0 0.960212
