Person 0.0 0 0.0 0.468750 230.383301 71.718750 415.612793 0.0 0.0 0.0 0.0 0.0 0.0 0.0 0.383064
Person 0.0 0 0.0 19.804688 46.538086 126.796875 208.696289 0.0 0.0 0.0 0.0 0.0 0.0 0.0 0.383988
Person 0.0 0 0.0 1770.703125 665.903320 1918.000000 1001.557617 0.0 0.0 0.0 0.0 0.0 0.0 0.0 0.407333
Person 0.0 0 0.0 1175.756836 27.883301 1207.368164 176.989746 0.0 0.0 0.0 0.0 0.0 0.0 0.0 0.520496
Person 0.0 0 0.0 918.574219 8.931885 955.488281 114.136963 0.0 0.0 0.0 0.0 0.0 0.0 0.0 0.711431
Person 0.0 0 0.0 1230.644531 160.378418 1300.605469 364.855957 0.0 0.0 0.0 0.0 0.0 0.0 0.0 0.754915
Person 0.0 0 0.0 138.471680 52.536621 181.918945 197.028809 0.0 0.0 0.0 0.0 0.0 0.0 0.0 0.799442
Person 0.0 0 0.0 588.237305 13.974609 631.450195 185.493164 0.0 0.0 0.0 0.0 0.0 0.0 0.0 0.823328
Person 0.0 0 0.0 1180.517578 89.121094 1260.732422 305.595703 0.0 0.0 0.0 0.0 0.0 0.0 0.0 0.827271
Person 0.0 0 0.0 807.451172 114.565430 877.236328 382.983398 0.0 0.0 0.0 0.0 0.0 0.0 0.0 0.839208
Person 0.0 0 0.0 963.017578 7.185059 1011.357422 122.607422 0.0 0.0 0.0 0.0 0.0 0.0 0.0 0.843380
Person 0.0 0 0.0 95.683594 549.096680 304.863281 894.770508 0.0 0.0 0.0 0.0 0.0 0.0 0.0 0.886027
Person 0.0 0 0.0 603.369141 15.754395 656.630859 205.598145 0.0 0.0 0.0 0.0 0.0 0.0 0.0 0.898767
Person 0.0 0 0.0 508.007812 21.884766 557.929688 209.750977 0.0 0.0 0.0 0.0 0.0 0.0 0.0 0.901575
Person 0.0 0 0.0 724.306641 257.871094 828.193359 616.464844 0.0 0.0 0.0 0.0 0.0 0.0 0.0 0.905322
Person 0.0 0 0.0 903.544922 88.395996 970.517578 344.025879 0.0 0.0 0.0 0.0 0.0 0.0 0.0 0.922203
Person 0.0 0 0.0 1100.830078 126.298828 1188.544922 375.468750 0.0 0.0 0.0 0.0 0.0 0.0 0.0 0.929184
Person 0.0 0 0.0 951.943359 115.356445 1016.806641 389.838867 0.0 0.0 0.0 0.0 0.0 0.0 0.0 0.930711
Person 0.0 0 0.0 1068.984375 56.755371 1145.390625 261.760254 0.0 0.0 0.0 0.0 0.0 0.0 0.0 0.935582
Person 0.0 0 0.0 148.183594 383.906250 361.816406 741.445312 0.0 0.0 0.0 0.0 0.0 0.0 0.0 0.941868
