Person 0.0 0 0.0 1169.062500 19.445801 1206.562500 190.568848 0.0 0.0 0.0 0.0 0.0 0.0 0.0 0.703346
Person 0.0 0 0.0 626.352539 12.260742 663.647461 148.051758 0.0 0.0 0.0 0.0 0.0 0.0 0.0 0.740174
Person 0.0 0 0.0 130.253906 52.338867 177.246094 196.831055 0.0 0.0 0.0 0.0 0.0 0.0 0.0 0.762070
Person 0.0 0 0.0 1521.914062 476.718750 1753.710938 813.164062 0.0 0.0 0.0 0.0 0.0 0.0 0.0 0.849971
Person 0.0 0 0.0 71.513672 62.819824 118.212891 209.289551 0.0 0.0 0.0 0.0 0.0 0.0 0.0 0.850965
Person 0.0 0 0.0 905.302734 41.066895 949.072266 226.823730 0.0 0.0 0.0 0.0 0.0 0.0 0.0 0.860604
Person 0.0 0 0.0 1217.871094 318.647461 1347.128906 656.938477 0.0 0.0 0.0 0.0 0.0 0.0 0.0 0.889529
Person 0.0 0 0.0 755.917969 253.256836 868.769531 636.899414 0.0 0.0 0.0 0.0 0.0 0.0 0.0 0.897336
Person 0.0 0 0.0 403.242188 196.567383 525.351562 522.729492 0.0 0.0 0.0 0.0 0.0 0.0 0.0 0.902952
Person 0.0 0 0.0 79.160156 535.781250 308.964844 878.554688 0.0 0.0 0.0 0.0 0.0 0.0 0.0 0.905657
Person 0.0 0 0.0 980.844727 17.666016 1040.405273 197.226562 0.0 0.0 0.0 0.0 0.0 0.0 0.0 0.907640
Person 0.0 0 0.0 215.742188 358.461914 395.976562 726.811523 0.0 0.0 0.0 0.0 0.0 0.0 0.0 0.914596
Person 0.0 0 0.0 296.982422 244.687500 413.642578 564.257812 0.0 0.0 0.0 0.0 0.0 0.0 0.0 0.915507
Person 0.0 0 0.0 609.257812 101.118164 703.242188 363.999023 0.0 0.0 0.0 0.0 0.0 0.0 0.0 0.923316
Person 0.0 0 0.0 529.980469 251.674805 681.269531 645.864258 0.0 0.0 0.0 0.0 0.0 0.0 0.0 0.928926
Person 0.0 0 0.0 1177.558594 84.836426 1235.566406 269.011230 0.0 0.0 0.0 0.0 0.0 0.0 0.0 0.930205
Person 0.0 0 0.0 847.324219 35.859375 927.363281 275.800781 0.0 0.0 0.0 0.0 0.0 0.0 0.0 0.930711
Person 0.0 0 0.0 509.677734 24.587402 563.759766 209.948730 0.0 0.0 0.0 0.0 0.0 0.0 0.0 0.953622
Person 0.0 0 0.0 574.628906 13.381348 634.746094 185.822754 0.0 0.0 0.0 0.0 0.0 0.0 0.0 0.960805
Person 0.0 0 0.0 677.460938 15.556641 750.351562 228.999023 0.0 0.0 0.0 0.0 0.0 0.0 0.0 0.961244
