Person 0.0 0 0.0 1852.558594 407.438965 1918.000000 587.658691 0.0 0.0 0.0 0.0 0.0 0.0 0.0 0.487307
Person 0.0 0 0.0 1114.204102 28.806152 1147.045898 159.982910 0.0 0.0 0.0 0.0 0.0 0.0 0.0 0.493164
Person 0.0 0 0.0 1169.047852 16.479492 1208.452148 191.689453 0.0 0.0 0.0 0.0 0.0 0.0 0.0 0.742422
Person 0.0 0 0.0 645.249023 76.596680 687.875977 284.897461 0.0 0.0 0.0 0.0 0.0 0.0 0.0 0.748352
Person 0.0 0 0.0 931.962891 1.878662 988.037109 133.516846 0.0 0.0 0.0 0.0 0.0 0.0 0.0 0.763484
Person 0.0 0 0.0 31.816406 659.575195 249.199219 1007.885742 0.0 0.0 0.0 0.0 0.0 0.0 0.0 0.840259
Person 0.0 0 0.0 1460.097656 452.065430 1635.527344 750.278320 0.0 0.0 0.0 0.0 0.0 0.0 0.0 0.853913
Person 0.0 0 0.0 1230.556641 163.937988 1298.818359 359.978027 0.0 0.0 0.0 0.0 0.0 0.0 0.0 0.878731
Person 0.0 0 0.0 146.206055 51.481934 186.372070 191.359863 0.0 0.0 0.0 0.0 0.0 0.0 0.0 0.881615
Person 0.0 0 0.0 661.025391 76.794434 725.537109 306.057129 0.0 0.0 0.0 0.0 0.0 0.0 0.0 0.895157
Person 0.0 0 0.0 921.269531 86.220703 1009.980469 345.673828 0.0 0.0 0.0 0.0 0.0 0.0 0.0 0.897336
Person 0.0 0 0.0 601.171875 18.061523 648.515625 212.783203 0.0 0.0 0.0 0.0 0.0 0.0 0.0 0.905990
Person 0.0 0 0.0 807.216797 90.703125 919.658203 388.916016 0.0 0.0 0.0 0.0 0.0 0.0 0.0 0.906983
Person 0.0 0 0.0 501.533203 15.095215 568.154297 202.038574 0.0 0.0 0.0 0.0 0.0 0.0 0.0 0.913984
Person 0.0 0 0.0 1066.582031 515.214844 1284.667969 1029.902344 0.0 0.0 0.0 0.0 0.0 0.0 0.0 0.919643
Person 0.0 0 0.0 50.302734 177.319336 144.814453 435.454102 0.0 0.0 0.0 0.0 0.0 0.0 0.0 0.937440
Person 0.0 0 0.0 1648.183594 484.365234 1861.816406 812.900391 0.0 0.0 0.0 0.0 0.0 0.0 0.0 0.940134
Person 0.0 0 0.0 34.453125 469.335938 269.062500 802.617188 0.0 0.0 0.0 0.0 0.0 0.0 0.0 0.947962
Person 0.0 0 0.0 1083.046875 119.443359 1172.578125 366.240234 0.0 0.0 0.0 0.0 0.0 0.0 0.0 0.954984
Person 0.0 0 0.0 561.181641 47.460938 625.693359 257.871094 0.0 0.0 0.0 0.0 0.0 0.0 0.0 0.955651
