Person 0.0 0 0.0 1062.495117 22.346191 1097.504883 173.693848 0.0 0.0 0.0 0.0 0.0 0.0 0.0 0.438785
Person 0.0 0 0.0 138.559570 46.142578 172.690430 187.602539 0.0 0.0 0.0 0.0 0.0 0.0 0.0 0.492188
Person 0.0 0 0.0 1807.236328 330.842285 1907.138672 560.895996 0.0 0.0 0.0 0.0 0.0 0.0 0.0 0.516595
Person 0.0 0 0.0 1110.043945 28.146973 1147.456055 168.552246 0.0 0.0 0.0 0.0 0.0 0.0 0.0 0.550607
Person 0.0 0 0.0 188.408203 125.375977 263.935547 332.622070 0.0 0.0 0.0 0.0 0.0 0.0 0.0 0.685949
Person 0.0 0 0.0 653.686523 72.377930 709.438477 283.842773 0.0 0.0 0.0 0.0 0.0 0.0 0.0 0.777975
Person 0.0 0 0.0 932.080078 3.229980 987.919922 123.991699 0.0 0.0 0.0 0.0 0.0 0.0 0.0 0.802556
Person 0.0 0 0.0 485.800781 18.852539 565.136719 198.676758 0.0 0.0 0.0 0.0 0.0 0.0 0.0 0.874935
Person 0.0 0 0.0 95.566406 582.714844 295.839844 940.253906 0.0 0.0 0.0 0.0 0.0 0.0 0.0 0.884439
Person 0.0 0 0.0 800.595703 89.516602 915.966797 385.620117 0.0 0.0 0.0 0.0 0.0 0.0 0.0 0.886420
Person 0.0 0 0.0 606.152344 16.875000 654.785156 209.619141 0.0 0.0 0.0 0.0 0.0 0.0 0.0 0.890675
Person 0.0 0 0.0 1196.132812 164.531250 1301.367188 373.359375 0.0 0.0 0.0 0.0 0.0 0.0 0.0 0.895888
Person 0.0 0 0.0 908.935547 86.813965 999.814453 354.836426 0.0 0.0 0.0 0.0 0.0 0.0 0.0 0.916110
Person 0.0 0 0.0 1186.757812 413.041992 1400.742188 730.239258 0.0 0.0 0.0 0.0 0.0 0.0 0.0 0.919931
Person 0.0 0 0.0 82.734375 416.206055 265.781250 741.840820 0.0 0.0 0.0 0.0 0.0 0.0 0.0 0.926570
Person 0.0 0 0.0 1098.632812 111.203613 1190.742188 366.306152 0.0 0.0 0.0 0.0 0.0 0.0 0.0 0.932453
Person 0.0 0 0.0 159.946289 57.414551 210.834961 226.032715 0.0 0.0 0.0 0.0 0.0 0.0 0.0 0.935346
Person 0.0 0 0.0 1003.710938 72.971191 1073.789062 290.368652 0.0 0.0 0.0 0.0 0.0 0.0 0.0 0.937440
Person 0.0 0 0.0 42.744141 180.021973 144.873047 419.040527 0.0 0.0 0.0 0.0 0.0 0.0 0.0 0.943348
Person 0.0 0 0.0 665.156250 74.487305 737.343750 308.627930 0.0 0.0 0.0 0.0 0.0 0.0 0.0 0.950227
