Person 0.0 0 0.0 995.156250 981.123047 1162.968750 1076.572266 0.0 0.0 0.0 0.0 0.0 0.0 0.0 0.482429
Person 0.0 0 0.0 19.042969 46.999512 124.277344 210.080566 0.0 0.0 0.0 0.0 0.0 0.0 0.0 0.579400
Person 0.0 0 0.0 879.052734 66.906738 943.447266 286.413574 0.0 0.0 0.0 0.0 0.0 0.0 0.0 0.606731
Person 0.0 0 0.0 1110.175781 27.817383 1147.324219 170.595703 0.0 0.0 0.0 0.0 0.0 0.0 0.0 0.628863
Person 0.0 0 0.0 1174.291992 17.600098 1208.833008 192.019043 0.0 0.0 0.0 0.0 0.0 0.0 0.0 0.759225
Person 0.0 0 0.0 1271.718750 84.572754 1332.656250 214.431152 0.0 0.0 0.0 0.0 0.0 0.0 0.0 0.812272
Person 0.0 0 0.0 147.495117 50.163574 188.129883 192.678223 0.0 0.0 0.0 0.0 0.0 0.0 0.0 0.837088
Person 0.0 0 0.0 932.021484 3.559570 987.978516 150.029297 0.0 0.0 0.0 0.0 0.0 0.0 0.0 0.869715
Person 0.0 0 0.0 1218.457031 167.365723 1301.542969 371.843262 0.0 0.0 0.0 0.0 0.0 0.0 0.0 0.871037
Person 0.0 0 0.0 797.402344 94.262695 917.285156 386.411133 0.0 0.0 0.0 0.0 0.0 0.0 0.0 0.881207
Person 0.0 0 0.0 4.628906 305.463867 133.183594 595.239258 0.0 0.0 0.0 0.0 0.0 0.0 0.0 0.884039
Person 0.0 0 0.0 1504.980469 428.598633 1718.144531 788.510742 0.0 0.0 0.0 0.0 0.0 0.0 0.0 0.886813
Person 0.0 0 0.0 79.335938 587.460938 295.898438 940.781250 0.0 0.0 0.0 0.0 0.0 0.0 0.0 0.895157
Person 0.0 0 0.0 506.704102 17.797852 561.108398 204.345703 0.0 0.0 0.0 0.0 0.0 0.0 0.0 0.895888
Person 0.0 0 0.0 922.734375 104.611816 1006.640625 371.052246 0.0 0.0 0.0 0.0 0.0 0.0 0.0 0.911180
Person 0.0 0 0.0 598.374023 16.940918 653.188477 210.344238 0.0 0.0 0.0 0.0 0.0 0.0 0.0 0.911495
Person 0.0 0 0.0 669.638672 73.894043 736.611328 305.529785 0.0 0.0 0.0 0.0 0.0 0.0 0.0 0.923868
Person 0.0 0 0.0 112.148438 411.459961 332.460938 771.899414 0.0 0.0 0.0 0.0 0.0 0.0 0.0 0.951142
Person 0.0 0 0.0 1096.640625 115.883789 1177.734375 367.690430 0.0 0.0 0.0 0.0 0.0 0.0 0.0 0.953275
Person 0.0 0 0.0 106.025391 144.294434 205.224609 344.816895 0.0 0.0 0.0 0.0 0.0 0.0 0.0 0.957912
