Person 0.0 0 0.0 915.966797 8.569336 957.158203 165.058594 0.0 0.0 0.0 0.0 0.0 0.0 0.0 0.592667
Person 0.0 0 0.0 0.791016 191.623535 71.806641 419.040527 0.0 0.0 0.0 0.0 0.0 0.0 0.0 0.640636
Person 0.0 0 0.0 138.266602 53.129883 179.780273 196.962891 0.0 0.0 0.0 0.0 0.0 0.0 0.0 0.707405
Person 0.0 0 0.0 1153.593750 101.052246 1242.656250 346.135254 0.0 0.0 0.0 0.0 0.0 0.0 0.0 0.789234
Person 0.0 0 0.0 394.511719 226.494141 511.582031 562.939453 0.0 0.0 0.0 0.0 0.0 0.0 0.0 0.792464
Person 0.0 0 0.0 789.082031 29.992676 873.105469 188.723145 0.0 0.0 0.0 0.0 0.0 0.0 0.0 0.845433
Person 0.0 0 0.0 802.558594 249.960938 912.128906 600.117188 0.0 0.0 0.0 0.0 0.0 0.0 0.0 0.846958
Person 0.0 0 0.0 1523.027344 471.049805 1750.722656 813.559570 0.0 0.0 0.0 0.0 0.0 0.0 0.0 0.848972
Person 0.0 0 0.0 956.015625 0.263672 1001.484375 171.782227 0.0 0.0 0.0 0.0 0.0 0.0 0.0 0.878731
Person 0.0 0 0.0 995.917969 244.555664 1143.457031 570.717773 0.0 0.0 0.0 0.0 0.0 0.0 0.0 0.886420
Person 0.0 0 0.0 529.453125 252.070312 702.421875 646.523438 0.0 0.0 0.0 0.0 0.0 0.0 0.0 0.898411
Person 0.0 0 0.0 611.396484 10.744629 665.478516 200.720215 0.0 0.0 0.0 0.0 0.0 0.0 0.0 0.902610
Person 0.0 0 0.0 79.101562 535.385742 309.726562 878.950195 0.0 0.0 0.0 0.0 0.0 0.0 0.0 0.903635
Person 0.0 0 0.0 268.945312 247.192383 411.210938 530.639648 0.0 0.0 0.0 0.0 0.0 0.0 0.0 0.904313
Person 0.0 0 0.0 169.042969 374.809570 382.675781 722.065430 0.0 0.0 0.0 0.0 0.0 0.0 0.0 0.911180
Person 0.0 0 0.0 511.333008 22.478027 561.166992 209.157715 0.0 0.0 0.0 0.0 0.0 0.0 0.0 0.912124
Person 0.0 0 0.0 873.662109 23.664551 942.275391 265.583496 0.0 0.0 0.0 0.0 0.0 0.0 0.0 0.912748
Person 0.0 0 0.0 685.136719 206.323242 811.113281 535.122070 0.0 0.0 0.0 0.0 0.0 0.0 0.0 0.914901
Person 0.0 0 0.0 579.682617 13.381348 631.567383 186.086426 0.0 0.0 0.0 0.0 0.0 0.0 0.0 0.926835
Person 0.0 0 0.0 684.843750 21.357422 747.656250 231.240234 0.0 0.0 0.0 0.0 0.0 0.0 0.0 0.947575
