Person 0.0 0 0.0 1113.325195 27.817383 1147.924805 165.717773 0.0 0.0 0.0 0.0 0.0 0.0 0.0 0.602997
Person 0.0 0 0.0 1173.896484 26.696777 1209.228516 192.678223 0.0 0.0 0.0 0.0 0.0 0.0 0.0 0.744656
Person 0.0 0 0.0 652.089844 79.101562 694.160156 284.238281 0.0 0.0 0.0 0.0 0.0 0.0 0.0 0.793746
Person 0.0 0 0.0 808.300781 95.581055 916.699219 386.147461 0.0 0.0 0.0 0.0 0.0 0.0 0.0 0.800692
Person 0.0 0 0.0 84.667969 587.329102 295.253906 940.913086 0.0 0.0 0.0 0.0 0.0 0.0 0.0 0.811676
Person 0.0 0 0.0 931.918945 3.559570 988.081055 166.245117 0.0 0.0 0.0 0.0 0.0 0.0 0.0 0.813461
Person 0.0 0 0.0 1592.871094 485.683594 1810.253906 849.550781 0.0 0.0 0.0 0.0 0.0 0.0 0.0 0.837088
Person 0.0 0 0.0 138.413086 48.515625 187.133789 193.403320 0.0 0.0 0.0 0.0 0.0 0.0 0.0 0.849472
Person 0.0 0 0.0 36.269531 256.552734 141.855469 494.384766 0.0 0.0 0.0 0.0 0.0 0.0 0.0 0.873215
Person 0.0 0 0.0 1274.003906 86.319580 1332.246094 211.102295 0.0 0.0 0.0 0.0 0.0 0.0 0.0 0.884039
Person 0.0 0 0.0 716.162109 51.086426 768.837891 264.265137 0.0 0.0 0.0 0.0 0.0 0.0 0.0 0.890294
Person 0.0 0 0.0 922.587891 100.722656 1001.162109 370.458984 0.0 0.0 0.0 0.0 0.0 0.0 0.0 0.901227
Person 0.0 0 0.0 598.168945 16.215820 653.393555 210.673828 0.0 0.0 0.0 0.0 0.0 0.0 0.0 0.901921
Person 0.0 0 0.0 1213.652344 165.651855 1300.722656 372.238770 0.0 0.0 0.0 0.0 0.0 0.0 0.0 0.907967
Person 0.0 0 0.0 496.435547 17.731934 561.064453 197.556152 0.0 0.0 0.0 0.0 0.0 0.0 0.0 0.933915
Person 0.0 0 0.0 1000.605469 788.906250 1195.019531 1074.726562 0.0 0.0 0.0 0.0 0.0 0.0 0.0 0.953101
Person 0.0 0 0.0 114.169922 146.799316 205.048828 344.948730 0.0 0.0 0.0 0.0 0.0 0.0 0.0 0.955152
Person 0.0 0 0.0 90.585938 431.367188 331.523438 767.812500 0.0 0.0 0.0 0.0 0.0 0.0 0.0 0.960063
Person 0.0 0 0.0 1081.845703 117.465820 1173.779297 366.108398 0.0 0.0 0.0 0.0 0.0 0.0 0.0 0.962250
Person 0.0 0 0.0 669.638672 74.882812 736.611328 306.386719 0.0 0.0 0.0 0.0 0.0 0.0 0.0 0.969324
