Person 0.0 0 0.0 919.775391 7.910156 958.974609 167.563477 0.0 0.0 0.0 0.0 0.0 0.0 0.0 0.624294
Person 0.0 0 0.0 0.468750 495.307617 158.437500 801.958008 0.0 0.0 0.0 0.0 0.0 0.0 0.0 0.653127
Person 0.0 0 0.0 557.812500 126.826172 644.062500 331.171875 0.0 0.0 0.0 0.0 0.0 0.0 0.0 0.797557
Person 0.0 0 0.0 450.322266 160.444336 539.677734 479.750977 0.0 0.0 0.0 0.0 0.0 0.0 0.0 0.811676
Person 0.0 0 0.0 72.612305 62.622070 118.520508 208.959961 0.0 0.0 0.0 0.0 0.0 0.0 0.0 0.847968
Person 0.0 0 0.0 1522.617188 473.554688 1751.132812 813.164062 0.0 0.0 0.0 0.0 0.0 0.0 0.0 0.860134
Person 0.0 0 0.0 783.544922 29.597168 871.142578 193.337402 0.0 0.0 0.0 0.0 0.0 0.0 0.0 0.863852
Person 0.0 0 0.0 131.894531 53.789062 178.886719 197.490234 0.0 0.0 0.0 0.0 0.0 0.0 0.0 0.868827
Person 0.0 0 0.0 1190.273438 98.811035 1280.976562 335.720215 0.0 0.0 0.0 0.0 0.0 0.0 0.0 0.883638
Person 0.0 0 0.0 758.144531 273.823242 877.792969 637.426758 0.0 0.0 0.0 0.0 0.0 0.0 0.0 0.886420
Person 0.0 0 0.0 1071.152344 302.695312 1212.597656 639.667969 0.0 0.0 0.0 0.0 0.0 0.0 0.0 0.895888
Person 0.0 0 0.0 527.812500 253.652344 686.250000 646.523438 0.0 0.0 0.0 0.0 0.0 0.0 0.0 0.899475
Person 0.0 0 0.0 1170.322266 93.933105 1229.677734 280.744629 0.0 0.0 0.0 0.0 0.0 0.0 0.0 0.918772
Person 0.0 0 0.0 610.297852 10.810547 666.577148 200.654297 0.0 0.0 0.0 0.0 0.0 0.0 0.0 0.920790
Person 0.0 0 0.0 510.878906 22.609863 557.871094 209.025879 0.0 0.0 0.0 0.0 0.0 0.0 0.0 0.926037
Person 0.0 0 0.0 291.093750 247.983398 413.906250 562.543945 0.0 0.0 0.0 0.0 0.0 0.0 0.0 0.927626
Person 0.0 0 0.0 691.054688 23.598633 760.195312 229.921875 0.0 0.0 0.0 0.0 0.0 0.0 0.0 0.933673
Person 0.0 0 0.0 870.703125 23.598633 944.296875 265.385742 0.0 0.0 0.0 0.0 0.0 0.0 0.0 0.949669
Person 0.0 0 0.0 959.282227 2.373047 1018.842773 178.769531 0.0 0.0 0.0 0.0 0.0 0.0 0.0 0.954647
Person 0.0 0 0.0 580.092773 13.447266 633.969727 188.129883 0.0 0.0 0.0 0.0 0.0 0.0 0.0 0.958226
