Person 0.0 0 0.0 1266.152344 168.156738 1353.222656 383.972168 0.0 0.0 0.0 0.0 0.0 0.0 0.0 0.324663
Person 0.0 0 0.0 1807.851562 398.869629 1918.000000 617.849121 0.0 0.0 0.0 0.0 0.0 0.0 0.0 0.611382
Person 0.0 0 0.0 1755.820312 601.303711 1918.000000 920.610352 0.0 0.0 0.0 0.0 0.0 0.0 0.0 0.629775
Person 0.0 0 0.0 19.716797 46.867676 127.705078 207.971191 0.0 0.0 0.0 0.0 0.0 0.0 0.0 0.633410
Person 0.0 0 0.0 1108.842773 28.806152 1146.782227 171.057129 0.0 0.0 0.0 0.0 0.0 0.0 0.0 0.696784
Person 0.0 0 0.0 1174.189453 23.796387 1208.935547 191.755371 0.0 0.0 0.0 0.0 0.0 0.0 0.0 0.752740
Person 0.0 0 0.0 805.341797 104.216309 882.158203 355.627441 0.0 0.0 0.0 0.0 0.0 0.0 0.0 0.770465
Person 0.0 0 0.0 939.814453 101.118164 998.935547 382.719727 0.0 0.0 0.0 0.0 0.0 0.0 0.0 0.827271
Person 0.0 0 0.0 1.201172 206.257324 106.787109 427.082520 0.0 0.0 0.0 0.0 0.0 0.0 0.0 0.843380
Person 0.0 0 0.0 1229.091797 170.332031 1304.033203 373.886719 0.0 0.0 0.0 0.0 0.0 0.0 0.0 0.843895
Person 0.0 0 0.0 1050.659180 31.838379 1098.090820 213.508301 0.0 0.0 0.0 0.0 0.0 0.0 0.0 0.846451
Person 0.0 0 0.0 147.758789 49.965820 189.038086 190.371094 0.0 0.0 0.0 0.0 0.0 0.0 0.0 0.864768
Person 0.0 0 0.0 597.011719 16.611328 647.988281 210.673828 0.0 0.0 0.0 0.0 0.0 0.0 0.0 0.891434
Person 0.0 0 0.0 509.062500 20.104980 560.625000 206.389160 0.0 0.0 0.0 0.0 0.0 0.0 0.0 0.893309
Person 0.0 0 0.0 855.029297 104.545898 967.470703 399.594727 0.0 0.0 0.0 0.0 0.0 0.0 0.0 0.904651
Person 0.0 0 0.0 749.165039 72.707520 796.772461 270.065918 0.0 0.0 0.0 0.0 0.0 0.0 0.0 0.913677
Person 0.0 0 0.0 67.089844 574.804688 288.222656 926.015625 0.0 0.0 0.0 0.0 0.0 0.0 0.0 0.924415
Person 0.0 0 0.0 786.474609 70.927734 853.212891 295.048828 0.0 0.0 0.0 0.0 0.0 0.0 0.0 0.931463
Person 0.0 0 0.0 1093.066406 124.123535 1175.683594 378.171387 0.0 0.0 0.0 0.0 0.0 0.0 0.0 0.934395
Person 0.0 0 0.0 117.480469 402.363281 336.269531 771.503906 0.0 0.0 0.0 0.0 0.0 0.0 0.0 0.951863
