Person 0.0 0 0.0 1806.767578 330.446777 1916.982422 561.818848 0.0 0.0 0.0 0.0 0.0 0.0 0.0 0.423458
Person 0.0 0 0.0 69.931641 61.435547 116.279297 209.355469 0.0 0.0 0.0 0.0 0.0 0.0 0.0 0.427277
Person 0.0 0 0.0 1107.246094 27.685547 1146.503906 172.836914 0.0 0.0 0.0 0.0 0.0 0.0 0.0 0.443600
Person 0.0 0 0.0 1177.192383 23.565674 1209.682617 141.229248 0.0 0.0 0.0 0.0 0.0 0.0 0.0 0.485356
Person 0.0 0 0.0 0.292969 433.212891 96.562500 704.794922 0.0 0.0 0.0 0.0 0.0 0.0 0.0 0.545770
Person 0.0 0 0.0 931.860352 4.152832 988.139648 166.311035 0.0 0.0 0.0 0.0 0.0 0.0 0.0 0.701713
Person 0.0 0 0.0 1505.214844 416.206055 1693.535156 774.536133 0.0 0.0 0.0 0.0 0.0 0.0 0.0 0.748352
Person 0.0 0 0.0 1271.630859 84.407959 1338.369141 214.595947 0.0 0.0 0.0 0.0 0.0 0.0 0.0 0.754192
Person 0.0 0 0.0 747.626953 75.476074 793.623047 270.725098 0.0 0.0 0.0 0.0 0.0 0.0 0.0 0.799442
Person 0.0 0 0.0 1215.087891 166.442871 1297.412109 370.129395 0.0 0.0 0.0 0.0 0.0 0.0 0.0 0.818156
Person 0.0 0 0.0 803.818359 100.063477 906.181641 392.475586 0.0 0.0 0.0 0.0 0.0 0.0 0.0 0.823328
Person 0.0 0 0.0 921.503906 108.962402 1009.746094 370.920410 0.0 0.0 0.0 0.0 0.0 0.0 0.0 0.856332
Person 0.0 0 0.0 600.556641 17.534180 653.818359 210.146484 0.0 0.0 0.0 0.0 0.0 0.0 0.0 0.905322
Person 0.0 0 0.0 508.212891 19.313965 561.474609 206.784668 0.0 0.0 0.0 0.0 0.0 0.0 0.0 0.909265
Person 0.0 0 0.0 76.230469 588.779297 295.019531 940.517578 0.0 0.0 0.0 0.0 0.0 0.0 0.0 0.909586
Person 0.0 0 0.0 1102.646484 118.520508 1196.103516 376.655273 0.0 0.0 0.0 0.0 0.0 0.0 0.0 0.914596
Person 0.0 0 0.0 135.249023 52.602539 185.844727 191.030273 0.0 0.0 0.0 0.0 0.0 0.0 0.0 0.926304
Person 0.0 0 0.0 81.064453 157.939453 178.388672 359.384766 0.0 0.0 0.0 0.0 0.0 0.0 0.0 0.928668
Person 0.0 0 0.0 764.941406 76.003418 825.996094 303.684082 0.0 0.0 0.0 0.0 0.0 0.0 0.0 0.933188
Person 0.0 0 0.0 95.273438 415.942383 325.898438 768.471680 0.0 0.0 0.0 0.0 0.0 0.0 0.0 0.939025
