Person 0.0 0 0.0 1060.781250 11.469727 1097.343750 173.627930 0.0 0.0 0.0 0.0 0.0 0.0 0.0 0.446495
Person 0.0 0 0.0 1776.152344 725.625000 1918.000000 1039.921875 0.0 0.0 0.0 0.0 0.0 0.0 0.0 0.499023
Person 0.0 0 0.0 1109.033203 27.487793 1146.591797 169.211426 0.0 0.0 0.0 0.0 0.0 0.0 0.0 0.531209
Person 0.0 0 0.0 19.423828 46.735840 127.412109 208.103027 0.0 0.0 0.0 0.0 0.0 0.0 0.0 0.586996
Person 0.0 0 0.0 1173.764648 35.332031 1209.360352 191.557617 0.0 0.0 0.0 0.0 0.0 0.0 0.0 0.672332
Person 0.0 0 0.0 918.574219 8.206787 956.425781 120.860596 0.0 0.0 0.0 0.0 0.0 0.0 0.0 0.747616
Person 0.0 0 0.0 138.544922 53.261719 180.673828 195.512695 0.0 0.0 0.0 0.0 0.0 0.0 0.0 0.774583
Person 0.0 0 0.0 1128.647461 43.077393 1186.977539 173.265381 0.0 0.0 0.0 0.0 0.0 0.0 0.0 0.810479
Person 0.0 0 0.0 1217.607422 169.013672 1306.142578 378.896484 0.0 0.0 0.0 0.0 0.0 0.0 0.0 0.874935
Person 0.0 0 0.0 90.996094 551.997070 305.332031 895.034180 0.0 0.0 0.0 0.0 0.0 0.0 0.0 0.886813
Person 0.0 0 0.0 886.083984 80.947266 977.666016 355.429688 0.0 0.0 0.0 0.0 0.0 0.0 0.0 0.904651
Person 0.0 0 0.0 961.787109 7.976074 1012.587891 169.738770 0.0 0.0 0.0 0.0 0.0 0.0 0.0 0.916708
Person 0.0 0 0.0 726.005859 258.925781 828.369141 615.937500 0.0 0.0 0.0 0.0 0.0 0.0 0.0 0.919063
Person 0.0 0 0.0 1095.761719 124.716797 1182.363281 376.787109 0.0 0.0 0.0 0.0 0.0 0.0 0.0 0.921358
Person 0.0 0 0.0 507.905273 22.346191 558.032227 210.080566 0.0 0.0 0.0 0.0 0.0 0.0 0.0 0.926835
Person 0.0 0 0.0 587.695312 14.238281 631.054688 187.075195 0.0 0.0 0.0 0.0 0.0 0.0 0.0 0.927626
Person 0.0 0 0.0 969.433594 112.719727 1055.566406 386.411133 0.0 0.0 0.0 0.0 0.0 0.0 0.0 0.939471
Person 0.0 0 0.0 148.945312 378.764648 348.867188 739.204102 0.0 0.0 0.0 0.0 0.0 0.0 0.0 0.948346
Person 0.0 0 0.0 806.367188 108.698730 885.820312 371.975098 0.0 0.0 0.0 0.0 0.0 0.0 0.0 0.951504
Person 0.0 0 0.0 622.324219 90.241699 690.175781 339.279785 0.0 0.0 0.0 0.0 0.0 0.0 0.0 0.961534
