Person 0.0 0 0.0 75.058594 62.226562 128.847656 204.213867 0.0 0.0 0.0 0.0 0.0 0.0 0.0 0.398875
Person 0.0 0 0.0 1847.402344 404.208984 1918.000000 629.384766 0.0 0.0 0.0 0.0 0.0 0.0 0.0 0.433022
Person 0.0 0 0.0 1059.770508 21.818848 1098.354492 173.166504 0.0 0.0 0.0 0.0 0.0 0.0 0.0 0.478529
Person 0.0 0 0.0 594.477539 15.424805 631.772461 188.393555 0.0 0.0 0.0 0.0 0.0 0.0 0.0 0.544801
Person 0.0 0 0.0 0.732422 214.365234 78.251953 424.775391 0.0 0.0 0.0 0.0 0.0 0.0 0.0 0.579400
Person 0.0 0 0.0 822.978516 105.270996 892.646484 369.338379 0.0 0.0 0.0 0.0 0.0 0.0 0.0 0.690142
Person 0.0 0 0.0 1176.079102 33.750000 1208.920898 190.766602 0.0 0.0 0.0 0.0 0.0 0.0 0.0 0.704160
Person 0.0 0 0.0 793.623047 75.739746 858.251953 291.291504 0.0 0.0 0.0 0.0 0.0 0.0 0.0 0.828384
Person 0.0 0 0.0 606.958008 15.556641 655.854492 208.564453 0.0 0.0 0.0 0.0 0.0 0.0 0.0 0.849971
Person 0.0 0 0.0 153.017578 48.713379 191.748047 193.205566 0.0 0.0 0.0 0.0 0.0 0.0 0.0 0.858719
Person 0.0 0 0.0 947.343750 100.986328 1019.531250 380.478516 0.0 0.0 0.0 0.0 0.0 0.0 0.0 0.877896
Person 0.0 0 0.0 1212.070312 155.368652 1289.179688 370.393066 0.0 0.0 0.0 0.0 0.0 0.0 0.0 0.883236
Person 0.0 0 0.0 77.578125 570.717773 287.812500 926.938477 0.0 0.0 0.0 0.0 0.0 0.0 0.0 0.887984
Person 0.0 0 0.0 857.929688 102.436523 968.320312 399.858398 0.0 0.0 0.0 0.0 0.0 0.0 0.0 0.893309
Person 0.0 0 0.0 1089.096680 43.901367 1147.778320 223.066406 0.0 0.0 0.0 0.0 0.0 0.0 0.0 0.909907
Person 0.0 0 0.0 510.571289 19.511719 554.428711 207.377930 0.0 0.0 0.0 0.0 0.0 0.0 0.0 0.923316
Person 0.0 0 0.0 127.792969 396.562500 350.800781 753.046875 0.0 0.0 0.0 0.0 0.0 0.0 0.0 0.932944
Person 0.0 0 0.0 1098.691406 120.498047 1181.308594 378.632812 0.0 0.0 0.0 0.0 0.0 0.0 0.0 0.939248
Person 0.0 0 0.0 715.224609 63.874512 774.462891 262.287598 0.0 0.0 0.0 0.0 0.0 0.0 0.0 0.948917
Person 0.0 0 0.0 527.783203 48.186035 594.404297 259.255371 0.0 0.0 0.0 0.0 0.0 0.0 0.0 0.956796
