Person 0.0 0 0.0 0.966797 210.014648 67.060547 414.887695 0.0 0.0 0.0 0.0 0.0 0.0 0.0 0.381220
Person 0.0 0 0.0 17.988281 46.933594 127.792969 207.905273 0.0 0.0 0.0 0.0 0.0 0.0 0.0 0.439747
Person 0.0 0 0.0 1777.207031 726.284180 1918.000000 1044.536133 0.0 0.0 0.0 0.0 0.0 0.0 0.0 0.441673
Person 0.0 0 0.0 1175.947266 28.608398 1209.052734 190.371094 0.0 0.0 0.0 0.0 0.0 0.0 0.0 0.676620
Person 0.0 0 0.0 1223.876953 170.200195 1303.623047 366.372070 0.0 0.0 0.0 0.0 0.0 0.0 0.0 0.697609
Person 0.0 0 0.0 590.991211 15.227051 628.696289 188.195801 0.0 0.0 0.0 0.0 0.0 0.0 0.0 0.798815
Person 0.0 0 0.0 909.975586 7.250977 946.274414 110.939941 0.0 0.0 0.0 0.0 0.0 0.0 0.0 0.806243
Person 0.0 0 0.0 825.000000 106.984863 883.125000 367.624512 0.0 0.0 0.0 0.0 0.0 0.0 0.0 0.849472
Person 0.0 0 0.0 950.786133 6.064453 1010.463867 163.476562 0.0 0.0 0.0 0.0 0.0 0.0 0.0 0.852445
Person 0.0 0 0.0 605.053711 16.479492 656.821289 205.268555 0.0 0.0 0.0 0.0 0.0 0.0 0.0 0.864768
Person 0.0 0 0.0 84.609375 549.755859 304.218750 895.166016 0.0 0.0 0.0 0.0 0.0 0.0 0.0 0.867036
Person 0.0 0 0.0 869.882812 102.700195 976.054688 402.495117 0.0 0.0 0.0 0.0 0.0 0.0 0.0 0.870597
Person 0.0 0 0.0 1094.663086 49.108887 1151.586914 240.666504 0.0 0.0 0.0 0.0 0.0 0.0 0.0 0.879561
Person 0.0 0 0.0 141.445312 47.592773 189.960938 189.316406 0.0 0.0 0.0 0.0 0.0 0.0 0.0 0.904987
Person 0.0 0 0.0 952.558594 100.722656 1016.191406 380.214844 0.0 0.0 0.0 0.0 0.0 0.0 0.0 0.905322
Person 0.0 0 0.0 1100.712891 121.816406 1184.912109 378.369141 0.0 0.0 0.0 0.0 0.0 0.0 0.0 0.922203
Person 0.0 0 0.0 683.730469 165.190430 785.332031 443.891602 0.0 0.0 0.0 0.0 0.0 0.0 0.0 0.934155
Person 0.0 0 0.0 501.826172 22.280273 553.798828 207.773438 0.0 0.0 0.0 0.0 0.0 0.0 0.0 0.935110
Person 0.0 0 0.0 179.707031 384.960938 357.949219 751.992188 0.0 0.0 0.0 0.0 0.0 0.0 0.0 0.941439
Person 0.0 0 0.0 511.318359 117.861328 596.806641 374.677734 0.0 0.0 0.0 0.0 0.0 0.0 0.0 0.944587
