Person 0.0 0 0.0 770.917969 220.825195 845.332031 558.061523 0.0 0.0 0.0 0.0 0.0 0.0 0.0 0.566019
Person 0.0 0 0.0 926.982422 4.877930 960.205078 161.630859 0.0 0.0 0.0 0.0 0.0 0.0 0.0 0.624294
Person 0.0 0 0.0 138.120117 52.734375 178.286133 197.358398 0.0 0.0 0.0 0.0 0.0 0.0 0.0 0.727201
Person 0.0 0 0.0 70.283203 60.776367 127.646484 208.696289 0.0 0.0 0.0 0.0 0.0 0.0 0.0 0.812272
Person 0.0 0 0.0 1240.429688 160.378418 1303.945312 365.119629 0.0 0.0 0.0 0.0 0.0 0.0 0.0 0.845942
Person 0.0 0 0.0 76.054688 537.890625 309.257812 878.554688 0.0 0.0 0.0 0.0 0.0 0.0 0.0 0.858244
Person 0.0 0 0.0 1540.605469 481.464844 1753.769531 829.511719 0.0 0.0 0.0 0.0 0.0 0.0 0.0 0.872347
Person 0.0 0 0.0 435.351562 150.292969 558.398438 444.550781 0.0 0.0 0.0 0.0 0.0 0.0 0.0 0.886027
Person 0.0 0 0.0 988.945312 258.793945 1152.304688 640.854492 0.0 0.0 0.0 0.0 0.0 0.0 0.0 0.894789
Person 0.0 0 0.0 863.027344 28.806152 940.722656 274.416504 0.0 0.0 0.0 0.0 0.0 0.0 0.0 0.897695
Person 0.0 0 0.0 597.099609 128.671875 698.525391 427.148438 0.0 0.0 0.0 0.0 0.0 0.0 0.0 0.905990
Person 0.0 0 0.0 793.007812 250.488281 928.242188 612.773438 0.0 0.0 0.0 0.0 0.0 0.0 0.0 0.915507
Person 0.0 0 0.0 1115.302734 117.268066 1192.822266 356.813965 0.0 0.0 0.0 0.0 0.0 0.0 0.0 0.918187
Person 0.0 0 0.0 960.483398 6.789551 1008.266602 162.487793 0.0 0.0 0.0 0.0 0.0 0.0 0.0 0.922203
Person 0.0 0 0.0 937.646484 156.621094 1031.103516 429.257812 0.0 0.0 0.0 0.0 0.0 0.0 0.0 0.927363
Person 0.0 0 0.0 664.130859 44.165039 742.119141 242.709961 0.0 0.0 0.0 0.0 0.0 0.0 0.0 0.937440
Person 0.0 0 0.0 507.861328 24.191895 558.076172 209.553223 0.0 0.0 0.0 0.0 0.0 0.0 0.0 0.944995
Person 0.0 0 0.0 180.703125 363.999023 401.015625 722.329102 0.0 0.0 0.0 0.0 0.0 0.0 0.0 0.945601
Person 0.0 0 0.0 575.126953 15.358887 634.248047 184.504395 0.0 0.0 0.0 0.0 0.0 0.0 0.0 0.951504
Person 0.0 0 0.0 740.683594 37.309570 807.128906 260.375977 0.0 0.0 0.0 0.0 0.0 0.0 0.0 0.955817
