Person 0.0 0 0.0 1262.109375 187.009277 1346.015625 377.248535 0.0 0.0 0.0 0.0 0.0 0.0 0.0 0.419648
Person 0.0 0 0.0 1271.572266 84.375000 1336.552734 211.992188 0.0 0.0 0.0 0.0 0.0 0.0 0.0 0.450359
Person 0.0 0 0.0 0.205078 434.333496 96.826172 703.674316 0.0 0.0 0.0 0.0 0.0 0.0 0.0 0.475605
Person 0.0 0 0.0 1806.474609 330.183105 1917.275391 572.102051 0.0 0.0 0.0 0.0 0.0 0.0 0.0 0.501953
Person 0.0 0 0.0 1109.208984 28.146973 1146.416016 170.661621 0.0 0.0 0.0 0.0 0.0 0.0 0.0 0.570810
Person 0.0 0 0.0 1174.833984 24.455566 1210.166016 191.096191 0.0 0.0 0.0 0.0 0.0 0.0 0.0 0.706596
Person 0.0 0 0.0 931.860352 4.020996 988.139648 168.552246 0.0 0.0 0.0 0.0 0.0 0.0 0.0 0.806853
Person 0.0 0 0.0 1505.273438 425.830078 1712.226562 780.732422 0.0 0.0 0.0 0.0 0.0 0.0 0.0 0.825027
Person 0.0 0 0.0 1216.816406 167.036133 1299.433594 370.590820 0.0 0.0 0.0 0.0 0.0 0.0 0.0 0.844409
Person 0.0 0 0.0 748.359375 74.619141 793.828125 270.263672 0.0 0.0 0.0 0.0 0.0 0.0 0.0 0.852445
Person 0.0 0 0.0 928.359375 109.423828 1006.640625 371.250000 0.0 0.0 0.0 0.0 0.0 0.0 0.0 0.882833
Person 0.0 0 0.0 808.798828 102.304688 916.201172 392.871094 0.0 0.0 0.0 0.0 0.0 0.0 0.0 0.894052
Person 0.0 0 0.0 508.110352 20.039062 561.577148 206.455078 0.0 0.0 0.0 0.0 0.0 0.0 0.0 0.903975
Person 0.0 0 0.0 597.172852 18.457031 651.577148 210.014648 0.0 0.0 0.0 0.0 0.0 0.0 0.0 0.908293
Person 0.0 0 0.0 73.417969 589.833984 295.253906 940.517578 0.0 0.0 0.0 0.0 0.0 0.0 0.0 0.908942
Person 0.0 0 0.0 770.537109 73.037109 840.087891 296.630859 0.0 0.0 0.0 0.0 0.0 0.0 0.0 0.925230
Person 0.0 0 0.0 140.742188 51.547852 185.976562 191.293945 0.0 0.0 0.0 0.0 0.0 0.0 0.0 0.928668
Person 0.0 0 0.0 124.921875 411.064453 334.453125 771.240234 0.0 0.0 0.0 0.0 0.0 0.0 0.0 0.933188
Person 0.0 0 0.0 80.947266 160.510254 174.755859 359.450684 0.0 0.0 0.0 0.0 0.0 0.0 0.0 0.942718
Person 0.0 0 0.0 1085.449219 122.211914 1175.800781 376.655273 0.0 0.0 0.0 0.0 0.0 0.0 0.0 0.946001
