Person 0.0 0 0.0 1174.101562 19.050293 1209.023438 177.648926 0.0 0.0 0.0 0.0 0.0 0.0 0.0 0.602997
Person 0.0 0 0.0 0.263672 391.684570 111.240234 681.987305 0.0 0.0 0.0 0.0 0.0 0.0 0.0 0.643329
Person 0.0 0 0.0 780.820312 201.445312 855.117188 557.402344 0.0 0.0 0.0 0.0 0.0 0.0 0.0 0.777975
Person 0.0 0 0.0 1233.251953 160.180664 1299.873047 364.526367 0.0 0.0 0.0 0.0 0.0 0.0 0.0 0.802556
Person 0.0 0 0.0 479.589844 206.059570 605.097656 511.127930 0.0 0.0 0.0 0.0 0.0 0.0 0.0 0.838151
Person 0.0 0 0.0 83.320312 550.546875 309.492188 901.757812 0.0 0.0 0.0 0.0 0.0 0.0 0.0 0.879147
Person 0.0 0 0.0 133.476562 54.250488 178.945312 197.028809 0.0 0.0 0.0 0.0 0.0 0.0 0.0 0.879974
Person 0.0 0 0.0 1530.351562 468.544922 1758.398438 810.791016 0.0 0.0 0.0 0.0 0.0 0.0 0.0 0.890675
Person 0.0 0 0.0 960.527344 6.591797 1008.222656 171.386719 0.0 0.0 0.0 0.0 0.0 0.0 0.0 0.896614
Person 0.0 0 0.0 797.519531 255.893555 927.480469 622.661133 0.0 0.0 0.0 0.0 0.0 0.0 0.0 0.898053
Person 0.0 0 0.0 508.842773 21.423340 558.969727 209.421387 0.0 0.0 0.0 0.0 0.0 0.0 0.0 0.905657
Person 0.0 0 0.0 992.929688 142.382812 1088.320312 481.992188 0.0 0.0 0.0 0.0 0.0 0.0 0.0 0.913368
Person 0.0 0 0.0 588.237305 13.645020 628.637695 186.877441 0.0 0.0 0.0 0.0 0.0 0.0 0.0 0.913677
Person 0.0 0 0.0 205.546875 369.404297 398.203125 730.634766 0.0 0.0 0.0 0.0 0.0 0.0 0.0 0.913984
Person 0.0 0 0.0 726.533203 104.809570 823.154297 384.301758 0.0 0.0 0.0 0.0 0.0 0.0 0.0 0.924415
Person 0.0 0 0.0 686.088867 44.956055 741.723633 252.729492 0.0 0.0 0.0 0.0 0.0 0.0 0.0 0.934155
Person 0.0 0 0.0 543.808594 438.222656 719.941406 873.808594 0.0 0.0 0.0 0.0 0.0 0.0 0.0 0.941007
Person 0.0 0 0.0 847.617188 39.155273 918.632812 271.977539 0.0 0.0 0.0 0.0 0.0 0.0 0.0 0.947575
Person 0.0 0 0.0 1098.486328 122.080078 1205.888672 377.841797 0.0 0.0 0.0 0.0 0.0 0.0 0.0 0.949669
Person 0.0 0 0.0 896.953125 74.223633 970.546875 341.059570 0.0 0.0 0.0 0.0 0.0 0.0 0.0 0.951504
