Person 0.0 0 0.0 1113.354492 28.212891 1147.895508 158.203125 0.0 0.0 0.0 0.0 0.0 0.0 0.0 0.492188
Person 0.0 0 0.0 72.949219 62.226562 143.027344 238.886719 0.0 0.0 0.0 0.0 0.0 0.0 0.0 0.586996
Person 0.0 0 0.0 1167.026367 14.765625 1208.598633 191.557617 0.0 0.0 0.0 0.0 0.0 0.0 0.0 0.685949
Person 0.0 0 0.0 645.249023 75.805664 687.875977 284.897461 0.0 0.0 0.0 0.0 0.0 0.0 0.0 0.777975
Person 0.0 0 0.0 10.195312 647.841797 249.257812 1008.017578 0.0 0.0 0.0 0.0 0.0 0.0 0.0 0.793746
Person 0.0 0 0.0 1459.746094 446.923828 1635.878906 750.146484 0.0 0.0 0.0 0.0 0.0 0.0 0.0 0.797557
Person 0.0 0 0.0 1208.964844 165.124512 1296.035156 381.730957 0.0 0.0 0.0 0.0 0.0 0.0 0.0 0.804406
Person 0.0 0 0.0 931.538086 2.043457 988.461914 141.262207 0.0 0.0 0.0 0.0 0.0 0.0 0.0 0.818737
Person 0.0 0 0.0 143.847656 49.504395 186.386719 191.623535 0.0 0.0 0.0 0.0 0.0 0.0 0.0 0.869271
Person 0.0 0 0.0 803.789062 86.616211 917.460938 388.256836 0.0 0.0 0.0 0.0 0.0 0.0 0.0 0.878314
Person 0.0 0 0.0 921.708984 82.661133 1011.416016 345.541992 0.0 0.0 0.0 0.0 0.0 0.0 0.0 0.883236
Person 0.0 0 0.0 502.031250 14.040527 567.656250 199.270020 0.0 0.0 0.0 0.0 0.0 0.0 0.0 0.899475
Person 0.0 0 0.0 1073.437500 581.791992 1379.062500 1055.083008 0.0 0.0 0.0 0.0 0.0 0.0 0.0 0.900179
Person 0.0 0 0.0 1070.947266 121.618652 1164.052734 367.492676 0.0 0.0 0.0 0.0 0.0 0.0 0.0 0.908618
Person 0.0 0 0.0 599.501953 18.061523 649.248047 213.178711 0.0 0.0 0.0 0.0 0.0 0.0 0.0 0.913984
Person 0.0 0 0.0 1666.640625 494.121094 1914.609375 799.980469 0.0 0.0 0.0 0.0 0.0 0.0 0.0 0.924688
Person 0.0 0 0.0 564.667969 49.042969 626.894531 257.607422 0.0 0.0 0.0 0.0 0.0 0.0 0.0 0.931463
Person 0.0 0 0.0 41.103516 180.812988 144.404297 435.124512 0.0 0.0 0.0 0.0 0.0 0.0 0.0 0.932207
Person 0.0 0 0.0 660.849609 76.728516 725.712891 306.123047 0.0 0.0 0.0 0.0 0.0 0.0 0.0 0.940134
Person 0.0 0 0.0 30.468750 469.467773 275.859375 806.704102 0.0 0.0 0.0 0.0 0.0 0.0 0.0 0.942295
