Person 0.0 0 0.0 18.925781 46.669922 127.675781 207.773438 0.0 0.0 0.0 0.0 0.0 0.0 0.0 0.602062
Person 0.0 0 0.0 919.174805 8.898926 955.825195 111.665039 0.0 0.0 0.0 0.0 0.0 0.0 0.0 0.725649
Person 0.0 0 0.0 137.666016 52.602539 180.380859 196.962891 0.0 0.0 0.0 0.0 0.0 0.0 0.0 0.740925
Person 0.0 0 0.0 1179.990234 45.549316 1231.259766 220.495605 0.0 0.0 0.0 0.0 0.0 0.0 0.0 0.787278
Person 0.0 0 0.0 1294.101562 76.464844 1355.273438 205.664062 0.0 0.0 0.0 0.0 0.0 0.0 0.0 0.831691
Person 0.0 0 0.0 1232.197266 159.851074 1302.802734 362.219238 0.0 0.0 0.0 0.0 0.0 0.0 0.0 0.849472
Person 0.0 0 0.0 963.442383 6.492920 1012.807617 118.157959 0.0 0.0 0.0 0.0 0.0 0.0 0.0 0.850965
Person 0.0 0 0.0 87.011719 546.459961 305.097656 895.297852 0.0 0.0 0.0 0.0 0.0 0.0 0.0 0.867485
Person 0.0 0 0.0 1104.843750 120.893555 1190.156250 376.127930 0.0 0.0 0.0 0.0 0.0 0.0 0.0 0.874935
Person 0.0 0 0.0 588.603516 13.579102 627.333984 186.284180 0.0 0.0 0.0 0.0 0.0 0.0 0.0 0.895888
Person 0.0 0 0.0 829.335938 102.172852 908.789062 348.442383 0.0 0.0 0.0 0.0 0.0 0.0 0.0 0.896614
Person 0.0 0 0.0 951.738281 113.774414 1024.511719 389.838867 0.0 0.0 0.0 0.0 0.0 0.0 0.0 0.902266
Person 0.0 0 0.0 506.967773 21.621094 557.094727 210.014648 0.0 0.0 0.0 0.0 0.0 0.0 0.0 0.906653
Person 0.0 0 0.0 610.327148 14.106445 659.985352 205.664062 0.0 0.0 0.0 0.0 0.0 0.0 0.0 0.913368
Person 0.0 0 0.0 1665.351562 483.574219 1893.398438 784.160156 0.0 0.0 0.0 0.0 0.0 0.0 0.0 0.919931
Person 0.0 0 0.0 154.101562 376.655273 359.648438 738.149414 0.0 0.0 0.0 0.0 0.0 0.0 0.0 0.929696
Person 0.0 0 0.0 986.191406 172.968750 1106.308594 457.734375 0.0 0.0 0.0 0.0 0.0 0.0 0.0 0.931960
Person 0.0 0 0.0 1071.181641 72.048340 1139.443359 253.586426 0.0 0.0 0.0 0.0 0.0 0.0 0.0 0.947575
Person 0.0 0 0.0 902.578125 84.177246 971.484375 344.553223 0.0 0.0 0.0 0.0 0.0 0.0 0.0 0.952574
Person 0.0 0 0.0 1185.410156 69.345703 1278.339844 303.750000 0.0 0.0 0.0 0.0 0.0 0.0 0.0 0.964722
