Person 0.0 0 0.0 1770.585938 673.417969 1918.000000 1000.371094 0.0 0.0 0.0 0.0 0.0 0.0 0.0 0.406391
Person 0.0 0 0.0 1107.656250 27.553711 1146.093750 170.859375 0.0 0.0 0.0 0.0 0.0 0.0 0.0 0.425367
Person 0.0 0 0.0 1125.161133 58.666992 1184.838867 167.431641 0.0 0.0 0.0 0.0 0.0 0.0 0.0 0.456167
Person 0.0 0 0.0 0.292969 191.491699 73.300781 415.480957 0.0 0.0 0.0 0.0 0.0 0.0 0.0 0.624294
Person 0.0 0 0.0 70.415039 63.017578 126.811523 208.300781 0.0 0.0 0.0 0.0 0.0 0.0 0.0 0.629775
Person 0.0 0 0.0 918.603516 8.865967 955.458984 115.323486 0.0 0.0 0.0 0.0 0.0 0.0 0.0 0.670608
Person 0.0 0 0.0 1226.337891 160.839844 1301.162109 369.404297 0.0 0.0 0.0 0.0 0.0 0.0 0.0 0.810479
Person 0.0 0 0.0 138.149414 52.602539 183.881836 196.962891 0.0 0.0 0.0 0.0 0.0 0.0 0.0 0.827828
Person 0.0 0 0.0 588.500977 14.040527 630.249023 185.822754 0.0 0.0 0.0 0.0 0.0 0.0 0.0 0.862468
Person 0.0 0 0.0 1171.552734 93.867188 1222.822266 304.804688 0.0 0.0 0.0 0.0 0.0 0.0 0.0 0.871037
Person 0.0 0 0.0 92.460938 550.019531 304.570312 894.902344 0.0 0.0 0.0 0.0 0.0 0.0 0.0 0.874507
Person 0.0 0 0.0 814.101562 113.378906 894.023438 372.304688 0.0 0.0 0.0 0.0 0.0 0.0 0.0 0.879147
Person 0.0 0 0.0 960.395508 6.328125 1010.229492 121.552734 0.0 0.0 0.0 0.0 0.0 0.0 0.0 0.887595
Person 0.0 0 0.0 603.413086 16.083984 656.586914 205.664062 0.0 0.0 0.0 0.0 0.0 0.0 0.0 0.899121
Person 0.0 0 0.0 508.139648 21.950684 557.797852 209.685059 0.0 0.0 0.0 0.0 0.0 0.0 0.0 0.906653
Person 0.0 0 0.0 952.617188 114.960938 1016.132812 390.234375 0.0 0.0 0.0 0.0 0.0 0.0 0.0 0.921358
Person 0.0 0 0.0 904.130859 87.275391 970.869141 344.619141 0.0 0.0 0.0 0.0 0.0 0.0 0.0 0.928409
Person 0.0 0 0.0 721.992188 259.189453 829.570312 616.201172 0.0 0.0 0.0 0.0 0.0 0.0 0.0 0.931711
Person 0.0 0 0.0 1099.687500 124.519043 1184.062500 375.402832 0.0 0.0 0.0 0.0 0.0 0.0 0.0 0.939248
Person 0.0 0 0.0 153.457031 381.533203 362.636719 740.654297 0.0 0.0 0.0 0.0 0.0 0.0 0.0 0.939692
