Person 0.0 0 0.0 19.101562 47.263184 127.500000 202.302246 0.0 0.0 0.0 0.0 0.0 0.0 0.0 0.579400
Person 0.0 0 0.0 212.109375 268.681641 305.390625 615.146484 0.0 0.0 0.0 0.0 0.0 0.0 0.0 0.695958
Person 0.0 0 0.0 138.032227 53.129883 180.014648 197.753906 0.0 0.0 0.0 0.0 0.0 0.0 0.0 0.729520
Person 0.0 0 0.0 1110.644531 121.420898 1225.605469 372.172852 0.0 0.0 0.0 0.0 0.0 0.0 0.0 0.757794
Person 0.0 0 0.0 802.763672 27.355957 873.486328 188.591309 0.0 0.0 0.0 0.0 0.0 0.0 0.0 0.773216
Person 0.0 0 0.0 308.906250 256.289062 427.031250 564.257812 0.0 0.0 0.0 0.0 0.0 0.0 0.0 0.814053
Person 0.0 0 0.0 579.814453 126.694336 667.060547 413.305664 0.0 0.0 0.0 0.0 0.0 0.0 0.0 0.835484
Person 0.0 0 0.0 1522.617188 484.760742 1773.632812 813.559570 0.0 0.0 0.0 0.0 0.0 0.0 0.0 0.847463
Person 0.0 0 0.0 960.380859 8.371582 1008.369141 170.925293 0.0 0.0 0.0 0.0 0.0 0.0 0.0 0.852935
Person 0.0 0 0.0 967.148438 171.914062 1089.726562 457.734375 0.0 0.0 0.0 0.0 0.0 0.0 0.0 0.856332
Person 0.0 0 0.0 76.875000 536.440430 309.140625 878.950195 0.0 0.0 0.0 0.0 0.0 0.0 0.0 0.871037
Person 0.0 0 0.0 804.609375 228.208008 920.390625 598.666992 0.0 0.0 0.0 0.0 0.0 0.0 0.0 0.877477
Person 0.0 0 0.0 512.182617 23.005371 561.254883 209.421387 0.0 0.0 0.0 0.0 0.0 0.0 0.0 0.890294
Person 0.0 0 0.0 671.542969 216.079102 802.207031 551.206055 0.0 0.0 0.0 0.0 0.0 0.0 0.0 0.898053
Person 0.0 0 0.0 617.036133 10.217285 665.463867 193.601074 0.0 0.0 0.0 0.0 0.0 0.0 0.0 0.900179
Person 0.0 0 0.0 879.960938 27.619629 953.789062 266.374512 0.0 0.0 0.0 0.0 0.0 0.0 0.0 0.946001
Person 0.0 0 0.0 582.714844 14.304199 631.347656 164.597168 0.0 0.0 0.0 0.0 0.0 0.0 0.0 0.948728
Person 0.0 0 0.0 61.142578 145.810547 158.466797 343.564453 0.0 0.0 0.0 0.0 0.0 0.0 0.0 0.950411
Person 0.0 0 0.0 252.949219 358.461914 404.238281 716.791992 0.0 0.0 0.0 0.0 0.0 0.0 0.0 0.950960
Person 0.0 0 0.0 692.021484 15.029297 750.791016 228.208008 0.0 0.0 0.0 0.0 0.0 0.0 0.0 0.954478
