Person 0.0 0 0.0 0.761719 511.259766 142.558594 806.044922 0.0 0.0 0.0 0.0 0.0 0.0 0.0 0.637031
Person 0.0 0 0.0 1169.853516 21.752930 1207.646484 187.866211 0.0 0.0 0.0 0.0 0.0 0.0 0.0 0.654895
Person 0.0 0 0.0 557.958984 127.023926 644.853516 332.819824 0.0 0.0 0.0 0.0 0.0 0.0 0.0 0.737158
Person 0.0 0 0.0 446.660156 169.145508 537.714844 484.760742 0.0 0.0 0.0 0.0 0.0 0.0 0.0 0.771843
Person 0.0 0 0.0 137.006836 53.986816 179.868164 197.292480 0.0 0.0 0.0 0.0 0.0 0.0 0.0 0.836020
Person 0.0 0 0.0 1184.882812 100.920410 1278.867188 336.247559 0.0 0.0 0.0 0.0 0.0 0.0 0.0 0.838151
Person 0.0 0 0.0 1523.027344 472.104492 1750.722656 813.559570 0.0 0.0 0.0 0.0 0.0 0.0 0.0 0.843895
Person 0.0 0 0.0 604.980469 11.008301 666.269531 201.643066 0.0 0.0 0.0 0.0 0.0 0.0 0.0 0.874077
Person 0.0 0 0.0 785.859375 29.729004 870.703125 187.009277 0.0 0.0 0.0 0.0 0.0 0.0 0.0 0.886027
Person 0.0 0 0.0 79.160156 536.308594 308.964844 878.027344 0.0 0.0 0.0 0.0 0.0 0.0 0.0 0.895523
Person 0.0 0 0.0 1068.105469 304.277344 1196.894531 640.722656 0.0 0.0 0.0 0.0 0.0 0.0 0.0 0.897336
Person 0.0 0 0.0 754.833984 278.041992 873.603516 636.899414 0.0 0.0 0.0 0.0 0.0 0.0 0.0 0.899828
Person 0.0 0 0.0 1171.054688 94.394531 1228.945312 280.546875 0.0 0.0 0.0 0.0 0.0 0.0 0.0 0.909586
Person 0.0 0 0.0 525.937500 255.234375 689.062500 647.578125 0.0 0.0 0.0 0.0 0.0 0.0 0.0 0.919931
Person 0.0 0 0.0 510.673828 23.005371 559.013672 208.630371 0.0 0.0 0.0 0.0 0.0 0.0 0.0 0.925500
Person 0.0 0 0.0 204.433594 366.240234 396.035156 727.470703 0.0 0.0 0.0 0.0 0.0 0.0 0.0 0.935110
Person 0.0 0 0.0 287.167969 252.333984 414.550781 563.994141 0.0 0.0 0.0 0.0 0.0 0.0 0.0 0.935346
Person 0.0 0 0.0 690.703125 23.532715 759.609375 229.987793 0.0 0.0 0.0 0.0 0.0 0.0 0.0 0.936285
Person 0.0 0 0.0 579.873047 13.381348 633.251953 184.372559 0.0 0.0 0.0 0.0 0.0 0.0 0.0 0.936749
Person 0.0 0 0.0 871.582031 23.005371 944.355469 265.715332 0.0 0.0 0.0 0.0 0.0 0.0 0.0 0.944177
