Person 0.0 0 0.0 648.852539 74.421387 686.147461 284.172363 0.0 0.0 0.0 0.0 0.0 0.0 0.0 0.435902
Person 0.0 0 0.0 650.214844 44.362793 720.410156 281.271973 0.0 0.0 0.0 0.0 0.0 0.0 0.0 0.446495
Person 0.0 0 0.0 19.892578 46.933594 127.294922 208.828125 0.0 0.0 0.0 0.0 0.0 0.0 0.0 0.493164
Person 0.0 0 0.0 1114.130859 28.278809 1147.119141 153.918457 0.0 0.0 0.0 0.0 0.0 0.0 0.0 0.497070
Person 0.0 0 0.0 1216.289062 169.409180 1277.460938 375.864258 0.0 0.0 0.0 0.0 0.0 0.0 0.0 0.627951
Person 0.0 0 0.0 1168.315430 15.029297 1209.184570 191.293945 0.0 0.0 0.0 0.0 0.0 0.0 0.0 0.651355
Person 0.0 0 0.0 1.757812 661.948242 241.523438 980.200195 0.0 0.0 0.0 0.0 0.0 0.0 0.0 0.690142
Person 0.0 0 0.0 932.636719 3.229980 989.238281 148.645020 0.0 0.0 0.0 0.0 0.0 0.0 0.0 0.713032
Person 0.0 0 0.0 147.788086 48.845215 186.665039 191.491699 0.0 0.0 0.0 0.0 0.0 0.0 0.0 0.853913
Person 0.0 0 0.0 1466.250000 632.944336 1796.250000 1047.172852 0.0 0.0 0.0 0.0 0.0 0.0 0.0 0.862004
Person 0.0 0 0.0 921.093750 83.979492 1006.406250 345.805664 0.0 0.0 0.0 0.0 0.0 0.0 0.0 0.875361
Person 0.0 0 0.0 599.868164 17.600098 647.944336 211.662598 0.0 0.0 0.0 0.0 0.0 0.0 0.0 0.882833
Person 0.0 0 0.0 823.037109 95.844727 923.525391 386.938477 0.0 0.0 0.0 0.0 0.0 0.0 0.0 0.897695
Person 0.0 0 0.0 1344.960938 425.566406 1553.789062 733.535156 0.0 0.0 0.0 0.0 0.0 0.0 0.0 0.911810
Person 0.0 0 0.0 1072.470703 119.113770 1162.529297 367.888184 0.0 0.0 0.0 0.0 0.0 0.0 0.0 0.923868
Person 0.0 0 0.0 657.041016 74.157715 722.021484 306.320801 0.0 0.0 0.0 0.0 0.0 0.0 0.0 0.925769
Person 0.0 0 0.0 505.253906 14.106445 566.308594 197.358398 0.0 0.0 0.0 0.0 0.0 0.0 0.0 0.935817
Person 0.0 0 0.0 39.609375 181.867676 144.257812 436.179199 0.0 0.0 0.0 0.0 0.0 0.0 0.0 0.940353
Person 0.0 0 0.0 115.122070 71.191406 174.565430 234.931641 0.0 0.0 0.0 0.0 0.0 0.0 0.0 0.947575
Person 0.0 0 0.0 51.210938 445.737305 271.523438 820.942383 0.0 0.0 0.0 0.0 0.0 0.0 0.0 0.954137
