Person 0.0 0 0.0 1773.398438 656.938477 1918.000000 992.592773 0.0 0.0 0.0 0.0 0.0 0.0 0.0 0.462959
Person 0.0 0 0.0 1179.433594 48.845215 1229.941406 227.482910 0.0 0.0 0.0 0.0 0.0 0.0 0.0 0.514644
Person 0.0 0 0.0 1114.130859 28.608398 1147.119141 159.916992 0.0 0.0 0.0 0.0 0.0 0.0 0.0 0.525369
Person 0.0 0 0.0 137.958984 53.129883 179.619141 196.962891 0.0 0.0 0.0 0.0 0.0 0.0 0.0 0.775945
Person 0.0 0 0.0 0.820312 203.093262 75.761719 423.918457 0.0 0.0 0.0 0.0 0.0 0.0 0.0 0.812272
Person 0.0 0 0.0 918.676758 8.833008 955.385742 116.477051 0.0 0.0 0.0 0.0 0.0 0.0 0.0 0.814643
Person 0.0 0 0.0 94.804688 548.569336 304.335938 895.297852 0.0 0.0 0.0 0.0 0.0 0.0 0.0 0.830594
Person 0.0 0 0.0 1229.560547 162.487793 1303.564453 363.801270 0.0 0.0 0.0 0.0 0.0 0.0 0.0 0.834407
Person 0.0 0 0.0 952.031250 121.618652 1024.218750 390.432129 0.0 0.0 0.0 0.0 0.0 0.0 0.0 0.893309
Person 0.0 0 0.0 171.621094 373.095703 353.378906 740.654297 0.0 0.0 0.0 0.0 0.0 0.0 0.0 0.904987
Person 0.0 0 0.0 963.208008 4.910889 1013.041992 121.585693 0.0 0.0 0.0 0.0 0.0 0.0 0.0 0.908293
Person 0.0 0 0.0 588.120117 13.447266 629.692383 186.416016 0.0 0.0 0.0 0.0 0.0 0.0 0.0 0.917598
Person 0.0 0 0.0 606.665039 15.358887 657.084961 205.202637 0.0 0.0 0.0 0.0 0.0 0.0 0.0 0.918480
Person 0.0 0 0.0 509.033203 22.214355 558.779297 210.212402 0.0 0.0 0.0 0.0 0.0 0.0 0.0 0.921922
Person 0.0 0 0.0 830.332031 105.007324 914.355469 354.836426 0.0 0.0 0.0 0.0 0.0 0.0 0.0 0.931960
Person 0.0 0 0.0 1173.222656 74.685059 1264.277344 303.684082 0.0 0.0 0.0 0.0 0.0 0.0 0.0 0.946990
Person 0.0 0 0.0 723.222656 258.662109 830.214844 616.728516 0.0 0.0 0.0 0.0 0.0 0.0 0.0 0.949295
Person 0.0 0 0.0 1046.132812 108.039551 1121.367188 360.241699 0.0 0.0 0.0 0.0 0.0 0.0 0.0 0.953794
Person 0.0 0 0.0 903.896484 88.000488 995.478516 345.476074 0.0 0.0 0.0 0.0 0.0 0.0 0.0 0.956634
Person 0.0 0 0.0 1104.316406 125.837402 1186.933594 375.930176 0.0 0.0 0.0 0.0 0.0 0.0 0.0 0.960361
