Person 0.0 0 0.0 798.105469 32.695312 879.082031 189.843750 0.0 0.0 0.0 0.0 0.0 0.0 0.0 0.650467
Person 0.0 0 0.0 1110.820312 120.234375 1219.804688 372.832031 0.0 0.0 0.0 0.0 0.0 0.0 0.0 0.760651
Person 0.0 0 0.0 138.149414 53.459473 179.897461 197.424316 0.0 0.0 0.0 0.0 0.0 0.0 0.0 0.789234
Person 0.0 0 0.0 296.542969 275.668945 421.582031 574.409180 0.0 0.0 0.0 0.0 0.0 0.0 0.0 0.825027
Person 0.0 0 0.0 924.433594 169.541016 1053.691406 455.888672 0.0 0.0 0.0 0.0 0.0 0.0 0.0 0.859192
Person 0.0 0 0.0 807.744141 240.073242 906.005859 599.458008 0.0 0.0 0.0 0.0 0.0 0.0 0.0 0.862004
Person 0.0 0 0.0 78.925781 538.022461 309.199219 878.422852 0.0 0.0 0.0 0.0 0.0 0.0 0.0 0.875361
Person 0.0 0 0.0 1522.558594 469.863281 1739.941406 812.636719 0.0 0.0 0.0 0.0 0.0 0.0 0.0 0.876211
Person 0.0 0 0.0 961.464844 8.371582 1009.160156 169.870605 0.0 0.0 0.0 0.0 0.0 0.0 0.0 0.876634
Person 0.0 0 0.0 550.458984 129.067383 640.166016 420.952148 0.0 0.0 0.0 0.0 0.0 0.0 0.0 0.880797
Person 0.0 0 0.0 468.691406 302.958984 634.746094 732.216797 0.0 0.0 0.0 0.0 0.0 0.0 0.0 0.884838
Person 0.0 0 0.0 695.566406 219.243164 824.121094 551.733398 0.0 0.0 0.0 0.0 0.0 0.0 0.0 0.919931
Person 0.0 0 0.0 20.830078 163.015137 108.896484 349.826660 0.0 0.0 0.0 0.0 0.0 0.0 0.0 0.922482
Person 0.0 0 0.0 513.017578 21.489258 562.294922 209.355469 0.0 0.0 0.0 0.0 0.0 0.0 0.0 0.926835
Person 0.0 0 0.0 236.835938 359.384766 404.414062 724.833984 0.0 0.0 0.0 0.0 0.0 0.0 0.0 0.927363
Person 0.0 0 0.0 66.269531 65.390625 126.972656 208.564453 0.0 0.0 0.0 0.0 0.0 0.0 0.0 0.928409
Person 0.0 0 0.0 883.652344 22.082520 954.785156 262.946777 0.0 0.0 0.0 0.0 0.0 0.0 0.0 0.938576
Person 0.0 0 0.0 692.124023 14.963379 750.688477 229.592285 0.0 0.0 0.0 0.0 0.0 0.0 0.0 0.942507
Person 0.0 0 0.0 620.214844 10.085449 666.035156 208.894043 0.0 0.0 0.0 0.0 0.0 0.0 0.0 0.954137
Person 0.0 0 0.0 581.953125 14.567871 633.046875 181.076660 0.0 0.0 0.0 0.0 0.0 0.0 0.0 0.954478
