Person 0.0 0 0.0 610.708008 16.281738 649.291992 185.690918 0.0 0.0 0.0 0.0 0.0 0.0 0.0 0.369315
Person 0.0 0 0.0 790.839844 73.959961 861.035156 290.170898 0.0 0.0 0.0 0.0 0.0 0.0 0.0 0.438785
Person 0.0 0 0.0 1059.770508 22.346191 1098.354492 172.902832 0.0 0.0 0.0 0.0 0.0 0.0 0.0 0.440710
Person 0.0 0 0.0 1792.324219 689.897461 1918.000000 937.485352 0.0 0.0 0.0 0.0 0.0 0.0 0.0 0.484380
Person 0.0 0 0.0 19.921875 46.538086 127.500000 207.905273 0.0 0.0 0.0 0.0 0.0 0.0 0.0 0.541894
Person 0.0 0 0.0 1807.734375 400.056152 1918.000000 618.244629 0.0 0.0 0.0 0.0 0.0 0.0 0.0 0.648689
Person 0.0 0 0.0 1174.130859 26.103516 1208.994141 191.425781 0.0 0.0 0.0 0.0 0.0 0.0 0.0 0.739422
Person 0.0 0 0.0 0.878906 210.937500 107.695312 425.566406 0.0 0.0 0.0 0.0 0.0 0.0 0.0 0.777975
Person 0.0 0 0.0 149.707031 47.988281 188.964844 189.843750 0.0 0.0 0.0 0.0 0.0 0.0 0.0 0.875787
Person 0.0 0 0.0 942.919922 103.095703 1012.705078 380.478516 0.0 0.0 0.0 0.0 0.0 0.0 0.0 0.890675
Person 0.0 0 0.0 1228.447266 171.123047 1304.677734 370.986328 0.0 0.0 0.0 0.0 0.0 0.0 0.0 0.894789
Person 0.0 0 0.0 850.634766 101.645508 968.115234 399.331055 0.0 0.0 0.0 0.0 0.0 0.0 0.0 0.896251
Person 0.0 0 0.0 810.087891 116.806641 875.537109 369.404297 0.0 0.0 0.0 0.0 0.0 0.0 0.0 0.903294
Person 0.0 0 0.0 64.687500 575.332031 288.046875 926.542969 0.0 0.0 0.0 0.0 0.0 0.0 0.0 0.918772
Person 0.0 0 0.0 509.443359 19.445801 560.244141 206.257324 0.0 0.0 0.0 0.0 0.0 0.0 0.0 0.923868
Person 0.0 0 0.0 596.953125 18.259277 648.046875 211.003418 0.0 0.0 0.0 0.0 0.0 0.0 0.0 0.930458
Person 0.0 0 0.0 1090.781250 126.760254 1176.093750 378.435059 0.0 0.0 0.0 0.0 0.0 0.0 0.0 0.937669
Person 0.0 0 0.0 1070.039062 40.078125 1149.960938 213.837891 0.0 0.0 0.0 0.0 0.0 0.0 0.0 0.952926
Person 0.0 0 0.0 750.161133 69.741211 799.526367 271.713867 0.0 0.0 0.0 0.0 0.0 0.0 0.0 0.955152
Person 0.0 0 0.0 92.285156 413.437500 309.667969 766.757812 0.0 0.0 0.0 0.0 0.0 0.0 0.0 0.958382
