Person 0.0 0 0.0 1173.955078 18.325195 1209.169922 191.293945 0.0 0.0 0.0 0.0 0.0 0.0 0.0 0.675765
Person 0.0 0 0.0 773.964844 211.069336 849.785156 558.852539 0.0 0.0 0.0 0.0 0.0 0.0 0.0 0.690142
Person 0.0 0 0.0 138.339844 52.141113 180.410156 197.028809 0.0 0.0 0.0 0.0 0.0 0.0 0.0 0.727201
Person 0.0 0 0.0 1238.437500 162.751465 1305.937500 365.119629 0.0 0.0 0.0 0.0 0.0 0.0 0.0 0.849971
Person 0.0 0 0.0 1535.273438 464.326172 1770.351562 799.189453 0.0 0.0 0.0 0.0 0.0 0.0 0.0 0.868381
Person 0.0 0 0.0 625.957031 10.217285 672.480469 165.520020 0.0 0.0 0.0 0.0 0.0 0.0 0.0 0.872347
Person 0.0 0 0.0 80.449219 536.044922 309.550781 878.291016 0.0 0.0 0.0 0.0 0.0 0.0 0.0 0.888759
Person 0.0 0 0.0 780.322266 53.459473 862.177734 272.966309 0.0 0.0 0.0 0.0 0.0 0.0 0.0 0.908618
Person 0.0 0 0.0 503.979492 22.675781 556.333008 157.280273 0.0 0.0 0.0 0.0 0.0 0.0 0.0 0.917006
Person 0.0 0 0.0 913.447266 153.193359 999.052734 418.447266 0.0 0.0 0.0 0.0 0.0 0.0 0.0 0.921922
Person 0.0 0 0.0 961.728516 5.471191 1008.896484 170.266113 0.0 0.0 0.0 0.0 0.0 0.0 0.0 0.922482
Person 0.0 0 0.0 986.748047 166.640625 1088.876953 487.265625 0.0 0.0 0.0 0.0 0.0 0.0 0.0 0.923039
Person 0.0 0 0.0 485.976562 148.974609 579.960938 441.123047 0.0 0.0 0.0 0.0 0.0 0.0 0.0 0.927363
Person 0.0 0 0.0 639.902344 115.224609 733.535156 404.736328 0.0 0.0 0.0 0.0 0.0 0.0 0.0 0.930458
Person 0.0 0 0.0 695.947266 39.089355 755.302734 237.502441 0.0 0.0 0.0 0.0 0.0 0.0 0.0 0.931213
Person 0.0 0 0.0 1094.941406 120.102539 1183.183594 376.918945 0.0 0.0 0.0 0.0 0.0 0.0 0.0 0.934634
Person 0.0 0 0.0 790.839844 252.861328 922.910156 618.837891 0.0 0.0 0.0 0.0 0.0 0.0 0.0 0.940134
Person 0.0 0 0.0 869.912109 42.648926 951.650391 269.538574 0.0 0.0 0.0 0.0 0.0 0.0 0.0 0.941868
Person 0.0 0 0.0 174.433594 364.394531 399.785156 721.933594 0.0 0.0 0.0 0.0 0.0 0.0 0.0 0.952397
Person 0.0 0 0.0 580.751953 15.292969 637.998047 187.075195 0.0 0.0 0.0 0.0 0.0 0.0 0.0 0.963506
