Person 0.0 0 0.0 798.984375 82.661133 866.953125 350.551758 0.0 0.0 0.0 0.0 0.0 0.0 0.0 0.419648
Person 0.0 0 0.0 18.574219 46.933594 117.949219 188.789062 0.0 0.0 0.0 0.0 0.0 0.0 0.0 0.510741
Person 0.0 0 0.0 1108.330078 27.290039 1147.294922 171.914062 0.0 0.0 0.0 0.0 0.0 0.0 0.0 0.511717
Person 0.0 0 0.0 1808.261719 406.186523 1918.000000 618.969727 0.0 0.0 0.0 0.0 0.0 0.0 0.0 0.526343
Person 0.0 0 0.0 98.671875 568.344727 287.343750 940.913086 0.0 0.0 0.0 0.0 0.0 0.0 0.0 0.529263
Person 0.0 0 0.0 749.560547 68.686523 791.689453 270.922852 0.0 0.0 0.0 0.0 0.0 0.0 0.0 0.628863
Person 0.0 0 0.0 1175.756836 23.664551 1209.243164 190.437012 0.0 0.0 0.0 0.0 0.0 0.0 0.0 0.633410
Person 0.0 0 0.0 0.498047 345.014648 119.736328 662.739258 0.0 0.0 0.0 0.0 0.0 0.0 0.0 0.676620
Person 0.0 0 0.0 1576.933594 467.226562 1769.941406 792.070312 0.0 0.0 0.0 0.0 0.0 0.0 0.0 0.740925
Person 0.0 0 0.0 776.250000 75.278320 840.000000 297.290039 0.0 0.0 0.0 0.0 0.0 0.0 0.0 0.757794
Person 0.0 0 0.0 928.828125 4.284668 985.546875 165.520020 0.0 0.0 0.0 0.0 0.0 0.0 0.0 0.786623
Person 0.0 0 0.0 144.990234 48.977051 187.119141 191.359863 0.0 0.0 0.0 0.0 0.0 0.0 0.0 0.825027
Person 0.0 0 0.0 1215.380859 156.555176 1285.869141 370.788574 0.0 0.0 0.0 0.0 0.0 0.0 0.0 0.842345
Person 0.0 0 0.0 806.074219 99.404297 917.050781 393.134766 0.0 0.0 0.0 0.0 0.0 0.0 0.0 0.877477
Person 0.0 0 0.0 510.043945 20.632324 561.518555 205.861816 0.0 0.0 0.0 0.0 0.0 0.0 0.0 0.878731
Person 0.0 0 0.0 597.788086 16.479492 654.711914 210.014648 0.0 0.0 0.0 0.0 0.0 0.0 0.0 0.889144
Person 0.0 0 0.0 927.773438 106.127930 1003.476562 382.983398 0.0 0.0 0.0 0.0 0.0 0.0 0.0 0.889912
Person 0.0 0 0.0 95.507812 408.823242 320.039062 758.715820 0.0 0.0 0.0 0.0 0.0 0.0 0.0 0.915205
Person 0.0 0 0.0 1101.093750 122.343750 1184.531250 378.369141 0.0 0.0 0.0 0.0 0.0 0.0 0.0 0.936749
Person 0.0 0 0.0 75.908203 161.564941 169.716797 358.923340 0.0 0.0 0.0 0.0 0.0 0.0 0.0 0.954984
