Person 0.0 0 0.0 71.088867 61.699219 115.473633 208.564453 0.0 0.0 0.0 0.0 0.0 0.0 0.0 0.434941
Person 0.0 0 0.0 1806.562500 331.501465 1909.687500 562.346191 0.0 0.0 0.0 0.0 0.0 0.0 0.0 0.438785
Person 0.0 0 0.0 1310.332031 74.849854 1348.417969 170.101318 0.0 0.0 0.0 0.0 0.0 0.0 0.0 0.466846
Person 0.0 0 0.0 745.751953 72.443848 791.748047 265.056152 0.0 0.0 0.0 0.0 0.0 0.0 0.0 0.534127
Person 0.0 0 0.0 1175.815430 26.466064 1209.184570 128.177490 0.0 0.0 0.0 0.0 0.0 0.0 0.0 0.544801
Person 0.0 0 0.0 0.175781 432.949219 95.390625 705.058594 0.0 0.0 0.0 0.0 0.0 0.0 0.0 0.551574
Person 0.0 0 0.0 1271.630859 84.243164 1328.994141 213.442383 0.0 0.0 0.0 0.0 0.0 0.0 0.0 0.649579
Person 0.0 0 0.0 1504.687500 413.569336 1690.312500 774.008789 0.0 0.0 0.0 0.0 0.0 0.0 0.0 0.793106
Person 0.0 0 0.0 931.918945 3.889160 988.081055 166.838379 0.0 0.0 0.0 0.0 0.0 0.0 0.0 0.795022
Person 0.0 0 0.0 1214.296875 165.981445 1296.328125 369.799805 0.0 0.0 0.0 0.0 0.0 0.0 0.0 0.845433
Person 0.0 0 0.0 802.441406 98.217773 927.246094 392.475586 0.0 0.0 0.0 0.0 0.0 0.0 0.0 0.848471
Person 0.0 0 0.0 922.089844 109.885254 1009.160156 371.052246 0.0 0.0 0.0 0.0 0.0 0.0 0.0 0.892563
Person 0.0 0 0.0 72.773438 588.515625 295.429688 940.781250 0.0 0.0 0.0 0.0 0.0 0.0 0.0 0.907640
Person 0.0 0 0.0 509.575195 19.907227 565.737305 206.191406 0.0 0.0 0.0 0.0 0.0 0.0 0.0 0.913677
Person 0.0 0 0.0 599.208984 17.797852 653.291016 210.278320 0.0 0.0 0.0 0.0 0.0 0.0 0.0 0.914291
Person 0.0 0 0.0 1105.517578 123.068848 1206.357422 374.479980 0.0 0.0 0.0 0.0 0.0 0.0 0.0 0.915205
Person 0.0 0 0.0 134.165039 53.525391 186.225586 191.425781 0.0 0.0 0.0 0.0 0.0 0.0 0.0 0.917598
Person 0.0 0 0.0 756.445312 75.739746 820.429688 303.156738 0.0 0.0 0.0 0.0 0.0 0.0 0.0 0.935346
Person 0.0 0 0.0 91.406250 416.733398 323.437500 768.735352 0.0 0.0 0.0 0.0 0.0 0.0 0.0 0.937211
Person 0.0 0 0.0 85.839844 160.576172 178.769531 358.857422 0.0 0.0 0.0 0.0 0.0 0.0 0.0 0.945399
