Person 0.0 0 0.0 1776.269531 713.364258 1918.000000 1045.854492 0.0 0.0 0.0 0.0 0.0 0.0 0.0 0.423458
Person 0.0 0 0.0 18.486328 46.735840 127.880859 208.103027 0.0 0.0 0.0 0.0 0.0 0.0 0.0 0.458106
Person 0.0 0 0.0 0.585938 189.843750 68.203125 415.019531 0.0 0.0 0.0 0.0 0.0 0.0 0.0 0.503906
Person 0.0 0 0.0 1175.815430 28.081055 1209.184570 190.634766 0.0 0.0 0.0 0.0 0.0 0.0 0.0 0.686790
Person 0.0 0 0.0 590.991211 15.292969 628.696289 188.129883 0.0 0.0 0.0 0.0 0.0 0.0 0.0 0.798187
Person 0.0 0 0.0 909.667969 7.152100 946.582031 109.918213 0.0 0.0 0.0 0.0 0.0 0.0 0.0 0.821617
Person 0.0 0 0.0 824.340820 106.853027 881.909180 368.020020 0.0 0.0 0.0 0.0 0.0 0.0 0.0 0.848972
Person 0.0 0 0.0 605.156250 15.556641 656.718750 205.400391 0.0 0.0 0.0 0.0 0.0 0.0 0.0 0.860134
Person 0.0 0 0.0 1234.628906 166.508789 1300.371094 366.372070 0.0 0.0 0.0 0.0 0.0 0.0 0.0 0.883638
Person 0.0 0 0.0 85.019531 550.283203 304.277344 895.693359 0.0 0.0 0.0 0.0 0.0 0.0 0.0 0.891055
Person 0.0 0 0.0 951.562500 6.064453 1009.687500 159.521484 0.0 0.0 0.0 0.0 0.0 0.0 0.0 0.893681
Person 0.0 0 0.0 143.012695 47.263184 190.268555 189.250488 0.0 0.0 0.0 0.0 0.0 0.0 0.0 0.894052
Person 0.0 0 0.0 871.464844 102.304688 977.285156 402.626953 0.0 0.0 0.0 0.0 0.0 0.0 0.0 0.913368
Person 0.0 0 0.0 952.675781 99.931641 1016.074219 379.951172 0.0 0.0 0.0 0.0 0.0 0.0 0.0 0.925500
Person 0.0 0 0.0 1100.947266 120.827637 1184.677734 378.303223 0.0 0.0 0.0 0.0 0.0 0.0 0.0 0.930711
Person 0.0 0 0.0 1093.403320 52.141113 1150.971680 240.798340 0.0 0.0 0.0 0.0 0.0 0.0 0.0 0.937669
Person 0.0 0 0.0 501.796875 22.346191 552.890625 207.707520 0.0 0.0 0.0 0.0 0.0 0.0 0.0 0.941439
Person 0.0 0 0.0 676.962891 178.769531 781.787109 494.121094 0.0 0.0 0.0 0.0 0.0 0.0 0.0 0.946990
Person 0.0 0 0.0 511.640625 118.125000 596.484375 374.677734 0.0 0.0 0.0 0.0 0.0 0.0 0.0 0.954137
Person 0.0 0 0.0 188.554688 377.182617 358.476562 727.075195 0.0 0.0 0.0 0.0 0.0 0.0 0.0 0.960657
