Person 0.0 0 0.0 1773.281250 661.420898 1918.000000 993.383789 0.0 0.0 0.0 0.0 0.0 0.0 0.0 0.453262
Person 0.0 0 0.0 19.306641 46.604004 127.880859 207.839355 0.0 0.0 0.0 0.0 0.0 0.0 0.0 0.574633
Person 0.0 0 0.0 137.783203 52.734375 180.263672 196.831055 0.0 0.0 0.0 0.0 0.0 0.0 0.0 0.751283
Person 0.0 0 0.0 1296.884766 77.189941 1361.865234 207.048340 0.0 0.0 0.0 0.0 0.0 0.0 0.0 0.754915
Person 0.0 0 0.0 1179.140625 46.010742 1230.234375 214.365234 0.0 0.0 0.0 0.0 0.0 0.0 0.0 0.849472
Person 0.0 0 0.0 87.011719 546.328125 305.097656 895.429688 0.0 0.0 0.0 0.0 0.0 0.0 0.0 0.853913
Person 0.0 0 0.0 1230.703125 162.290039 1298.671875 363.208008 0.0 0.0 0.0 0.0 0.0 0.0 0.0 0.861072
Person 0.0 0 0.0 963.398438 6.558838 1012.851562 117.828369 0.0 0.0 0.0 0.0 0.0 0.0 0.0 0.889144
Person 0.0 0 0.0 588.457031 13.776855 627.480469 186.481934 0.0 0.0 0.0 0.0 0.0 0.0 0.0 0.906322
Person 0.0 0 0.0 952.822266 113.247070 1029.052734 390.102539 0.0 0.0 0.0 0.0 0.0 0.0 0.0 0.912748
Person 0.0 0 0.0 507.290039 21.818848 557.709961 210.212402 0.0 0.0 0.0 0.0 0.0 0.0 0.0 0.914291
Person 0.0 0 0.0 1105.253906 119.179688 1187.871094 376.523438 0.0 0.0 0.0 0.0 0.0 0.0 0.0 0.920218
Person 0.0 0 0.0 1662.480469 479.355469 1881.269531 784.160156 0.0 0.0 0.0 0.0 0.0 0.0 0.0 0.920504
Person 0.0 0 0.0 828.310547 103.293457 905.126953 349.167480 0.0 0.0 0.0 0.0 0.0 0.0 0.0 0.921640
Person 0.0 0 0.0 610.195312 14.304199 659.179688 205.861816 0.0 0.0 0.0 0.0 0.0 0.0 0.0 0.923316
Person 0.0 0 0.0 726.914062 255.629883 835.898438 616.069336 0.0 0.0 0.0 0.0 0.0 0.0 0.0 0.926037
Person 0.0 0 0.0 150.996094 377.841797 366.503906 738.017578 0.0 0.0 0.0 0.0 0.0 0.0 0.0 0.941439
Person 0.0 0 0.0 900.908203 82.858887 970.341797 344.289551 0.0 0.0 0.0 0.0 0.0 0.0 0.0 0.951142
Person 0.0 0 0.0 1068.251953 74.223633 1136.748047 312.055664 0.0 0.0 0.0 0.0 0.0 0.0 0.0 0.955319
Person 0.0 0 0.0 1187.021484 67.829590 1272.978516 302.893066 0.0 0.0 0.0 0.0 0.0 0.0 0.0 0.966028
