Person 0.0 0 0.0 136.860352 53.393555 178.374023 197.490234 0.0 0.0 0.0 0.0 0.0 0.0 0.0 0.731059
Person 0.0 0 0.0 1197.099609 155.566406 1296.650391 367.294922 0.0 0.0 0.0 0.0 0.0 0.0 0.0 0.867934
Person 0.0 0 0.0 312.304688 296.894531 433.945312 592.734375 0.0 0.0 0.0 0.0 0.0 0.0 0.0 0.871037
Person 0.0 0 0.0 74.062500 541.186523 309.140625 878.422852 0.0 0.0 0.0 0.0 0.0 0.0 0.0 0.875361
Person 0.0 0 0.0 67.250977 65.324707 127.045898 208.630371 0.0 0.0 0.0 0.0 0.0 0.0 0.0 0.876211
Person 0.0 0 0.0 1291.289062 514.951172 1532.460938 893.056641 0.0 0.0 0.0 0.0 0.0 0.0 0.0 0.879974
Person 0.0 0 0.0 1181.953125 884.421387 1424.296875 1073.078613 0.0 0.0 0.0 0.0 0.0 0.0 0.0 0.884039
Person 0.0 0 0.0 657.070312 384.433594 820.429688 839.003906 0.0 0.0 0.0 0.0 0.0 0.0 0.0 0.885632
Person 0.0 0 0.0 961.376953 7.646484 1007.373047 170.332031 0.0 0.0 0.0 0.0 0.0 0.0 0.0 0.887984
Person 0.0 0 0.0 810.937500 25.773926 872.812500 196.369629 0.0 0.0 0.0 0.0 0.0 0.0 0.0 0.896614
Person 0.0 0 0.0 631.713867 11.931152 667.661133 201.379395 0.0 0.0 0.0 0.0 0.0 0.0 0.0 0.908618
Person 0.0 0 0.0 963.544922 156.752930 1057.705078 444.418945 0.0 0.0 0.0 0.0 0.0 0.0 0.0 0.911180
Person 0.0 0 0.0 507.392578 21.818848 557.607422 209.421387 0.0 0.0 0.0 0.0 0.0 0.0 0.0 0.921074
Person 0.0 0 0.0 1080.468750 122.145996 1162.031250 378.566895 0.0 0.0 0.0 0.0 0.0 0.0 0.0 0.924142
Person 0.0 0 0.0 212.343750 365.449219 402.656250 722.988281 0.0 0.0 0.0 0.0 0.0 0.0 0.0 0.927100
Person 0.0 0 0.0 545.712891 128.935547 640.224609 421.083984 0.0 0.0 0.0 0.0 0.0 0.0 0.0 0.927363
Person 0.0 0 0.0 737.841797 206.586914 838.095703 502.163086 0.0 0.0 0.0 0.0 0.0 0.0 0.0 0.936749
Person 0.0 0 0.0 692.124023 14.831543 750.688477 230.119629 0.0 0.0 0.0 0.0 0.0 0.0 0.0 0.955651
Person 0.0 0 0.0 583.608398 13.315430 636.079102 178.901367 0.0 0.0 0.0 0.0 0.0 0.0 0.0 0.956145
Person 0.0 0 0.0 884.062500 21.752930 949.687500 261.694336 0.0 0.0 0.0 0.0 0.0 0.0 0.0 0.959913
