Person 0.0 0 0.0 1838.408203 318.713379 1918.000000 529.255371 0.0 0.0 0.0 0.0 0.0 0.0 0.0 0.588889
Person 0.0 0 0.0 1115.200195 27.355957 1147.924805 163.542480 0.0 0.0 0.0 0.0 0.0 0.0 0.0 0.614163
Person 0.0 0 0.0 1174.130859 19.379883 1207.119141 188.789062 0.0 0.0 0.0 0.0 0.0 0.0 0.0 0.651355
Person 0.0 0 0.0 919.775391 8.503418 958.974609 85.693359 0.0 0.0 0.0 0.0 0.0 0.0 0.0 0.676620
Person 0.0 0 0.0 139.716797 52.009277 181.376953 196.765137 0.0 0.0 0.0 0.0 0.0 0.0 0.0 0.803174
Person 0.0 0 0.0 616.508789 13.645020 656.616211 205.729980 0.0 0.0 0.0 0.0 0.0 0.0 0.0 0.823896
Person 0.0 0 0.0 84.257812 561.884766 304.570312 903.076172 0.0 0.0 0.0 0.0 0.0 0.0 0.0 0.827271
Person 0.0 0 0.0 1232.138672 164.135742 1302.861328 366.372070 0.0 0.0 0.0 0.0 0.0 0.0 0.0 0.833325
Person 0.0 0 0.0 1529.941406 464.721680 1728.808594 849.418945 0.0 0.0 0.0 0.0 0.0 0.0 0.0 0.868381
Person 0.0 0 0.0 963.398438 7.382812 1012.851562 164.926758 0.0 0.0 0.0 0.0 0.0 0.0 0.0 0.879974
Person 0.0 0 0.0 757.529297 261.298828 871.845703 617.255859 0.0 0.0 0.0 0.0 0.0 0.0 0.0 0.911810
Person 0.0 0 0.0 1180.634766 49.042969 1264.365234 227.548828 0.0 0.0 0.0 0.0 0.0 0.0 0.0 0.913058
Person 0.0 0 0.0 510.014648 22.346191 559.672852 209.289551 0.0 0.0 0.0 0.0 0.0 0.0 0.0 0.914596
Person 0.0 0 0.0 828.134766 228.867188 911.865234 545.273438 0.0 0.0 0.0 0.0 0.0 0.0 0.0 0.915507
Person 0.0 0 0.0 1105.283203 120.234375 1185.966797 375.996094 0.0 0.0 0.0 0.0 0.0 0.0 0.0 0.916708
Person 0.0 0 0.0 893.906250 102.568359 977.343750 363.339844 0.0 0.0 0.0 0.0 0.0 0.0 0.0 0.920504
Person 0.0 0 0.0 973.681641 116.806641 1085.068359 391.025391 0.0 0.0 0.0 0.0 0.0 0.0 0.0 0.924142
Person 0.0 0 0.0 187.910156 370.854492 364.277344 742.895508 0.0 0.0 0.0 0.0 0.0 0.0 0.0 0.939471
Person 0.0 0 0.0 700.488281 58.139648 774.199219 283.315430 0.0 0.0 0.0 0.0 0.0 0.0 0.0 0.944177
Person 0.0 0 0.0 588.471680 13.645020 634.028320 187.668457 0.0 0.0 0.0 0.0 0.0 0.0 0.0 0.950411
