Person 0.0 0 0.0 19.482422 46.801758 126.884766 208.432617 0.0 0.0 0.0 0.0 0.0 0.0 0.0 0.525369
Person 0.0 0 0.0 789.843750 223.725586 912.656250 558.325195 0.0 0.0 0.0 0.0 0.0 0.0 0.0 0.579400
Person 0.0 0 0.0 1175.756836 16.875000 1209.243164 183.383789 0.0 0.0 0.0 0.0 0.0 0.0 0.0 0.607663
Person 0.0 0 0.0 918.808594 8.800049 955.253906 119.080811 0.0 0.0 0.0 0.0 0.0 0.0 0.0 0.644225
Person 0.0 0 0.0 0.585938 193.601074 78.105469 417.590332 0.0 0.0 0.0 0.0 0.0 0.0 0.0 0.684264
Person 0.0 0 0.0 139.555664 53.854980 179.663086 197.028809 0.0 0.0 0.0 0.0 0.0 0.0 0.0 0.756358
Person 0.0 0 0.0 1231.845703 166.245117 1305.029297 364.790039 0.0 0.0 0.0 0.0 0.0 0.0 0.0 0.773901
Person 0.0 0 0.0 587.944336 13.513184 630.805664 186.745605 0.0 0.0 0.0 0.0 0.0 0.0 0.0 0.827271
Person 0.0 0 0.0 769.833984 108.764648 847.353516 369.799805 0.0 0.0 0.0 0.0 0.0 0.0 0.0 0.850469
Person 0.0 0 0.0 70.195312 558.193359 307.851562 903.603516 0.0 0.0 0.0 0.0 0.0 0.0 0.0 0.851953
Person 0.0 0 0.0 508.652344 22.346191 559.160156 209.685059 0.0 0.0 0.0 0.0 0.0 0.0 0.0 0.878731
Person 0.0 0 0.0 1350.703125 432.949219 1555.546875 801.035156 0.0 0.0 0.0 0.0 0.0 0.0 0.0 0.883236
Person 0.0 0 0.0 809.091797 262.617188 923.408203 621.210938 0.0 0.0 0.0 0.0 0.0 0.0 0.0 0.908618
Person 0.0 0 0.0 960.805664 7.778320 1013.569336 164.267578 0.0 0.0 0.0 0.0 0.0 0.0 0.0 0.911180
Person 0.0 0 0.0 1241.308594 74.685059 1303.066406 256.223145 0.0 0.0 0.0 0.0 0.0 0.0 0.0 0.920790
Person 0.0 0 0.0 697.895508 48.647461 751.479492 256.157227 0.0 0.0 0.0 0.0 0.0 0.0 0.0 0.925230
Person 0.0 0 0.0 914.414062 127.485352 994.335938 426.752930 0.0 0.0 0.0 0.0 0.0 0.0 0.0 0.927888
Person 0.0 0 0.0 152.812500 378.105469 369.375000 731.425781 0.0 0.0 0.0 0.0 0.0 0.0 0.0 0.937440
Person 0.0 0 0.0 1103.789062 120.629883 1200.585938 376.391602 0.0 0.0 0.0 0.0 0.0 0.0 0.0 0.941223
Person 0.0 0 0.0 971.835938 95.712891 1064.414062 396.826172 0.0 0.0 0.0 0.0 0.0 0.0 0.0 0.944177
