Person 0.0 0 0.0 1777.382812 727.338867 1918.000000 1040.317383 0.0 0.0 0.0 0.0 0.0 0.0 0.0 0.448426
Person 0.0 0 0.0 0.380859 190.898438 67.353516 415.546875 0.0 0.0 0.0 0.0 0.0 0.0 0.0 0.493164
Person 0.0 0 0.0 18.486328 46.867676 127.880859 207.971191 0.0 0.0 0.0 0.0 0.0 0.0 0.0 0.536070
Person 0.0 0 0.0 912.319336 7.250977 955.180664 149.633789 0.0 0.0 0.0 0.0 0.0 0.0 0.0 0.658418
Person 0.0 0 0.0 1174.819336 22.478027 1208.305664 190.173340 0.0 0.0 0.0 0.0 0.0 0.0 0.0 0.685949
Person 0.0 0 0.0 591.240234 16.083984 628.447266 187.998047 0.0 0.0 0.0 0.0 0.0 0.0 0.0 0.688468
Person 0.0 0 0.0 1229.794922 159.785156 1305.205078 364.921875 0.0 0.0 0.0 0.0 0.0 0.0 0.0 0.803791
Person 0.0 0 0.0 960.366211 7.316895 1012.133789 155.104980 0.0 0.0 0.0 0.0 0.0 0.0 0.0 0.856332
Person 0.0 0 0.0 606.342773 15.820312 656.469727 205.532227 0.0 0.0 0.0 0.0 0.0 0.0 0.0 0.871037
Person 0.0 0 0.0 82.558594 548.437500 304.863281 895.429688 0.0 0.0 0.0 0.0 0.0 0.0 0.0 0.873215
Person 0.0 0 0.0 869.824219 103.623047 982.675781 402.363281 0.0 0.0 0.0 0.0 0.0 0.0 0.0 0.877056
Person 0.0 0 0.0 822.011719 108.698730 884.238281 368.020020 0.0 0.0 0.0 0.0 0.0 0.0 0.0 0.898767
Person 0.0 0 0.0 141.401367 48.515625 187.661133 188.920898 0.0 0.0 0.0 0.0 0.0 0.0 0.0 0.904313
Person 0.0 0 0.0 193.476562 371.777344 347.460938 731.425781 0.0 0.0 0.0 0.0 0.0 0.0 0.0 0.924959
Person 0.0 0 0.0 952.734375 103.359375 1016.015625 380.214844 0.0 0.0 0.0 0.0 0.0 0.0 0.0 0.925500
Person 0.0 0 0.0 1093.505859 53.261719 1152.744141 240.205078 0.0 0.0 0.0 0.0 0.0 0.0 0.0 0.928409
Person 0.0 0 0.0 499.101562 23.005371 552.773438 209.816895 0.0 0.0 0.0 0.0 0.0 0.0 0.0 0.936285
Person 0.0 0 0.0 284.707031 272.900391 425.449219 580.869141 0.0 0.0 0.0 0.0 0.0 0.0 0.0 0.944791
Person 0.0 0 0.0 1100.156250 118.718262 1189.218750 378.566895 0.0 0.0 0.0 0.0 0.0 0.0 0.0 0.950960
Person 0.0 0 0.0 512.197266 118.520508 595.927734 374.545898 0.0 0.0 0.0 0.0 0.0 0.0 0.0 0.963506
