Person 0.0 0 0.0 1175.947266 14.765625 1209.052734 190.107422 0.0 0.0 0.0 0.0 0.0 0.0 0.0 0.639736
Person 0.0 0 0.0 811.933594 25.378418 873.691406 166.442871 0.0 0.0 0.0 0.0 0.0 0.0 0.0 0.757794
Person 0.0 0 0.0 138.354492 53.327637 181.567383 197.556152 0.0 0.0 0.0 0.0 0.0 0.0 0.0 0.824462
Person 0.0 0 0.0 1189.599609 135.329590 1262.900391 374.875488 0.0 0.0 0.0 0.0 0.0 0.0 0.0 0.857291
Person 0.0 0 0.0 83.203125 535.649414 308.906250 878.686523 0.0 0.0 0.0 0.0 0.0 0.0 0.0 0.880386
Person 0.0 0 0.0 313.359375 298.081055 434.296875 593.657227 0.0 0.0 0.0 0.0 0.0 0.0 0.0 0.880797
Person 0.0 0 0.0 63.750000 66.049805 126.679688 208.959961 0.0 0.0 0.0 0.0 0.0 0.0 0.0 0.893681
Person 0.0 0 0.0 961.918945 7.976074 1008.706055 172.243652 0.0 0.0 0.0 0.0 0.0 0.0 0.0 0.899475
Person 0.0 0 0.0 1094.121094 111.335449 1180.253906 371.184082 0.0 0.0 0.0 0.0 0.0 0.0 0.0 0.908293
Person 0.0 0 0.0 543.632812 129.858398 641.367188 359.252930 0.0 0.0 0.0 0.0 0.0 0.0 0.0 0.920790
Person 0.0 0 0.0 815.742188 235.722656 926.132812 599.589844 0.0 0.0 0.0 0.0 0.0 0.0 0.0 0.929951
Person 0.0 0 0.0 511.362305 22.016602 562.075195 208.828125 0.0 0.0 0.0 0.0 0.0 0.0 0.0 0.937669
Person 0.0 0 0.0 1438.476562 501.767578 1704.023438 851.396484 0.0 0.0 0.0 0.0 0.0 0.0 0.0 0.940134
Person 0.0 0 0.0 198.222656 365.053711 402.714844 723.383789 0.0 0.0 0.0 0.0 0.0 0.0 0.0 0.944995
Person 0.0 0 0.0 945.761719 158.994141 1047.363281 450.087891 0.0 0.0 0.0 0.0 0.0 0.0 0.0 0.949295
Person 0.0 0 0.0 615.146484 9.689941 666.416016 201.379395 0.0 0.0 0.0 0.0 0.0 0.0 0.0 0.950411
Person 0.0 0 0.0 582.392578 14.304199 632.607422 180.021973 0.0 0.0 0.0 0.0 0.0 0.0 0.0 0.958847
Person 0.0 0 0.0 699.960938 204.082031 800.039062 551.074219 0.0 0.0 0.0 0.0 0.0 0.0 0.0 0.960657
Person 0.0 0 0.0 884.121094 22.609863 945.878906 262.419434 0.0 0.0 0.0 0.0 0.0 0.0 0.0 0.964187
Person 0.0 0 0.0 692.065430 14.501953 750.747070 229.526367 0.0 0.0 0.0 0.0 0.0 0.0 0.0 0.968856
